fecha_hora;lat;lon;altitud;SOC;odometro;vel;AC;calefaccion;cargando;km_restantes;carga_bat_aux;voltaje;corriente;rpm
2022-11-03 08:37:23;-36,79998;-73,05872;43,6;74;7073,2;0;0;0;0;;25053;539,4;2;
2022-11-03 08:40:23;-36,79998;-73,05872;43,6;74;7073,2;0;0;0;1;;25053;539,9;0;
2022-11-03 08:40:53;-36,79998;-73,05872;43,6;74;7073,2;0;0;0;1;;27005;542;-10,6;
2022-11-03 08:42:56;-36,79998;-73,05872;43,6;74,1;7073,2;0;0;0;1;;27005;543;-10,6;
2022-11-03 08:42:59;-36,79998;-73,05872;43,6;74,1;7073,2;0;0;0;1;;27005;543,5;-10,9;
2022-11-03 08:43:05;-36,79998;-73,05872;43,6;74,1;7073,2;0;0;0;1;;27005;544;-10,6;
2022-11-03 08:43:05;-36,79998;-73,05872;43,6;74,2;7073,2;0;0;0;1;;27005;544,5;-10,9;
2022-11-03 08:43:23;-36,79998;-73,05872;43,6;74,2;7073,2;0;0;0;1;;27005;545;-10,9;
2022-11-03 08:43:53;-36,79998;-73,05872;43,6;74,3;7073,2;0;0;0;1;;27005;545;-10,6;
2022-11-03 08:44:23;-36,79998;-73,05872;43,6;74,3;7073,2;0;0;0;1;;27005;545,5;-10,6;
2022-11-03 08:46:59;-36,79998;-73,05872;43,6;74,3;7073,2;0;0;0;0;;25570;542,5;1,7;
2022-11-03 08:47:29;-36,79998;-73,05872;43,6;74,3;7073,2;0;0;0;0;;25570;542;1,1;
2022-11-03 08:47:59;-36,79998;-73,05872;43,6;74,3;7073,2;0;0;0;0;;27005;541,4;1,7;
2022-11-03 08:48:29;-36,79998;-73,05872;23;74,3;7073,3;1;0;0;0;;27005;541,4;1,1;
2022-11-03 08:48:59;-36,79998;-73,05872;22,7;74,3;7073,3;0;0;0;0;;27005;541,4;1,1;
2022-11-03 08:49:29;-36,79975;-73,05846;22,7;74,3;7073,3;0;0;0;0;;27005;541,4;1,4;
2022-11-03 08:49:59;-36,79993;-73,05797;17,2;74,1;7073,4;47;0;0;0;;27005;534,8;13,5;
2022-11-03 08:50:29;-36,79993;-73,05797;9,7;74,1;7073,7;32;0;0;0;;27137;536,8;9,4;
2022-11-03 08:50:59;-36,80291;-73,05559;0,2;74,1;7073,8;13;0;0;0;;27005;539,4;0;
2022-11-03 08:51:29;-36,8039;-73,05516;-5,2;74,1;7073,9;0;0;0;0;;27005;538,9;0,9;
2022-11-03 08:51:59;-36,8039;-73,05516;-0,9;74;7074;23;0;0;0;;27005;530,7;77;
2022-11-03 08:52:29;-36,80349;-73,0549;4,4;73,9;7074,3;0;0;0;0;;27005;535,8;0,9;
2022-11-03 08:52:59;-36,80032;-73,05693;14,4;73,5;7074,6;66;0;0;0;;27005;519,7;142,5;
2022-11-03 08:53:29;-36,80032;-73,05693;16,5;73,1;7075,2;82;0;0;0;;27137;537,3;-97;
2022-11-03 08:53:59;-36,79585;-73,06547;4;72,9;7075,9;80;0;0;0;;27137;527,6;41,6;
2022-11-03 08:54:29;-36,78871;-73,07186;1;72,8;7076,5;67;0;0;0;;27005;520,2;148;
2022-11-03 08:54:59;-36,78871;-73,07186;2,8;72,6;7077;66;0;0;0;;27137;524,5;79,5;
2022-11-03 08:55:29;-36,7849;-73,07728;1,9;72,3;7077,6;81;0;0;0;;27137;516,6;157,1;
2022-11-03 08:55:59;-36,78247;-73,08736;3,6;72,1;7078,2;68;0;0;0;;27137;527,1;72,4;
2022-11-03 08:56:29;-36,78247;-73,08736;9,6;71,8;7078,9;73;0;0;0;;27137;536,3;-87,1;
2022-11-03 08:56:59;-36,77999;-73,09755;8,3;71,8;7079,3;45;0;0;0;;27137;535,8;-47,2;
2022-11-03 08:57:29;-36,77829;-73,10437;3,1;71,7;7079,7;1;0;0;0;;27005;534,3;0,6;
2022-11-03 08:57:59;-36,77829;-73,10437;4,1;71,7;7079,7;10;0;0;0;;27005;532,7;17,4;
2022-11-03 08:58:29;-36,7779;-73,10456;2,7;71,7;7079,8;5;0;0;0;;27005;534,8;1,4;
2022-11-03 08:58:59;-36,77716;-73,1042;6,8;71,7;7079,8;1;0;0;0;;26874;534,8;4,4;
2022-11-03 08:59:29;-36,77716;-73,1042;4,1;71,7;7079,9;7;0;0;0;;27137;534,8;0,9;
2022-11-03 09:34:11;-36,77718;-73,10406;4,8;71,7;7079,9;0;0;0;0;;24791;537,9;2,2;
2022-11-03 09:34:41;-36,77718;-73,10406;6;71,7;7079,9;0;0;0;0;;27005;537,3;1,1;
2022-11-03 09:35:11;-36,77737;-73,10434;6,5;71,7;7079,9;0;0;0;0;;27005;537,3;1,1;
2022-11-03 09:41:41;-36,77772;-73,10449;9,6;71,7;7079,9;0;0;0;0;;25308;537,9;2;
2022-11-03 09:42:11;-36,77772;-73,10449;6,5;71,7;7080;0;0;0;0;;27005;537,3;0,9;
2022-11-03 09:42:41;-36,7779;-73,10465;6,1;71,7;7080;0;0;0;0;;27005;537,3;0,9;
2022-11-03 09:43:11;-36,77796;-73,10471;8,5;71,7;7080;0;0;0;0;;27005;537,3;0,9;
2022-11-03 09:43:41;-36,77796;-73,10471;8,5;71,7;7080;0;0;0;0;;27005;537,3;0,9;
2022-11-03 09:44:11;-36,77808;-73,10473;9,7;71,6;7080,1;38;0;0;0;;27005;525,6;93;
2022-11-03 09:44:41;-36,7774;-73,10826;6,3;71,5;7080,5;20;0;0;0;;27005;536,3;-8,4;
2022-11-03 09:45:11;-36,7774;-73,10826;7,9;71,4;7080,6;27;0;0;0;;27137;531,2;33,6;
2022-11-03 09:45:41;-36,77756;-73,10823;12,9;71,3;7080,8;30;0;0;0;;27137;533,8;-0,7;
2022-11-03 09:46:11;-36,77823;-73,10532;14,8;71,3;7080,9;9;0;0;0;;27005;534,8;1,4;
2022-11-03 10:00:17;-36,77842;-73,10466;14,3;71,3;7081;0;0;0;0;;25053;537,9;2;
2022-11-03 10:00:47;-36,77842;-73,10466;14,3;71,2;7081;10;0;0;0;;27005;534,3;34,4;
2022-11-03 10:01:17;-36,77846;-73,1045;13,4;71;7081,2;44;0;0;0;;27005;526,1;68,2;
2022-11-03 10:01:47;-36,77967;-73,0995;13,4;71;7081,5;24;0;0;0;;27005;530,7;41,8;
2022-11-03 10:02:17;-36,77967;-73,0995;10,3;70,9;7081,7;31;0;0;0;;27005;523,3;119,1;
2022-11-03 10:02:47;-36,78055;-73,0958;8,5;70,7;7082,1;48;0;0;0;;27005;528,6;51,7;
2022-11-03 10:08:02;-36,78178;-73,09076;8,7;70,8;7082,2;0;0;0;0;;24791;536,3;2,8;
2022-11-03 10:08:29;-36,78178;-73,09076;8,7;70,8;7082,2;0;0;0;0;;27005;536,8;1,1;
2022-11-03 10:08:59;-36,78178;-73,09076;9,8;70,7;7082,3;43;0;0;0;;27137;522,2;112;
2022-11-03 10:09:29;-36,78287;-73,087;10,5;70,4;7082,7;49;0;0;0;;26874;519,7;126;
2022-11-03 10:09:59;-36,78287;-73,087;12,8;70,3;7083,1;20;0;0;0;;26743;527,6;61,9;
2022-11-03 10:10:29;-36,78746;-73,08688;18;70;7083,4;57;0;0;0;;26874;520,7;74,8;
2022-11-03 10:10:59;-36,79301;-73,08686;19;69,9;7083,8;41;0;0;0;;26743;537,9;-56,5;
2022-11-03 10:11:29;-36,79301;-73,08686;15,8;69,9;7084;37;0;0;0;;26874;523,3;63;
2022-11-03 10:11:59;-36,7959;-73,08637;15,4;69,8;7084,2;1;0;0;0;;26874;532,7;1,4;
2022-11-03 10:12:29;-36,79827;-73,08563;13,8;69,7;7084,4;3;0;0;0;;26743;532,7;1,4;
2022-11-03 10:12:59;-36,79827;-73,08563;13,2;69,5;7084,6;49;0;0;0;;26874;520,7;70,2;
2022-11-03 10:13:29;-36,80107;-73,0842;18,5;69,1;7085;60;0;0;0;;26874;513;183,2;
2022-11-03 10:13:59;-36,80652;-73,07924;11,7;69,1;7085,5;32;0;0;0;;26874;536,3;-31,2;
2022-11-03 10:14:29;-36,80652;-73,07924;12,3;69,1;7085,6;0;0;0;0;;27137;533,2;1,1;
2022-11-03 10:14:59;-36,80777;-73,07834;13,4;68,9;7085,8;28;0;0;0;;27005;532,7;-20,2;
2022-11-03 10:15:29;-36,80954;-73,07608;18,4;68,8;7085,9;26;0;0;0;;27137;522,2;104;
2022-11-03 10:15:59;-36,80954;-73,07608;22,1;68,5;7086,3;57;0;0;0;;27137;522,8;64,4;
2022-11-03 10:16:29;-36,81206;-73,07112;25,5;68,4;7086,5;32;0;0;0;;27005;523,8;77;
2022-11-03 10:16:59;-36,8142;-73,07212;22,9;68,3;7086,8;23;0;0;0;;27005;532,7;-10,3;
2022-11-03 10:17:29;-36,8142;-73,07212;22,2;68,2;7087;13;0;0;0;;27137;528,1;38,8;
2022-11-03 10:17:59;-36,81598;-73,07346;19,9;68;7087,3;28;0;0;0;;27137;526,1;79,2;
2022-11-03 10:18:29;-36,81841;-73,07012;24,9;68;7087,4;0;0;0;0;;27137;532,2;1,1;
2022-11-03 10:18:59;-36,81841;-73,07012;25,9;67,9;7087,4;21;0;0;0;;27137;527,6;51,5;
2022-11-03 10:19:29;-36,81837;-73,06941;24;67,8;7087,6;36;0;0;0;;27137;528,1;4,7;
2022-11-03 10:19:59;-36,81626;-73,07117;7,2;67,7;7087,9;9;0;0;0;;27137;531,7;0;
2022-11-03 10:20:29;-36,81626;-73,07117;6;67,5;7088,1;39;0;0;0;;27137;525,6;43,8;
2022-11-03 10:20:59;-36,81388;-73,07169;8,2;67,4;7088,4;0;0;0;0;;27137;531,7;2;
2022-11-03 10:21:29;-36,81268;-73,07025;10,2;67,4;7088,4;0;0;0;0;;27137;532,7;1,1;
2022-11-03 10:21:59;-36,81268;-73,07025;15,1;67,3;7088,5;35;0;0;0;;27137;525,1;69,9;
2022-11-03 10:22:29;-36,81173;-73,07142;11,4;67,3;7088,7;0;0;0;0;;27137;533,2;1,1;
2022-11-03 10:22:59;-36,81044;-73,0739;8,7;67,2;7088,9;38;0;0;0;;27137;537,3;-54,1;
2022-11-03 10:23:29;-36,81044;-73,0739;-1,8;67,1;7089,2;13;0;0;0;;27137;533,8;1,7;
2022-11-03 10:23:59;-36,80805;-73,0776;-1,7;67,1;7089,2;20;0;0;0;;27005;526,1;81,2;
2022-11-03 10:24:29;-36,80676;-73,07798;6,5;66,9;7089,5;39;0;0;0;;27137;520,7;97,9;
2022-11-03 10:24:59;-36,80676;-73,07798;16,3;66,6;7089,8;56;0;0;0;;27137;533,2;-70;
2022-11-03 10:25:29;-36,80315;-73,07418;7,4;66,5;7090,3;65;0;0;0;;27137;523,8;47,9;
2022-11-03 10:25:59;-36,79817;-73,06822;12,7;66,4;7090,8;48;0;0;0;;27137;527,6;16,3;
2022-11-03 10:26:29;-36,79817;-73,06822;26,9;65,9;7091,2;60;0;0;0;;27005;512;155,7;
2022-11-03 10:26:59;-36,79752;-73,06203;25;65,9;7091,8;52;0;0;0;;27137;538,9;-93,4;
2022-11-03 10:27:29;-36,79936;-73,05434;25;65,5;7092,3;73;0;0;0;;27137;518,1;86,9;
2022-11-03 10:27:59;-36,79936;-73,05434;32,7;65,1;7092,9;66;0;0;0;;27137;522,2;45,4;
2022-11-03 10:28:29;-36,79957;-73,04441;19,2;64,8;7093,5;85;0;0;0;;27137;511;162,6;
2022-11-03 10:28:59;-36,80581;-73,03725;30,5;64,6;7094,1;64;0;0;0;;27137;520,7;67,1;
2022-11-03 10:29:29;-36,80581;-73,03725;18,3;64,6;7094,7;63;0;0;0;;27137;523,3;90,8;
2022-11-03 10:29:59;-36,80978;-73,02937;16,7;64,7;7095;0;0;0;0;;27137;530,7;1,1;
2022-11-03 10:30:29;-36,81107;-73,02775;17,3;64,6;7095,1;27;0;0;0;;27137;525,6;48,4;
2022-11-03 10:30:59;-36,81107;-73,02775;18,3;64,2;7095,5;65;0;0;0;;27137;515,1;100,1;
2022-11-03 10:31:29;-36,807;-73,02413;19,4;64,2;7095,9;20;0;0;0;;27137;530,7;-6,2;
2022-11-03 10:31:59;-36,80336;-73,0252;21,4;63,9;7096,1;56;0;0;0;;27137;511;161,7;
2022-11-03 10:32:29;-36,80336;-73,0252;15,3;63,5;7096,7;81;0;0;0;;27137;518,7;42,1;
2022-11-03 10:32:59;-36,79563;-73,02566;13,3;63,2;7097,4;79;0;0;0;;27137;516,1;88,6;
2022-11-03 10:33:29;-36,78849;-73,02373;15,6;63,3;7097,7;24;0;0;0;;27137;520,2;99,9;
2022-11-03 10:33:59;-36,78849;-73,02373;17,3;62,7;7098,2;81;0;0;0;;27137;529,2;-95,9;
2022-11-03 10:34:29;-36,78247;-73,02111;21,5;62,3;7098,9;83;0;0;0;;27137;511;156;
2022-11-03 10:34:59;-36,77407;-73,01583;24,1;61,9;7099,6;83;0;0;0;;27137;516,1;87,5;
2022-11-03 10:35:29;-36,77407;-73,01583;37;61,5;7100,3;72;0;0;0;;27137;514;124,9;
2022-11-03 10:35:59;-36,7659;-73,01104;39,1;60,9;7101;82;0;0;0;;27137;512,5;111,4;
2022-11-03 10:36:29;-36,75853;-73,00493;47,6;60,6;7101,6;69;0;0;0;;27137;520,7;-55,4;
2022-11-03 10:36:59;-36,75853;-73,00493;62,6;60,2;7102,1;65;0;0;0;;27137;507,9;171,6;
2022-11-03 10:37:29;-36,75564;-72,99723;80,2;59,9;7102,6;41;0;0;0;;27137;528,6;-37,3;
2022-11-03 10:37:59;-36,75408;-72,99363;75,4;59,8;7103;42;0;0;0;;27137;513,5;150,7;
2022-11-03 10:38:29;-36,75408;-72,99363;83,3;59,5;7103,4;54;0;0;0;;27137;523,8;18,2;
2022-11-03 10:38:59;-36,74908;-72,99218;56,7;59,5;7103,9;78;0;0;0;;27137;523,8;61,1;
2022-11-03 10:39:29;-36,74149;-72,98781;51;59,1;7104,6;82;0;0;0;;27137;510,5;173,8;
2022-11-03 10:39:59;-36,74149;-72,98781;56,2;58,9;7105,2;59;0;0;0;;27137;523,8;61,6;
2022-11-03 10:40:29;-36,73412;-72,98319;54,4;58,9;7105,7;46;0;0;0;;27137;531,7;-42,8;
2022-11-03 10:40:59;-36,72954;-72,98078;42,5;59,1;7106;45;0;0;0;;27137;536,3;-76,1;
2022-11-03 10:41:29;-36,72954;-72,98078;32,4;59,1;7106,4;36;0;0;0;;27137;534,3;-43,3;
2022-11-03 10:41:59;-36,72432;-72,97899;49,7;58,5;7106,8;49;0;0;0;;27137;521,7;58,1;
2022-11-03 10:42:29;-36,72048;-72,97581;47,7;58,5;7107,1;12;0;0;0;;27137;527,6;0;
2022-11-03 10:42:59;-36,72048;-72,97581;45,7;58,4;7107,2;21;0;0;0;;27137;522,8;41,6;
2022-11-03 10:43:29;-36,72222;-72,97667;39;58,3;7107,4;13;0;0;0;;27137;528,1;0;
2022-11-03 10:43:59;-36,72305;-72,97749;40,5;58,3;7107,4;6;0;0;0;;27137;526,1;33,9;
2022-11-03 10:44:29;-36,72305;-72,97749;39,7;58,2;7107,5;6;0;0;0;;27137;526,1;22,6;
2022-11-03 10:44:59;-36,72341;-72,97657;49,7;58,1;7107,5;7;0;0;0;;27137;528,6;1,1;
2022-11-03 10:59:17;-36,72378;-72,97676;53,6;58,1;7107,6;0;0;0;0;;24791;530,2;2,2;
2022-11-03 10:59:47;-36,72378;-72,97676;47,6;58,1;7107,6;11;0;0;0;;24791;530,7;1,1;
2022-11-03 11:00:17;-36,72353;-72,97754;41,1;58,1;7107,7;0;0;0;0;;27137;530,7;1,1;
2022-11-03 11:00:47;-36,72389;-72,97771;41,1;58,1;7107,7;1;0;0;0;;27005;530,2;3,1;
2022-11-03 11:01:17;-36,72389;-72,97771;40,7;58,1;7107,7;4;0;0;0;;27005;528,1;18,7;
2022-11-03 11:01:47;-36,72393;-72,97769;40,7;58;7107,7;0;0;0;0;;27005;528,6;2;
2022-11-03 11:09:38;-36,72393;-72,97769;40,7;58;7107,7;0;0;0;0;;24791;530,7;3,6;
2022-11-03 11:10:08;-36,72393;-72,97769;41,1;58;7107,8;9;0;0;0;;24791;525,6;57;
2022-11-03 11:10:38;-36,7233;-72,97768;41,7;57,8;7108;16;0;0;0;;27005;525,6;31,7;
2022-11-03 11:11:08;-36,72157;-72,97615;28,3;57,7;7108,1;26;0;0;0;;27005;515,1;117,5;
2022-11-03 11:11:38;-36,72157;-72,97615;41;57,7;7108,2;15;0;0;0;;27005;522,8;78,1;
2022-11-03 11:12:08;-36,71986;-72,97498;17,4;57,7;7108,6;61;0;0;0;;27005;538,9;-76,6;
2022-11-03 11:12:38;-36,71463;-72,97421;11,1;57,9;7108,9;0;0;0;0;;27005;531,7;0,6;
2022-11-03 11:13:08;-36,71463;-72,97421;8,4;57,8;7109,1;12;0;0;0;;27005;530,2;2,2;
2022-11-03 11:13:38;-36,71294;-72,97399;11,3;57,7;7109,1;19;0;0;0;;27005;521,7;93,3;
2022-11-03 11:14:05;-36,7111;-72,97372;20,3;57,6;7109,3;0;0;0;0;;27005;528,6;0,9;
2022-11-03 11:14:38;-36,7111;-72,97372;23,6;57,4;7109,5;39;0;0;0;;27137;521,7;64,1;
2022-11-03 11:15:08;-36,70941;-72,97435;46,8;56,9;7109,8;46;0;0;0;;27137;507,9;169,7;
2022-11-03 11:15:38;-36,705;-72,97578;72,1;56,3;7110,2;48;0;0;0;;27137;512,5;129,8;
2022-11-03 11:16:05;-36,705;-72,97578;89,6;55,9;7110,6;51;0;0;0;;27005;518,1;38,5;
2022-11-03 11:16:35;-36,70072;-72,97187;77,7;55,9;7111,2;50;0;0;0;;27005;518,7;119,1;
2022-11-03 11:17:08;-36,69477;-72,96926;77,1;55,6;7111,6;56;0;0;0;;27005;523,3;-23,8;
2022-11-03 11:17:38;-36,69477;-72,96926;91,4;55,3;7112;37;0;0;0;;27137;518,1;59,2;
2022-11-03 11:27:38;-36,69477;-72,96926;-13;55,3;7112;37;0;0;0;;27137;518,1;59,2;
2022-11-03 11:37:38;-36,69477;-72,96926;68,4;55,3;7112;37;0;0;0;;25701;518,1;59,2;
2022-11-03 11:47:38;-36,69477;-72,96926;68,4;55,3;7112;37;0;0;0;;25570;518,1;59,2;
2022-11-03 11:57:41;-36,69477;-72,96926;77,1;55,3;7112;37;0;0;0;;25570;518,1;59,2;
2022-11-03 12:07:41;-36,69477;-72,96926;80,9;55,3;7112;37;0;0;0;;25439;518,1;59,2;
2022-11-03 12:17:41;-36,69477;-72,96926;2,9;55,3;7112;37;0;0;0;;27005;518,1;59,2;
2022-11-03 12:19:08;-36,69072;-72,96717;5,8;54,9;7112,3;32;0;0;0;;27005;508,9;167,2;
2022-11-03 12:19:11;-36,68806;-72,96586;9,4;54,4;7112,6;35;0;0;0;;27005;510;116,6;
2022-11-03 12:20:20;-36,68806;-72,96586;13;53,9;7112,9;30;0;0;0;;27005;513,5;99,9;
2022-11-03 12:21:11;-36,68632;-72,96331;-1,7;53,4;7113,3;53;0;0;0;;27005;511,5;78,1;
2022-11-03 12:21:44;-36,6829;-72,95986;22;53,3;7113,6;34;0;0;0;;27005;523,3;89,7;
2022-11-03 12:22:32;-36,6829;-72,95986;57;52,8;7114;58;0;0;0;;27137;507,9;180,4;
2022-11-03 12:23:02;-36,67805;-72,95907;59,5;52,5;7114,6;63;0;0;0;;27005;508,4;169,7;
2022-11-03 12:23:41;-36,67097;-72,95776;59,5;52,5;7115,1;58;0;0;0;;27005;515,1;116,4;
2022-11-03 12:23:56;-36,67097;-72,95776;59,5;52,3;7115,6;56;0;0;0;;27005;523,3;64,9;
2022-11-03 12:23:56;-36,66388;-72,95773;59,5;51,9;7116,2;72;0;0;0;;27005;511,5;125,4;
2022-11-03 12:23:59;-36,65651;-72,95406;59,5;51,6;7116,8;76;0;0;0;;27005;510;145,2;
2022-11-03 12:24:05;-36,65651;-72,95406;59,5;51,5;7117,4;70;0;0;0;;27005;534,3;-85,7;
2022-11-03 12:24:14;-36,64837;-72,95462;59,5;51,8;7118;62;0;0;0;;27005;540,4;-117,9;
2022-11-03 12:24:17;-36,64232;-72,95596;59,5;52;7118,4;48;0;0;0;;27005;536,8;-52,1;
2022-11-03 12:24:23;-36,64232;-72,95596;59,5;52,2;7118,8;55;0;0;0;;27005;538,4;-70,3;
2022-11-03 12:24:26;-36,63767;-72,95726;59,5;52,4;7119,2;19;0;0;0;;27005;533,2;-8,4;
2022-11-03 12:24:26;-36,63652;-72,95661;59,5;52,5;7119,4;27;0;0;0;;27005;533,2;-18,9;
2022-11-03 12:24:29;-36,63652;-72,95661;59,5;52,6;7119,5;24;0;0;0;;27005;532,2;-14,7;
2022-11-03 12:24:32;-36,63581;-72,95551;59,5;52,6;7119,8;27;0;0;0;;27005;533,2;-15,6;
2022-11-03 12:24:32;-36,63395;-72,95608;59,5;52,6;7120;31;0;0;0;;27005;531,2;-22,2;
2022-11-03 12:24:35;-36,63395;-72,95608;59,5;52,6;7120,1;31;0;0;0;;27005;520,7;88;
2022-11-03 12:24:35;-36,63182;-72,95528;59,5;52,3;7120,5;52;0;0;0;;27005;513,5;154,6;
2022-11-03 12:24:38;-36,62593;-72,9558;59,5;52;7121;65;0;0;0;;27005;530,7;-75,5;
2022-11-03 12:24:38;-36,62593;-72,9558;59,5;52;7121,4;24;0;0;0;;27005;530,7;-13,1;
2022-11-03 12:24:41;-36,6207;-72,95695;59,5;52;7121,6;18;0;0;0;;27005;524,5;55,9;
2022-11-03 12:24:41;-36,61929;-72,95616;59,5;51,9;7121,8;27;0;0;0;;27005;530,2;-19,7;
2022-11-03 12:24:44;-36,61929;-72,95616;59,5;51,8;7121,9;0;0;0;0;;27005;529,2;1,4;
2022-11-03 12:24:44;-36,61843;-72,95553;59,5;51,8;7122;0;0;0;0;;27005;529,2;1,4;
2022-11-03 12:24:47;-36,61822;-72,95483;59,5;51,8;7122;0;0;0;0;;27005;529,2;1,4;
2022-11-03 12:24:47;-36,61822;-72,95483;59,5;51,6;7122,1;13;0;0;0;;27005;518,1;89,7;
2022-11-03 12:24:47;-36,61879;-72,95405;59,5;51,3;7122,2;13;0;0;0;;27005;518,7;74,8;
2022-11-03 12:24:50;-36,61899;-72,95299;59,5;51;7122,3;12;0;0;0;;27005;517,1;85;
2022-11-03 12:24:50;-36,61899;-72,95299;59,5;50,6;7122,5;33;0;0;0;;27005;513;104,8;
2022-11-03 12:24:50;-36,62076;-72,95123;59,5;50,6;7122,6;0;0;0;0;;27005;530,2;3,1;
2022-11-03 12:24:53;-36,62076;-72,95123;59,5;50,5;7122,7;7;0;0;0;;27005;529,2;11,6;
2022-11-03 12:24:53;-36,62146;-72,95124;59,5;50,5;7122,7;2;0;0;0;;27005;530,2;1,4;
2022-11-03 12:24:53;-36,62165;-72,95063;59,5;50,5;7122,8;0;0;0;0;;27005;530,2;3,3;
2022-11-03 12:24:56;-36,62166;-72,95059;59,5;50,5;7122,8;0;0;0;0;;27005;530,7;2,2;
2022-11-03 12:24:56;-36,62166;-72,95059;59,5;50,5;7122,8;3;0;0;0;;27005;530,2;5,3;
2022-11-03 12:24:56;-36,62175;-72,95027;59,5;50,5;7122,8;0;0;0;0;;27005;531,2;2,2;
2022-11-03 12:24:59;-36,62175;-72,95027;59,5;50,4;7122,9;4;0;0;0;;27005;530,7;1,7;
2022-11-03 12:24:59;-36,62187;-72,94961;59,5;50,4;7123;13;0;0;0;;27005;524,5;65,2;
2022-11-03 12:24:59;-36,62094;-72,95121;59,5;50,3;7123,1;29;0;0;0;;27005;531,2;-28,5;
2022-11-03 12:24:59;-36,62094;-72,95121;59,5;50,3;7123,3;23;0;0;0;;27005;532,7;-18,9;
2022-11-03 12:25:02;-36,61895;-72,95258;59,5;50,4;7123,5;7;0;0;0;;27005;531,7;1,1;
2022-11-03 12:25:02;-36,61843;-72,95409;59,5;50,4;7123,6;13;0;0;0;;27005;531,7;-2,9;
2022-11-03 12:25:02;-36,61843;-72,95409;59,5;50,3;7123,8;24;0;0;0;;27005;530,7;-10,3;
2022-11-03 12:25:05;-36,61695;-72,95325;59,5;50,3;7124;2;0;0;0;;27005;530,2;1,4;
2022-11-03 12:25:05;-36,61644;-72,95525;59,5;50,2;7124,1;22;0;0;0;;27005;527,6;-10,6;
2022-11-03 12:25:05;-36,61644;-72,95525;59,5;50,1;7124,2;15;0;0;0;;27005;524,5;52;
2022-11-03 12:25:08;-36,61678;-72,95718;59,5;50,1;7124,3;4;0;0;0;;27005;528,1;21,8;
2022-11-03 12:25:11;-36,61678;-72,95718;59,5;50;7124,4;0;0;0;0;;27005;529,7;1,4;
2022-11-03 12:25:14;-36,61678;-72,95718;59,5;50;7124,5;0;0;0;0;;27005;529,7;1,1;
2022-11-03 12:25:14;-36,6171;-72,95928;59,5;50;7124,5;0;0;0;0;;27005;530,2;1,1;
2022-11-03 12:25:14;-36,6171;-72,95928;59,5;49,9;7124,5;22;0;0;0;;27005;524,5;44,9;
2022-11-03 12:25:17;-36,6171;-72,95928;59,5;49,8;7124,7;35;0;0;0;;27005;529,7;-4,3;
2022-11-03 12:25:17;-36,61664;-72,96288;59,5;49,7;7125;18;0;0;0;;27005;521,2;68,5;
2022-11-03 12:25:20;-36,61414;-72,96146;59,5;49,3;7125,2;23;0;0;0;;27005;518,1;71,5;
2022-11-03 12:25:20;-36,61414;-72,96146;59,5;49;7125,4;20;0;0;0;;27005;517,1;62,7;
2022-11-03 12:25:23;-36,61254;-72,95963;59,5;48,9;7125,4;0;0;0;0;;27005;526,1;1,4;
2022-11-03 12:25:23;-36,61236;-72,95973;59,5;48,9;7125,4;0;0;0;0;;27005;527,6;1,4;
2022-11-03 12:25:23;-36,61236;-72,95973;59,5;48,9;7125,4;0;0;0;0;;27005;528,6;1,4;
2022-11-03 12:25:26;-36,61236;-72,95973;59,5;48,9;7125,4;0;0;0;0;;27005;529,2;1,4;
2022-11-03 12:25:26;-36,61236;-72,95973;59,5;48,9;7125,4;0;0;0;0;;27005;529,2;1,4;
2022-11-03 12:25:26;-36,61236;-72,95973;59,5;48,9;7125,4;1;0;0;0;;27005;529,2;2;
2022-11-03 12:25:53;-36,61236;-72,95973;63;48,8;7125,5;22;0;0;0;;27005;528,1;-7,9;
2022-11-03 12:26:23;-36,61035;-72,95896;59,6;48,7;7125,7;18;0;0;0;;27137;529,2;-6,8;
2022-11-03 12:26:53;-36,61035;-72,95896;45,3;48,7;7125,8;18;0;0;0;;27137;529,7;-2,4;
2022-11-03 12:27:23;-36,60908;-72,9598;56,2;48,5;7126;17;0;0;0;;27137;527,6;-3,2;
2022-11-03 12:27:53;-36,60727;-72,95756;46,4;48,5;7126,3;15;0;0;0;;27137;529,2;-1,3;
2022-11-03 12:28:23;-36,60727;-72,95756;47,1;48,4;7126,4;2;0;0;0;;27137;528,1;0,9;
2022-11-03 12:28:53;-36,60692;-72,95646;47;48,4;7126,4;7;0;0;0;;27005;528,6;2;
2022-11-03 12:29:23;-36,60744;-72,95668;49,1;48,4;7126,5;7;0;0;0;;27005;529,2;1,4;
2022-11-03 12:29:50;-36,60744;-72,95668;50,7;48,4;7126,5;8;0;0;0;;27005;529,2;2;
2022-11-03 12:30:20;-36,60848;-72,95687;51,8;48,4;7126,6;0;0;0;0;;26874;529,7;1,4;
2022-11-03 12:30:50;-36,60842;-72,95683;50,3;48,4;7126,6;5;0;0;0;;27005;529,7;2;
2022-11-03 12:39:23;-36,60842;-72,95683;50,3;48,4;7126,6;0;0;0;0;;24660;530,7;2,8;
2022-11-03 12:39:53;-36,60842;-72,95683;50,3;48,4;7126,6;0;0;0;0;;24660;530,7;2;
2022-11-03 12:40:23;-36,60842;-72,95683;49,9;48,3;7126,6;15;0;0;0;;27005;526,6;36,3;
2022-11-03 12:40:53;-36,6071;-72,95656;48,6;48,3;7126,8;3;0;0;0;;27005;529,7;1,1;
2022-11-03 12:50:20;-36,60681;-72,95631;45,7;48,3;7126,8;0;0;0;0;;25439;531,2;2;
2022-11-03 12:50:47;-36,60681;-72,95631;45,7;48,3;7126,8;3;0;0;0;;25439;530,2;2,8;
2022-11-03 12:51:17;-36,60681;-72,95631;45,7;48,2;7126,8;5;0;0;0;;27005;529,7;1,4;
2022-11-03 12:51:47;-36,60684;-72,95647;41,7;48,2;7126,9;13;0;0;0;;27005;530,7;0;
2022-11-03 12:52:17;-36,60684;-72,95647;51,6;48;7127,1;33;0;0;0;;27005;527,6;-23;
2022-11-03 12:52:47;-36,60886;-72,95835;42,8;48;7127,3;19;0;0;0;;27005;529,7;-4,6;
2022-11-03 12:53:17;-36,60972;-72,95985;48,1;47,7;7127,5;32;0;0;0;;27005;518,1;56,1;
2022-11-03 12:53:47;-36,60972;-72,95985;56,9;47,6;7127,6;27;0;0;0;;27005;526,6;-14,5;
2022-11-03 12:54:17;-36,6113;-72,95906;54,3;47,6;7127,8;0;0;0;0;;27005;528,1;0,9;
2022-11-03 12:54:47;-36,61229;-72,95977;54,5;47,6;7127,8;0;0;0;0;;27005;529,2;0,9;
2022-11-03 12:55:17;-36,61229;-72,95977;54,5;47,6;7127,8;0;0;0;0;;27005;529,7;0,6;
2022-11-03 12:55:47;-36,61229;-72,95977;54,5;47,6;7127,8;0;0;0;0;;27005;529,7;0,9;
2022-11-03 12:56:17;-36,61229;-72,95977;54,5;47,6;7127,8;0;0;0;0;;27137;529,7;0,9;
2022-11-03 12:56:47;-36,61229;-72,95977;54,5;47,6;7127,8;0;0;0;0;;27137;530,2;0,6;
2022-11-03 12:57:17;-36,61229;-72,95977;54,5;47,6;7127,8;0;0;0;0;;27137;530,2;0,9;
2022-11-03 12:57:47;-36,61229;-72,95977;54,5;47,6;7127,8;0;0;0;0;;27137;530,2;0,9;
2022-11-03 12:58:17;-36,61229;-72,95977;54,5;47,6;7127,8;0;0;0;0;;27137;530,2;0,6;
2022-11-03 12:58:47;-36,61229;-72,95977;54,5;47,6;7127,8;1;0;0;0;;27137;530,2;1,7;
2022-11-03 12:59:17;-36,61229;-72,95976;55;47,6;7127,8;19;0;0;0;;27005;523,8;63,6;
2022-11-03 12:59:47;-36,61229;-72,95976;33,5;47,6;7128;26;0;0;0;;27005;533,8;-19,4;
2022-11-03 13:00:17;-36,61398;-72,96102;9,6;47,7;7128,2;21;0;0;0;;27005;531,2;28,6;
2022-11-03 13:00:47;-36,61545;-72,96282;3,6;47,6;7128,3;20;0;0;0;;27137;522,2;86,7;
2022-11-03 13:01:17;-36,61545;-72,96282;23,9;47,3;7128,5;32;0;0;0;;27137;516,6;76,5;
2022-11-03 13:01:47;-36,61302;-72,96414;49,2;46,9;7128,8;31;0;0;0;;27137;512,5;107;
2022-11-03 13:02:17;-36,6094;-72,96492;84,1;46,4;7129,1;24;0;0;0;;27137;511;104,8;
2022-11-03 13:02:47;-36,6094;-72,96492;98,4;46,2;7129,3;3;0;0;0;;27137;523,8;0,9;
2022-11-03 13:03:17;-36,60765;-72,9672;98,8;46,2;7129,3;7;0;0;0;;27137;524,5;20,4;
2022-11-03 13:03:47;-36,60652;-72,96832;98,6;45,9;7129,5;42;0;0;0;;27137;526,1;-12;
2022-11-03 13:04:17;-36,60652;-72,96832;95,1;45,7;7129,9;57;0;0;0;;27137;526,1;-12,5;
2022-11-03 13:04:47;-36,60222;-72,97111;86,9;45,8;7130,2;42;0;0;0;;27137;532,2;-42,5;
2022-11-03 13:05:17;-36,59853;-72,97294;64,1;45,9;7130,6;34;0;0;0;;27137;533,8;-38,9;
2022-11-03 13:05:47;-36,59853;-72,97294;46,6;45,9;7130,8;7;0;0;0;;27005;529,2;1,1;
2022-11-03 13:06:17;-36,59597;-72,97407;20;46;7130,9;40;0;0;0;;27005;533,8;-42,5;
2022-11-03 13:06:47;-36,59582;-72,97627;13,7;46;7131,1;24;0;0;0;;27137;523,3;46;
2022-11-03 13:13:44;-36,59687;-72,97624;10,1;46;7131,2;0;0;0;0;;25701;530,2;1,7;
2022-11-03 13:14:14;-36,59687;-72,97624;10;46;7131,2;5;0;0;0;;25701;530,2;0,9;
2022-11-03 13:14:44;-36,59713;-72,97621;10,1;46;7131,2;3;0;0;0;;27005;527,1;28,9;
2022-11-03 13:15:14;-36,59658;-72,97625;15,8;45,8;7131,3;12;0;0;0;;27137;525,6;33,6;
2022-11-03 13:15:44;-36,59658;-72,97625;21,2;45,7;7131,5;29;0;0;0;;27137;515,1;102,1;
2022-11-03 13:16:14;-36,59572;-72,97466;48,3;45,3;7131,6;7;0;0;0;;27137;518,7;46,8;
2022-11-03 13:16:44;-36,59663;-72,97339;62,8;45,1;7131,8;29;0;0;0;;27137;525,6;-14,5;
2022-11-03 13:17:14;-36,59663;-72,97339;73,9;44,8;7132;35;0;0;0;;27137;515,6;90,2;
2022-11-03 13:17:44;-36,59976;-72,97275;95,4;44,5;7132,3;29;0;0;0;;27137;514;76,8;
2022-11-03 13:18:14;-36,60291;-72,97118;100,1;44,4;7132,6;38;0;0;0;;27137;523,3;9,7;
2022-11-03 13:18:44;-36,60291;-72,97118;103,7;44,3;7132,9;40;0;0;0;;27137;513,5;74,3;
2022-11-03 13:19:14;-36,60628;-72,96868;103,3;44,2;7133,1;38;0;0;0;;27137;516,6;81,4;
2022-11-03 13:19:44;-36,60856;-72,96589;99,6;44,2;7133,3;0;0;0;0;;27137;527,1;0,6;
2022-11-03 13:20:14;-36,60856;-72,96589;101,1;44;7133,4;37;0;0;0;;27137;527,1;-45;
2022-11-03 13:20:44;-36,60755;-72,96479;93,5;44;7133,6;22;0;0;0;;27005;529,2;-12,3;
2022-11-03 13:21:14;-36,60822;-72,96245;82,7;44;7133,8;26;0;0;0;;27137;530,2;-17,5;
2022-11-03 13:21:44;-36,60822;-72,96245;68,1;44;7134;20;0;0;0;;27137;526,6;-1,5;
2022-11-03 13:22:14;-36,61026;-72,96367;56,9;44;7134,1;17;0;0;0;;27137;528,6;-7,3;
2022-11-03 13:22:44;-36,61126;-72,96181;61;43,9;7134,2;12;0;0;0;;27137;517,6;78,7;
2022-11-03 13:23:14;-36,61126;-72,96181;61;43,8;7134,3;19;0;0;0;;27137;527,6;-7,3;
2022-11-03 13:23:44;-36,61208;-72,96046;49,4;43,8;7134,4;0;0;0;0;;27137;528,1;1,1;
2022-11-03 13:24:14;-36,61228;-72,95982;49,4;43,8;7134,4;0;0;0;0;;27137;528,6;1,1;
2022-11-03 13:24:44;-36,61228;-72,95982;49,4;43,8;7134,4;0;0;0;0;;27137;528,6;1,1;
2022-11-03 13:25:14;-36,61228;-72,95982;49,4;43,8;7134,4;0;0;0;0;;27137;529,2;1,1;
2022-11-03 13:25:44;-36,61228;-72,95982;50,5;43,8;7134,5;7;0;0;0;;27137;527,1;20,7;
2022-11-03 13:26:14;-36,61228;-72,95982;51,5;43,8;7134,5;12;0;0;0;;27137;524,5;47,6;
2022-11-03 13:26:44;-36,6119;-72,95942;48,4;43,7;7134,7;14;0;0;0;;27005;528,1;0,6;
2022-11-03 13:27:14;-36,61017;-72,95899;36,7;43,7;7134,7;18;0;0;0;;27137;529,7;-8,1;
2022-11-03 13:27:44;-36,61017;-72,95899;32,4;43,7;7134,9;22;0;0;0;;27137;519,7;87,5;
2022-11-03 13:28:14;-36,60902;-72,95947;43;43,5;7135,1;33;0;0;0;;27137;529,2;-34,8;
2022-11-03 13:28:44;-36,60706;-72,95745;34,7;43,6;7135,3;23;0;0;0;;27137;518,7;115,8;
2022-11-03 13:29:14;-36,60706;-72,95745;31,8;43,5;7135,4;16;0;0;0;;27137;529,2;-2,1;
2022-11-03 13:29:44;-36,60684;-72,95571;32,9;43,5;7135,5;15;0;0;0;;27137;520,2;77,6;
2022-11-03 13:30:14;-36,60559;-72,95475;56,2;43,1;7135,7;21;0;0;0;;27137;517,1;79,2;
2022-11-03 13:30:44;-36,60559;-72,95475;74,2;42,8;7136;37;0;0;0;;27137;508,9;143,3;
2022-11-03 13:31:14;-36,60246;-72,9527;93,8;42,4;7136,2;39;0;0;0;;27137;507,9;149,6;
2022-11-03 13:31:44;-36,59866;-72,95215;96,6;42,4;7136,6;10;0;0;0;;27137;525,6;1,7;
2022-11-03 13:32:14;-36,59866;-72,95215;101;42,2;7136,8;38;0;0;0;;27137;526,6;-40,6;
2022-11-03 13:32:44;-36,59969;-72,94941;86,4;42,2;7137;40;0;0;0;;27137;522,2;23,1;
2022-11-03 13:33:14;-36,6024;-72,94646;105,6;41,8;7137,4;50;0;0;0;;27137;521,2;-46,4;
2022-11-03 13:33:44;-36,6024;-72,94646;124,6;41,5;7137,7;32;0;0;0;;27137;523,8;-23,3;
2022-11-03 13:34:14;-36,60576;-72,9442;132,3;41,3;7138;48;0;0;0;;27137;527,6;-74,7;
2022-11-03 13:34:44;-36,60799;-72,94284;141,9;41;7138,2;35;0;0;0;;27005;513,5;84,7;
2022-11-03 13:35:14;-36,60799;-72,94284;161,6;40,7;7138,4;25;0;0;0;;27137;519,2;14,6;
2022-11-03 13:35:44;-36,60917;-72,9391;177,3;40,5;7138,6;24;0;0;0;;27137;515,1;70,2;
2022-11-03 13:36:14;-36,60978;-72,93601;193,8;40,2;7138,8;18;0;0;0;;27137;515,6;60,8;
2022-11-03 13:36:44;-36,60978;-72,93601;206,1;40;7139;0;0;0;0;;27137;522,2;1,1;
2022-11-03 13:37:14;-36,61048;-72,93429;206,1;40;7139;0;0;0;0;;27137;525,1;1,4;
2022-11-03 13:37:44;-36,61048;-72,93429;206,1;40;7139;0;0;0;0;;27137;526,1;1,1;
2022-11-03 13:38:14;-36,61048;-72,93429;206,1;40;7139;0;0;0;0;;27137;526,6;1,4;
2022-11-03 13:38:44;-36,61048;-72,93429;206,1;40;7139;0;0;0;0;;27137;527,1;1,4;
2022-11-03 13:39:14;-36,61065;-72,9339;214,1;39,8;7139;23;0;0;0;;27137;517,1;54,5;
2022-11-03 13:39:44;-36,61065;-72,9339;215,8;39,8;7139,2;29;0;0;0;;27137;520,2;73,2;
2022-11-03 13:40:14;-36,61248;-72,93419;200,5;39,8;7139,5;20;0;0;0;;27137;529,2;-4,6;
2022-11-03 13:40:44;-36,61449;-72,93691;196;39,8;7139,7;16;0;0;0;;27137;528,1;-2,4;
2022-11-03 14:04:05;-36,61497;-72,93758;194;39,8;7139,7;0;0;0;0;;25439;530,2;2,5;
2022-11-03 14:04:35;-36,61497;-72,93758;194;39,8;7139,7;0;0;0;0;;25439;530,2;1,1;
2022-11-03 14:05:05;-36,61497;-72,93758;194;39,8;7139,7;2;0;0;0;;27005;528,1;13,2;
2022-11-03 14:05:35;-36,61498;-72,9375;199;39,7;7139,8;19;0;0;0;;27005;525,1;39,9;
2022-11-03 14:16:26;-36,6164;-72,93757;206,7;39,6;7139,9;0;0;0;0;;25439;530,7;2,5;
2022-11-03 14:16:56;-36,6164;-72,93757;208,5;39,5;7140;17;0;0;0;;27005;529,2;-2,9;
2022-11-03 14:17:26;-36,61731;-72,93783;184,4;39,6;7140,3;32;0;0;0;;27005;535,8;-33,7;
2022-11-03 14:17:56;-36,61682;-72,94263;148,6;39,7;7140,5;35;0;0;0;;27005;537,3;-48,6;
2022-11-03 14:18:26;-36,61682;-72,94263;135,4;39,7;7140,6;0;0;0;0;;27005;531,7;1,4;
2022-11-03 14:18:56;-36,61706;-72,94433;135,4;39,7;7140,6;0;0;0;0;;27005;531,2;1,4;
2022-11-03 14:19:26;-36,61706;-72,94433;135,4;39,7;7140,6;0;0;0;0;;27005;531,2;1,1;
2022-11-03 14:19:56;-36,61706;-72,94433;135,4;39,7;7140,6;0;0;0;0;;27005;531,2;1,1;
2022-11-03 14:20:26;-36,61706;-72,94433;135,4;39,7;7140,6;0;0;0;0;;27005;530,7;1,1;
2022-11-03 14:20:56;-36,61706;-72,94433;135,4;39,7;7140,6;0;0;0;0;;27005;530,7;0,9;
2022-11-03 14:21:26;-36,61706;-72,94433;135,4;39,7;7140,6;0;0;0;0;;27005;530,7;0,9;
2022-11-03 14:21:56;-36,61706;-72,94433;135,4;39,7;7140,6;0;0;0;0;;27005;530,7;1,1;
2022-11-03 14:22:26;-36,61706;-72,94433;135,4;39,7;7140,6;0;0;0;0;;27005;530,7;1,1;
2022-11-03 14:22:56;-36,61706;-72,94433;135,4;39,7;7140,6;0;0;0;0;;27005;530,7;1,1;
2022-11-03 14:38:59;-36,61706;-72,94433;135,4;39,7;7140,6;0;0;0;0;;25439;531,2;3,3;
2022-11-03 14:39:29;-36,61706;-72,94433;106,6;39,8;7140,8;31;0;0;0;;25439;535,8;-31;
2022-11-03 14:39:59;-36,6174;-72,94657;63;39,9;7141;24;0;0;0;;27005;535,3;-16,4;
2022-11-03 14:40:29;-36,61726;-72,9502;12,9;40;7141,2;21;0;0;0;;27005;535,8;-8,1;
2022-11-03 14:40:59;-36,61726;-72,9502;10,2;40;7141,4;14;0;0;0;;27137;532,2;3,3;
2022-11-03 14:41:29;-36,61679;-72,95315;-9;39,9;7141,5;32;0;0;0;;27005;529,7;-17,8;
2022-11-03 14:41:59;-36,61656;-72,95586;-1,1;39,8;7141,8;20;0;0;0;;27005;531,2;-5,9;
2022-11-03 14:42:29;-36,61656;-72,95586;-5,4;39,8;7141,9;16;0;0;0;;27005;530,2;-1,8;
2022-11-03 14:42:59;-36,61699;-72,95809;-8,6;39,7;7142,1;18;0;0;0;;27137;528,1;12,4;
2022-11-03 14:43:29;-36,61866;-72,95774;-6,5;39,7;7142,1;0;0;0;0;;27137;530,2;1,7;
2022-11-03 14:43:59;-36,61866;-72,95774;-1,9;39,6;7142,3;34;0;0;0;;27137;524,5;37,4;
2022-11-03 14:44:29;-36,62069;-72,95768;6,3;39,3;7142,8;65;0;0;0;;27137;531,2;-73,6;
2022-11-03 14:44:59;-36,62808;-72,95594;8,8;39;7143,4;70;0;0;0;;27137;525,6;-47,5;
2022-11-03 14:45:29;-36,62808;-72,95594;9,2;38,9;7143,9;67;0;0;0;;27137;507,9;166,4;
2022-11-03 14:45:59;-36,63551;-72,95714;50,8;38,2;7144,5;69;0;0;0;;27137;501,2;179,9;
2022-11-03 14:46:29;-36,64287;-72,96026;101,9;37,5;7145;64;0;0;0;;27137;500,2;132,6;
2022-11-03 14:46:59;-36,64287;-72,96026;115,6;37,1;7145,5;51;0;0;0;;27137;507,4;83,4;
2022-11-03 14:48:14;-36,64653;-72,96016;198,5;36,6;7145,9;61;0;0;0;;27137;499,2;179,9;
2022-11-03 14:48:20;-36,65045;-72,95634;203,5;35,9;7146,4;66;0;0;0;;27137;497,2;178;
2022-11-03 14:48:29;-36,65045;-72,95634;204,3;35,5;7147;72;0;0;0;;27137;515,1;67,7;
2022-11-03 14:48:59;-36,65723;-72,95491;204,4;35,1;7147,6;70;0;0;0;;27137;525,6;-82,1;
2022-11-03 14:49:29;-36,66496;-72,95789;204,4;34,9;7148,3;71;0;0;0;;27137;508,9;152,1;
2022-11-03 14:49:59;-36,66496;-72,95789;208,2;34,4;7148,9;86;0;0;0;;27137;499,7;160,6;
2022-11-03 14:50:29;-36,67422;-72,95798;210,2;34,2;7149,6;80;0;0;0;;27137;514,6;-82,4;
2022-11-03 14:50:59;-36,68176;-72,96204;170,3;34,4;7150,2;66;0;0;0;;27137;533,2;-71,9;
2022-11-03 14:51:29;-36,68176;-72,96204;124,7;34,5;7150,8;73;0;0;0;;27137;535,3;-86,8;
2022-11-03 14:51:59;-36,68842;-72,96714;85,4;34,6;7151,4;79;0;0;0;;27137;536,3;-94,5;
2022-11-03 14:52:29;-36,69619;-72,96918;61,2;34,4;7152,1;84;0;0;0;;27137;504,8;172,2;
2022-11-03 14:53:38;-36,69619;-72,96918;51,6;34,1;7152,6;65;0;0;0;;27137;523,3;-75;
2022-11-03 14:53:47;-36,70307;-72,9742;44,9;34,2;7153,1;72;0;0;0;;27005;510;127,1;
2022-11-03 14:53:56;-36,70855;-72,97574;36,9;34,4;7153,5;37;0;0;0;;27005;531,2;-32,3;
2022-11-03 14:54:29;-36,70855;-72,97574;14,3;34,4;7153,9;29;0;0;0;;27137;530,2;-30,4;
2022-11-03 14:54:56;-36,71054;-72,97428;7,5;34,4;7154,1;6;0;0;0;;27137;526,6;2;
2022-11-03 14:55:29;-36,71103;-72,97387;13,2;34,2;7154,2;18;0;0;0;;27137;515,1;101;
2022-11-03 14:55:59;-36,71103;-72,97387;26,3;34;7154,3;1;0;0;0;;27137;523,8;1,7;
2022-11-03 14:56:29;-36,71164;-72,97299;26,3;34;7154,3;0;0;0;0;;27137;525,6;1,7;
2022-11-03 14:56:59;-36,71164;-72,97299;26,3;34;7154,3;0;0;0;0;;27137;526,1;1,7;
2022-11-03 14:57:29;-36,71164;-72,97299;26,3;34;7154,3;0;0;0;0;;27005;526,6;1,7;
2022-11-03 14:57:59;-36,71164;-72,97299;26,3;34;7154,3;0;0;0;0;;27137;526,6;1,7;
2022-11-03 14:58:29;-36,71164;-72,97299;26,3;34;7154,3;0;0;0;0;;27005;526,6;1,7;
2022-11-03 14:58:56;-36,71164;-72,97299;26,3;34;7154,3;0;0;0;0;;27005;526,6;1,7;
2022-11-03 14:59:29;-36,71164;-72,97299;26,3;34;7154,3;0;0;0;0;;27005;527,1;1,7;
2022-11-03 14:59:59;-36,71164;-72,97299;26,3;34;7154,3;0;0;0;0;;27005;527,1;1,7;
2022-11-03 15:00:29;-36,71164;-72,97299;26,3;34;7154,3;0;0;0;0;;27005;527,1;1,7;
2022-11-03 15:00:59;-36,71164;-72,97299;26,3;33,9;7154,3;2;0;0;0;;27005;526,1;26,2;
2022-11-03 15:01:29;-36,71175;-72,97276;34,4;33,9;7154,4;0;0;0;0;;27005;526,6;3,9;
2022-11-03 15:01:59;-36,71175;-72,97276;38,5;33,8;7154,4;8;0;0;0;;27137;525,1;12,4;
2022-11-03 15:02:29;-36,71201;-72,97216;40,5;33,8;7154,5;0;0;0;0;;27137;526,6;1,7;
2022-11-03 15:02:59;-36,7125;-72,9718;54;33,7;7154,5;12;0;0;0;;27137;518,1;51,7;
2022-11-03 15:03:29;-36,7125;-72,9718;75,7;33,3;7154,7;14;0;0;0;;27137;519,2;1,4;
2022-11-03 15:03:56;-36,71156;-72,97052;81,7;33,1;7154,9;27;0;0;0;;27005;522,8;-17,2;
2022-11-03 15:04:26;-36,71228;-72,96648;101,8;32,8;7155,2;28;0;0;0;;27137;518,1;5,3;
2022-11-03 15:04:56;-36,71228;-72,96648;110,2;32,7;7155,3;0;0;0;0;;27137;522,2;1,7;
2022-11-03 15:05:29;-36,7112;-72,96594;110,2;32,7;7155,3;0;0;0;0;;27137;524,5;1,7;
2022-11-03 15:05:59;-36,7112;-72,96594;110,2;32,7;7155,3;0;0;0;0;;27137;525,1;1,7;
2022-11-03 15:06:29;-36,7112;-72,96594;110,2;32,7;7155,3;0;0;0;0;;27137;525,6;1,7;
2022-11-03 15:06:59;-36,7112;-72,96594;110,2;32,7;7155,3;0;0;0;0;;27137;525,6;1,4;
2022-11-03 15:07:29;-36,7112;-72,96594;110,2;32,7;7155,3;0;0;0;0;;27137;526,1;1,7;
2022-11-03 15:07:56;-36,7112;-72,96594;110,2;32,7;7155,3;0;0;0;0;;27137;526,1;1,7;
2022-11-03 15:08:26;-36,7112;-72,96594;110,2;32,7;7155,3;0;0;0;0;;27137;526,6;1,4;
2022-11-03 15:08:56;-36,7112;-72,96594;110,2;32,7;7155,3;0;0;0;0;;27137;526,6;1,7;
2022-11-03 15:09:29;-36,7112;-72,96594;110,2;32,7;7155,3;0;0;0;0;;27137;526,6;1,7;
2022-11-03 15:09:59;-36,7112;-72,96594;110,2;32,7;7155,3;0;0;0;0;;27137;526,6;1,7;
2022-11-03 15:10:29;-36,7112;-72,96594;110,2;32,7;7155,3;0;0;0;0;;27137;526,6;1,4;
2022-11-03 15:10:59;-36,7112;-72,96594;110,2;32,7;7155,3;0;0;0;0;;27137;527,1;1,7;
2022-11-03 15:11:29;-36,7112;-72,96594;110,2;32,7;7155,3;0;0;0;0;;27137;527,1;1,7;
2022-11-03 15:11:56;-36,7112;-72,96594;110,2;32,7;7155,3;0;0;0;0;;27137;527,1;1,7;
2022-11-03 15:12:26;-36,7112;-72,96594;110,2;32,7;7155,3;0;0;0;0;;27137;527,1;1,7;
2022-11-03 15:12:56;-36,7112;-72,96594;114;32,6;7155,3;0;0;0;0;;27137;527,1;2;
2022-11-03 15:13:29;-36,71061;-72,96634;119,6;32,5;7155,4;3;0;0;0;;27005;526,1;3,9;
2022-11-03 15:13:59;-36,71061;-72,96634;111,5;32,5;7155,5;24;0;0;0;;27137;529,2;-18;
2022-11-03 15:14:29;-36,71203;-72,96582;94,6;32,6;7155,8;29;0;0;0;;27137;531,7;-22,4;
2022-11-03 15:14:59;-36,71181;-72,97012;85,6;32,6;7156;18;0;0;0;;27137;528,1;-2,9;
2022-11-03 15:15:29;-36,71181;-72,97012;67,8;32,6;7156,1;23;0;0;0;;27137;528,6;-14,5;
2022-11-03 15:15:59;-36,71257;-72,97145;41,5;32,6;7156,3;20;0;0;0;;27137;527,6;41,8;
2022-11-03 15:16:29;-36,71154;-72,97304;25,9;32,6;7156,5;17;0;0;0;;27005;529,2;-2,6;
2022-11-03 15:16:59;-36,71154;-72,97304;20,9;32,6;7156,5;0;0;0;0;;27005;528,1;1,7;
2022-11-03 15:17:29;-36,71097;-72,97346;20,9;32,6;7156,5;0;0;0;0;;27005;527,6;1,7;
2022-11-03 15:17:59;-36,71097;-72,97352;21,6;32,6;7156,6;6;0;0;0;;27005;527,6;1,4;
2022-11-03 15:18:29;-36,71097;-72,97352;14,6;32,2;7157;86;0;0;0;;27005;502,8;163,4;
2022-11-03 15:18:59;-36,71719;-72,97452;50,6;31,8;7157,6;0;0;0;0;;27137;520,7;1,1;
2022-11-03 15:19:29;-36,72059;-72,97662;51,7;31,5;7157,8;55;0;0;0;;27137;525,1;-60,4;
2022-11-03 15:19:59;-36,72059;-72,97662;27,7;31,6;7158,2;0;0;0;0;;27137;525,6;0,9;
2022-11-03 15:20:29;-36,72463;-72,97915;28,5;31,6;7158,2;19;0;0;0;;27137;515,1;111,1;
2022-11-03 15:20:59;-36,7281;-72,98025;41,7;31,1;7158,8;78;0;0;0;;27137;498,7;169,4;
2022-11-03 15:21:29;-36,7281;-72,98025;63;30,6;7159,4;76;0;0;0;;27137;520,2;-66,4;
2022-11-03 15:21:59;-36,73605;-72,98468;57,8;30,5;7160;69;0;0;0;;27137;526,1;-80,7;
2022-11-03 15:22:29;-36,74383;-72,98919;54;30,1;7160,7;88;0;0;0;;27137;497,7;162,8;
2022-11-03 15:22:59;-36,74383;-72,98919;83,5;29,5;7161,4;74;0;0;0;;27137;516,6;-86,8;
2022-11-03 15:23:29;-36,75193;-72,99281;73,2;29,6;7161,9;49;0;0;0;;27137;513,5;112,5;
2022-11-03 15:23:59;-36,7551;-72,99868;61,6;29,4;7162,5;65;0;0;0;;27137;527,1;-74,1;
2022-11-03 15:24:29;-36,7551;-72,99868;54,5;29,4;7162,9;41;0;0;0;;27137;515,6;74,6;
2022-11-03 15:24:59;-36,75482;-73,00142;43,1;29;7163,4;85;0;0;0;;27137;506,9;165,9;
2022-11-03 15:25:29;-36,76221;-73,00822;25,4;28,8;7164,1;83;0;0;0;;27137;527,6;-102,2;
2022-11-03 15:25:59;-36,76221;-73,00822;21,1;28,7;7164,8;63;0;0;0;;27137;529,7;-106,3;
2022-11-03 15:26:29;-36,7691;-73,01333;17,7;28,7;7164,9;0;0;0;0;;27137;521,7;1,1;
2022-11-03 15:26:59;-36,7713;-73,01448;13,1;28,3;7165,3;85;0;0;0;;27137;499,7;161,2;
2022-11-03 15:27:29;-36,7713;-73,01448;11,8;28,1;7165,9;68;0;0;0;;27137;522,2;-78,3;
2022-11-03 15:27:59;-36,77926;-73,01933;11,6;27,8;7166,5;76;0;0;0;;27137;510,5;116,6;
2022-11-03 15:28:29;-36,78706;-73,02324;12,6;27,6;7167,1;47;0;0;0;;27137;516,1;-24,6;
2022-11-03 15:28:59;-36,78706;-73,02324;13,3;27,6;7167,5;19;0;0;0;;27137;522,2;-5,9;
2022-11-03 15:29:29;-36,79099;-73,02495;13;27,6;7167,5;0;0;0;0;;27137;521,7;1,1;
2022-11-03 15:29:59;-36,79284;-73,02541;13,7;27,4;7167,8;54;0;0;0;;27137;515,1;53,9;
2022-11-03 15:30:26;-36,79284;-73,02541;15,8;27,4;7168,2;24;0;0;0;;27137;523,3;-16,9;
2022-11-03 15:30:56;-36,79722;-73,0258;15,5;27,2;7168,4;59;0;0;0;;27005;519,7;-63,4;
2022-11-03 15:31:26;-36,80309;-73,02542;18,1;27,1;7168,9;5;0;0;0;;27137;520,7;0,9;
2022-11-03 15:31:56;-36,80309;-73,02542;19,2;26,8;7169,1;63;0;0;0;;27005;507,4;77,3;
2022-11-03 15:32:29;-36,80696;-73,02422;18,8;26,7;7169,7;45;0;0;0;;27137;522,2;-2,9;
2022-11-03 15:32:59;-36,80988;-73,02849;6,8;26,7;7169,9;26;0;0;0;;27137;517,1;35,5;
2022-11-03 15:33:29;-36,80988;-73,02849;21,2;26,1;7170,4;79;0;0;0;;27005;495,1;159,5;
2022-11-03 15:33:59;-36,80659;-73,03546;19,5;25,7;7171,1;88;0;0;0;;27137;517,6;-113,5;
2022-11-03 15:34:29;-36,79958;-73,0442;36,4;25,2;7171,8;83;0;0;0;;27137;491,5;157,9;
2022-11-03 15:34:59;-36,79958;-73,0442;29,1;24,7;7172,6;86;0;0;0;;27137;494,1;160,9;
2022-11-03 15:35:29;-36,79945;-73,05603;36,2;24,6;7173,2;30;0;0;0;;27137;519,7;-26;
2022-11-03 15:35:56;-36,79726;-73,06242;35,6;24,4;7173,5;52;0;0;0;;27005;513,5;63,8;
2022-11-03 15:36:26;-36,79726;-73,06242;19,8;24,1;7174;68;0;0;0;;27137;518,7;78,4;
2022-11-03 15:36:56;-36,79301;-73,0693;17,7;24;7174,5;53;0;0;0;;27137;511,5;62,2;
2022-11-03 15:37:26;-36,78748;-73,07246;16,4;23,7;7175;61;0;0;0;;27137;523,3;-109,3;
2022-11-03 15:37:56;-36,78748;-73,07246;15,4;23,1;7175,5;88;0;0;0;;27137;493,6;134,2;
2022-11-03 15:38:29;-36,78436;-73,08006;26,9;22,4;7176,2;80;0;0;0;;27137;493,6;145,8;
2022-11-03 15:38:59;-36,7816;-73,09084;18,7;22,4;7176,8;12;0;0;0;;27137;518,7;2,8;
2022-11-03 15:39:29;-36,7816;-73,09084;18,9;22,4;7176,8;0;0;0;0;;27005;517,6;1,7;
2022-11-03 15:39:59;-36,78138;-73,09176;21,3;22;7177,1;54;0;0;0;;27137;502,3;135,9;
2022-11-03 15:40:29;-36,77993;-73,09781;22;21,9;7177,4;22;0;0;0;;27137;513;55,3;
2022-11-03 15:40:59;-36,77993;-73,09781;18;21,5;7177,9;63;0;0;0;;27137;509,4;31,1;
2022-11-03 15:41:29;-36,77833;-73,10438;16,8;21,6;7178,1;0;0;0;0;;27137;517,6;1,1;
2022-11-03 15:41:56;-36,77807;-73,10462;16,8;21,6;7178,1;0;0;0;0;;27137;518,1;1,1;
2022-11-03 15:42:26;-36,77807;-73,10462;18,5;21,5;7178,1;11;0;0;0;;27137;518,1;0,9;
2022-11-03 16:05:11;-36,77754;-73,10417;18,1;21,5;7178,1;0;0;0;0;;24922;521,7;2,2;
2022-11-03 16:05:41;-36,77754;-73,10417;18,1;21,5;7178,2;8;0;0;0;;27137;521,2;0,9;
2022-11-03 16:06:11;-36,77754;-73,10417;8,1;21,5;7178,2;11;0;0;0;;27137;521,2;1,4;
2022-11-03 16:06:41;-36,77748;-73,10439;20;21,5;7178,3;5;0;0;0;;27137;521,2;1,4;
2022-11-03 16:29:26;-36,77776;-73,10436;19,3;21,5;7178,3;0;0;0;0;;24791;522,2;2,5;
2022-11-03 16:29:56;-36,77776;-73,10436;19,3;21,5;7178,3;2;0;0;0;;27137;521,7;1,4;
2022-11-03 16:30:26;-36,778;-73,10462;18,3;21,5;7178,3;0;0;0;0;;27137;521,7;1,1;
2022-11-03 16:30:56;-36,778;-73,10462;18,3;21,5;7178,3;1;0;0;0;;27137;521,7;3,3;
2022-11-03 16:31:26;-36,778;-73,10462;15,6;21,5;7178,4;0;0;0;0;;27137;521,7;1,1;
2022-11-03 16:31:56;-36,77816;-73,10471;13,9;21,4;7178,4;14;0;0;0;;27137;518,7;28,6;
2022-11-03 16:32:26;-36,77761;-73,10774;12,8;21,1;7178,8;43;0;0;0;;27137;523,3;-68,6;
2022-11-03 16:32:56;-36,77761;-73,10774;11,3;21,1;7178,9;18;0;0;0;;27137;517,1;32,2;
2022-11-03 16:33:26;-36,77748;-73,10884;11,7;20,9;7179,2;42;0;0;0;;27137;511,5;55,9;
2022-11-03 16:33:56;-36,77834;-73,10532;11,9;20,9;7179,3;11;0;0;0;;27137;516,6;44,6;
2022-11-03 16:34:26;-36,77834;-73,10532;13,5;20,8;7179,3;22;0;0;0;;27137;511;116,1;
2022-11-03 16:34:56;-36,77869;-73,10389;14;20,6;7179,6;0;0;0;0;;27137;518,7;0,9;
2022-11-03 16:35:26;-36,77919;-73,10192;14;20,6;7179,6;0;0;0;0;;27005;519,7;1,1;
2022-11-03 16:35:56;-36,77919;-73,10192;14;20,6;7179,6;0;0;0;0;;27137;519,7;1,1;
2022-11-03 16:36:26;-36,77919;-73,10192;14;20,6;7179,6;0;0;0;0;;27137;520,2;1,1;
2022-11-03 16:36:56;-36,77919;-73,10192;14;20,6;7179,6;0;0;0;0;;27137;520,2;1,1;
2022-11-03 16:37:26;-36,77919;-73,10192;14;20,6;7179,6;0;0;0;0;;27137;520,2;1,1;
2022-11-03 16:37:56;-36,77919;-73,10192;14;20,6;7179,6;0;0;0;0;;27137;520,2;1,1;
2022-11-03 16:38:26;-36,77919;-73,10192;14;20,6;7179,6;0;0;0;0;;27137;520,7;1,1;
2022-11-03 16:38:56;-36,77919;-73,10192;14;20,6;7179,6;0;0;0;0;;27137;520,7;1,1;
2022-11-03 16:39:26;-36,77919;-73,10192;14;20,6;7179,6;0;0;0;0;;27137;520,7;1,1;
2022-11-03 16:39:56;-36,77919;-73,10192;14;20,6;7179,6;0;0;0;0;;27137;520,7;1,1;
2022-11-03 16:40:26;-36,77919;-73,10192;14;20,6;7179,6;0;0;0;0;;27137;520,7;0,9;
2022-11-03 16:40:56;-36,77919;-73,10192;14;20,6;7179,6;0;0;0;0;;27137;520,7;1,1;
2022-11-03 16:41:26;-36,77919;-73,10192;16;20,4;7179,6;35;0;0;0;;27137;515,1;16,3;
2022-11-03 16:41:56;-36,77919;-73,10192;16,4;20,3;7179,9;13;0;0;0;;27137;519,7;1,4;
2022-11-03 16:42:26;-36,78;-73,09859;18,3;20,3;7179,9;18;0;0;0;;27137;515,1;66;
2022-11-03 16:42:56;-36,78048;-73,09657;18,5;20,1;7180,1;24;0;0;0;;27137;511;96,6;
2022-11-03 16:43:26;-36,78048;-73,09657;17,5;20;7180,3;39;0;0;0;;27137;510;52;
2022-11-03 16:43:56;-36,78121;-73,09332;15,1;20;7180,5;0;0;0;0;;27137;518,7;0,9;
2022-11-03 16:44:26;-36,78149;-73,09233;15,1;20;7180,5;0;0;0;0;;27137;519,2;1,1;
2022-11-03 16:44:56;-36,78149;-73,09233;15,1;20;7180,5;0;0;0;0;;27137;519,7;1,1;
2022-11-03 16:45:26;-36,78149;-73,09233;15,1;20;7180,5;0;0;0;0;;27137;519,7;1,1;
2022-11-03 16:45:56;-36,78149;-73,09233;15,1;20;7180,5;0;0;0;0;;27137;519,7;1,1;
2022-11-03 16:46:26;-36,78149;-73,09233;15,1;20;7180,5;0;0;0;0;;27137;519,7;1,7;
2022-11-03 16:46:56;-36,78149;-73,09233;15,1;20;7180,5;0;0;0;0;;27005;519,7;1,1;
2022-11-03 17:05:17;-36,78149;-73,09233;15,1;20,1;7180,5;0;0;0;0;;24922;521,2;2,5;
2022-11-03 17:05:47;-36,78149;-73,09233;15,1;20,1;7180,5;3;0;0;0;;27005;520,7;3,6;
2022-11-03 17:06:17;-36,78149;-73,09233;14,3;20;7180,6;34;0;0;0;;27005;514;58,1;
2022-11-03 17:06:47;-36,7825;-73,08806;19,4;19,6;7181;50;0;0;0;;27137;507,9;65,5;
2022-11-03 17:07:17;-36,7825;-73,08806;9,5;19,5;7181,4;57;0;0;0;;27137;513,5;26,4;
2022-11-03 17:07:47;-36,78435;-73,08092;9,3;19,3;7181,9;51;0;0;0;;27137;512;54,5;
2022-11-03 17:08:17;-36,78624;-73,07385;9,7;19,2;7182,3;43;0;0;0;;27005;518,7;0,6;
2022-11-03 17:08:47;-36,78624;-73,07385;9,3;19,2;7182,4;0;0;0;0;;27005;518,1;1,4;
2022-11-03 17:09:17;-36,78766;-73,07302;9,3;19,2;7182,4;0;0;0;0;;27005;518,7;0,9;
2022-11-03 17:09:47;-36,78766;-73,07302;9,3;19,2;7182,4;0;0;0;0;;27005;518,7;1,4;
2022-11-03 17:10:17;-36,78766;-73,07302;9,3;19,2;7182,4;0;0;0;0;;27005;519,2;1,1;
2022-11-03 17:10:47;-36,78766;-73,07302;9,3;19,2;7182,4;0;0;0;0;;27137;519,2;1,4;
2022-11-03 17:11:17;-36,78766;-73,07302;9,3;19,2;7182,4;0;0;0;0;;27005;519,2;1,1;
2022-11-03 17:11:47;-36,78766;-73,07302;9,3;19,2;7182,4;0;0;0;0;;27137;519,2;1,4;
2022-11-03 17:17:14;-36,78766;-73,07302;9,3;19,3;7182,4;0;0;0;0;;25439;520,2;3,6;
2022-11-03 17:17:44;-36,78766;-73,07302;9,3;19,3;7182,4;0;0;0;0;;27137;519,7;1,7;
2022-11-03 17:18:14;-36,78766;-73,07302;9,3;19,3;7182,4;0;0;0;0;;27137;519,7;1,4;
2022-11-03 17:18:44;-36,78766;-73,07302;9,3;19,3;7182,4;6;0;0;0;;27137;519,2;9,4;
2022-11-03 17:19:14;-36,78766;-73,07302;11,5;18,9;7182,6;54;0;0;0;;27137;511;52,8;
2022-11-03 17:19:44;-36,78979;-73,07161;13,1;18,9;7183;28;0;0;0;;27137;520,2;-23,3;
2022-11-03 17:20:14;-36,79332;-73,06942;13,7;18,8;7183,1;16;0;0;0;;27137;515,1;28,4;
2022-11-03 17:20:44;-36,79332;-73,06942;16,5;18,5;7183,4;39;0;0;0;;27137;515,6;-24,1;
2022-11-03 17:21:14;-36,79555;-73,06653;24;18,3;7183,7;30;0;0;0;;27137;510;55;
2022-11-03 17:21:44;-36,79747;-73,06238;23,3;18,1;7184;32;0;0;0;;27137;516,1;19,6;
2022-11-03 17:22:14;-36,79747;-73,06238;27,1;18,1;7184,1;5;0;0;0;;27137;515,6;2,8;
2022-11-03 17:22:44;-36,79859;-73,06064;28,3;18,1;7184,2;2;0;0;0;;27137;516,6;1,7;
2022-11-03 17:23:14;-36,7986;-73,06064;29,1;18,1;7184,2;0;0;0;0;;27137;517,1;1,7;
2022-11-03 18:29:41;-36,7986;-73,06062;29,1;18,2;7184,2;0;0;0;0;;24528;520,2;2,5;
2022-11-03 18:30:11;-36,7986;-73,06062;29,1;18,2;7184,2;0;0;0;0;;27137;519,7;1,4;
2022-11-03 18:34:44;-36,7986;-73,06062;29,1;18,2;7184,2;0;0;0;0;;25184;519,7;2,5;
2022-11-03 18:35:14;-36,7986;-73,06062;29,1;18,2;7184,2;8;0;0;0;;25184;519,7;1,4;
2022-11-03 18:35:44;-36,7986;-73,06062;26,6;18,1;7184,2;21;0;0;0;;27005;515,1;42,7;
2022-11-03 18:36:14;-36,79956;-73,05861;20,6;18,2;7184,4;0;0;0;0;;27005;520,2;1,1;
2022-11-03 18:36:44;-36,79956;-73,05861;16,4;18,1;7184,4;8;0;0;0;;27005;518,7;2,8;
2022-11-03 18:37:14;-36,79996;-73,05877;13,2;18,1;7184,4;0;0;0;0;;27005;519,2;1,4;
2022-11-03 18:43:38;-36,79991;-73,05884;13,2;18,2;7184,4;0;0;0;0;;24660;519,7;2,5;
2022-11-03 18:44:08;-36,79991;-73,05884;20,5;18,2;7184,5;0;0;0;0;;27005;519,7;1,4;
2022-11-03 18:44:38;-36,79993;-73,05886;20,5;18,2;7184,5;0;0;0;0;;27137;519,7;0,9;
2022-11-03 18:44:59;-36,79993;-73,05886;20,5;18,2;7184,5;0;0;0;1;;27137;519,7;0;
2022-11-03 18:45:29;-36,79993;-73,05886;20,5;18,2;7184,5;0;0;0;1;;27005;521,7;-11,4;
2022-11-03 18:45:59;-36,79993;-73,05886;20,5;18,3;7184,5;0;0;0;1;;27005;522,2;-11,4;
2022-11-03 18:46:29;-36,79993;-73,05889;23;18,3;7184,5;0;0;0;1;;27137;522,8;-11,2;
2022-11-03 18:46:59;-36,79993;-73,05889;23;18,4;7184,5;0;0;0;1;;27137;523,3;-10,9;
2022-11-03 18:47:29;-36,79993;-73,05889;23;18,5;7184,5;0;0;0;1;;27137;523,3;-11,4;
2022-11-03 18:47:59;-36,79993;-73,05889;23;18,6;7184,5;0;0;0;1;;27137;523,8;-10,9;
2022-11-03 18:48:29;-36,79993;-73,05889;23;18,7;7184,5;0;0;0;1;;27137;523,8;-11,4;
2022-11-03 18:48:59;-36,79993;-73,05889;23;18,7;7184,5;0;0;0;1;;27137;524,5;-11,2;
2022-11-03 18:49:29;-36,79993;-73,05889;23;18,8;7184,5;0;0;0;1;;27137;524,5;-11,4;
2022-11-03 18:49:59;-36,79993;-73,05889;23;18,9;7184,5;0;0;0;1;;27137;524,5;-11,2;
2022-11-03 18:50:29;-36,79993;-73,05889;23;19;7184,5;0;0;0;1;;27137;525,1;-11,4;
2022-11-03 18:50:59;-36,79993;-73,05889;23;19;7184,5;0;0;0;1;;27137;525,1;-11,2;
2022-11-03 18:51:29;-36,79993;-73,05889;23;19,1;7184,5;0;0;0;1;;27137;525,1;-11,4;
2022-11-03 18:51:59;-36,79993;-73,05889;23;19,2;7184,5;0;0;0;1;;27137;525,6;-11,2;
2022-11-03 18:52:29;-36,79993;-73,05889;23;19,2;7184,5;0;0;0;1;;27137;525,6;-11,2;
2022-11-03 18:52:59;-36,79993;-73,05889;23;19,3;7184,5;0;0;0;1;;27137;525,6;-11,4;
2022-11-03 18:53:29;-36,79993;-73,05889;23;19,4;7184,5;0;0;0;1;;27137;526,1;-10,9;
2022-11-03 18:53:59;-36,79993;-73,05889;23;19,5;7184,5;0;0;0;1;;27137;526,1;-11,4;
2022-11-03 18:54:29;-36,79993;-73,05889;23;19,5;7184,5;0;0;0;1;;27137;526,1;-10,9;
2022-11-03 18:54:59;-36,79993;-73,05889;23;19,6;7184,5;0;0;0;1;;27137;526,1;-11,2;
2022-11-03 18:55:29;-36,79993;-73,05889;23;19,7;7184,5;0;0;0;1;;27137;526,6;-11,4;
2022-11-03 18:55:59;-36,79993;-73,05889;23;19,8;7184,5;0;0;0;1;;27137;526,6;-11,2;
2022-11-03 18:56:29;-36,79993;-73,05889;23;19,9;7184,5;0;0;0;1;;27137;526,6;-10,9;
2022-11-03 18:56:59;-36,79993;-73,05889;23;19,9;7184,5;0;0;0;1;;27137;526,6;-10,9;
2022-11-03 18:57:29;-36,79993;-73,05889;23;20;7184,5;0;0;0;1;;27137;526,6;-10,9;
2022-11-03 18:57:59;-36,79993;-73,05889;23;20,1;7184,5;0;0;0;1;;27137;527,1;-10,9;
2022-11-03 18:58:29;-36,79993;-73,05889;23;20,1;7184,5;0;0;0;1;;27137;527,1;-11,2;
2022-11-03 18:58:59;-36,79993;-73,05889;23;20,2;7184,5;0;0;0;1;;27137;527,1;-11,2;
2022-11-03 18:59:29;-36,79993;-73,05889;23;20,3;7184,5;0;0;0;1;;27137;527,1;-11,2;
2022-11-03 18:59:59;-36,79993;-73,05889;23;20,4;7184,5;0;0;0;1;;27137;527,1;-10,9;
2022-11-03 19:00:29;-36,79993;-73,05889;23;20,4;7184,5;0;0;0;1;;27137;527,6;-11,2;
2022-11-03 19:00:59;-36,79993;-73,05889;23;20,5;7184,5;0;0;0;1;;27137;527,6;-11,2;
2022-11-03 19:01:29;-36,79993;-73,05889;23;20,6;7184,5;0;0;0;1;;27137;527,6;-10,9;
2022-11-03 19:01:59;-36,79993;-73,05889;23;20,7;7184,5;0;0;0;1;;27137;527,6;-11,4;
2022-11-03 19:02:29;-36,79993;-73,05889;23;20,7;7184,5;0;0;0;1;;27137;527,6;-10,9;
2022-11-03 19:02:59;-36,79993;-73,05889;23;20,8;7184,5;0;0;0;1;;27137;527,6;-11,2;
2022-11-03 19:03:29;-36,79993;-73,05889;23;20,9;7184,5;0;0;0;1;;27137;528,1;-11,2;
2022-11-03 19:03:59;-36,79993;-73,05889;23;21;7184,5;0;0;0;1;;27137;528,1;-11,2;
2022-11-03 19:04:29;-36,79993;-73,05889;23;21;7184,5;0;0;0;1;;27137;528,1;-11,2;
2022-11-03 19:04:59;-36,79993;-73,05889;23;21,1;7184,5;0;0;0;1;;27137;528,1;-11,2;
2022-11-03 19:05:29;-36,79993;-73,05889;23;21,2;7184,5;0;0;0;1;;27137;528,1;-11,4;
2022-11-03 19:05:59;-36,79993;-73,05889;23;21,3;7184,5;0;0;0;1;;27137;528,1;-11,2;
2022-11-03 19:06:29;-36,79993;-73,05889;23;21,3;7184,5;0;0;0;1;;27137;528,1;-11,4;
2022-11-03 19:06:59;-36,79993;-73,05889;23;21,4;7184,5;0;0;0;1;;27137;528,6;-11,2;
2022-11-03 19:07:29;-36,79993;-73,05889;23;21,5;7184,5;0;0;0;1;;27137;528,6;-11,4;
2022-11-03 19:07:59;-36,79993;-73,05889;23;21,5;7184,5;0;0;0;1;;27137;528,6;-11,4;
2022-11-03 19:08:29;-36,79993;-73,05889;23;21,6;7184,5;0;0;0;1;;27137;528,6;-11,2;
2022-11-03 19:08:59;-36,79993;-73,05889;23;21,7;7184,5;0;0;0;1;;27137;528,6;-10,9;
2022-11-03 19:09:29;-36,79993;-73,05889;23;21,8;7184,5;0;0;0;1;;27137;528,6;-11,2;
2022-11-03 19:09:59;-36,79993;-73,05889;23;21,9;7184,5;0;0;0;1;;27137;528,6;-10,9;
2022-11-03 19:10:29;-36,79993;-73,05889;23;21,9;7184,5;0;0;0;1;;27137;528,6;-10,9;
2022-11-03 19:10:59;-36,79993;-73,05889;23;22;7184,5;0;0;0;1;;27137;529,2;-11,4;
2022-11-03 19:11:29;-36,79993;-73,05889;23;22,1;7184,5;0;0;0;1;;27137;529,2;-11,4;
2022-11-03 19:11:59;-36,79993;-73,05889;23;22,1;7184,5;0;0;0;1;;27137;529,2;-11,2;
2022-11-03 19:12:29;-36,79993;-73,05889;23;22,2;7184,5;0;0;0;1;;27137;529,2;-11,2;
2022-11-03 19:12:59;-36,79993;-73,05889;23;22,3;7184,5;0;0;0;1;;27137;529,2;-10,9;
2022-11-03 19:13:29;-36,79993;-73,05889;23;22,4;7184,5;0;0;0;1;;27137;529,2;-10,9;
2022-11-03 19:13:59;-36,79993;-73,05889;23;22,4;7184,5;0;0;0;1;;27137;529,2;-10,9;
2022-11-03 19:14:29;-36,79993;-73,05889;23;22,5;7184,5;0;0;0;1;;27137;529,2;-10,9;
2022-11-03 19:14:59;-36,79993;-73,05889;23;22,6;7184,5;0;0;0;1;;27137;529,7;-11,4;
2022-11-03 19:15:29;-36,79993;-73,05889;23;22,7;7184,5;0;0;0;1;;27137;529,7;-11,2;
2022-11-03 19:15:59;-36,79993;-73,05889;23;22,7;7184,5;0;0;0;1;;27137;529,7;-11,2;
2022-11-03 19:16:29;-36,79993;-73,05889;23;22,8;7184,5;0;0;0;1;;27137;529,7;-11,2;
2022-11-03 19:16:59;-36,79993;-73,05889;23;22,9;7184,5;0;0;0;1;;27137;529,7;-11,4;
2022-11-03 19:17:29;-36,79993;-73,05889;23;23;7184,5;0;0;0;1;;27137;529,7;-11,4;
2022-11-03 19:17:59;-36,79993;-73,05889;23;23;7184,5;0;0;0;1;;27137;529,7;-10,9;
2022-11-03 19:18:29;-36,79993;-73,05889;23;23,1;7184,5;0;0;0;1;;27137;529,7;-11,2;
2022-11-03 19:18:59;-36,79993;-73,05889;23;23,2;7184,5;0;0;0;1;;27137;529,7;-11,4;
2022-11-03 19:19:29;-36,79993;-73,05889;23;23,2;7184,5;0;0;0;1;;27137;530,2;-10,9;
2022-11-03 19:19:59;-36,79993;-73,05889;23;23,3;7184,5;0;0;0;1;;27137;530,2;-11,2;
2022-11-03 19:20:29;-36,79993;-73,05889;23;23,4;7184,5;0;0;0;1;;27137;530,2;-11,2;
2022-11-03 19:20:59;-36,79993;-73,05889;23;23,5;7184,5;0;0;0;1;;27137;530,2;-11,2;
2022-11-03 19:21:29;-36,79993;-73,05889;23;23,5;7184,5;0;0;0;1;;27137;530,2;-10,9;
2022-11-03 19:21:59;-36,79993;-73,05889;23;23,6;7184,5;0;0;0;1;;27137;530,2;-11,2;
2022-11-03 19:22:29;-36,79993;-73,05889;23;23,7;7184,5;0;0;0;1;;27137;530,2;-10,9;
2022-11-03 19:22:59;-36,79993;-73,05889;23;23,8;7184,5;0;0;0;1;;27137;530,2;-10,9;
2022-11-03 19:23:29;-36,79993;-73,05889;23;23,8;7184,5;0;0;0;1;;27137;530,7;-11,2;
2022-11-03 19:23:59;-36,79993;-73,05889;23;23,9;7184,5;0;0;0;1;;27137;530,7;-10,9;
2022-11-03 19:24:29;-36,79993;-73,05889;23;24;7184,5;0;0;0;1;;27137;530,7;-11,2;
2022-11-03 19:24:59;-36,79993;-73,05889;23;24,1;7184,5;0;0;0;1;;27137;530,7;-11,2;
2022-11-03 19:25:29;-36,79993;-73,05889;23;24,1;7184,5;0;0;0;1;;27137;530,7;-10,9;
2022-11-03 19:25:59;-36,79993;-73,05889;23;24,2;7184,5;0;0;0;1;;27137;530,7;-10,9;
2022-11-03 19:26:29;-36,79993;-73,05889;23;24,3;7184,5;0;0;0;1;;27137;530,7;-11,4;
2022-11-03 19:26:59;-36,79993;-73,05889;23;24,3;7184,5;0;0;0;1;;27137;530,7;-10,9;
2022-11-03 19:27:29;-36,79993;-73,05889;23;24,4;7184,5;0;0;0;1;;27137;530,7;-10,9;
2022-11-03 19:27:59;-36,79993;-73,05889;23;24,5;7184,5;0;0;0;1;;27137;531,2;-10,9;
2022-11-03 19:28:29;-36,79993;-73,05889;23;24,6;7184,5;0;0;0;1;;27137;531,2;-10,9;
2022-11-03 19:28:59;-36,79993;-73,05889;23;24,7;7184,5;0;0;0;1;;27137;531,2;-10,9;
2022-11-03 19:29:29;-36,79993;-73,05889;23;24,7;7184,5;0;0;0;1;;27137;531,2;-11,2;
2022-11-03 19:29:59;-36,79993;-73,05889;23;24,8;7184,5;0;0;0;1;;27137;531,2;-11,2;
2022-11-03 19:30:29;-36,79993;-73,05889;23;24,9;7184,5;0;0;0;1;;27137;531,2;-11,2;
2022-11-03 19:30:59;-36,79993;-73,05889;23;24,9;7184,5;0;0;0;1;;27137;531,2;-10,9;
2022-11-03 19:31:29;-36,79993;-73,05889;23;25;7184,5;0;0;0;1;;27137;531,2;-11,2;
2022-11-03 19:31:59;-36,79993;-73,05889;23;25,1;7184,5;0;0;0;1;;27137;531,2;-10,9;
2022-11-03 19:32:29;-36,79993;-73,05889;23;25,1;7184,5;0;0;0;1;;27137;531,2;-11,2;
2022-11-03 19:32:59;-36,79993;-73,05889;23;25,1;7184,5;0;0;0;1;;27137;531,7;-10,9;
2022-11-03 19:33:29;-36,79993;-73,05889;23;25,2;7184,5;0;0;0;1;;27137;531,7;-10,9;
2022-11-03 19:33:59;-36,79993;-73,05889;23;25,2;7184,5;0;0;0;1;;27137;531,7;-10,9;
2022-11-03 19:34:29;-36,79993;-73,05889;23;25,3;7184,5;0;0;0;1;;27137;531,7;-11,2;
2022-11-03 19:34:59;-36,79993;-73,05889;23;25,3;7184,5;0;0;0;1;;27137;531,7;-11,4;
2022-11-03 19:35:29;-36,79993;-73,05889;23;25,4;7184,5;0;0;0;1;;27137;531,7;-10,9;
2022-11-03 19:35:59;-36,79993;-73,05889;23;25,4;7184,5;0;0;0;1;;27137;531,7;-11,2;
2022-11-03 19:36:29;-36,79993;-73,05889;23;25,4;7184,5;0;0;0;1;;27137;531,7;-11,4;
2022-11-03 19:36:59;-36,79993;-73,05889;23;25,5;7184,5;0;0;0;1;;27137;531,7;-11,2;
2022-11-03 19:37:29;-36,79993;-73,05889;23;25,5;7184,5;0;0;0;1;;27137;532,2;-10,9;
2022-11-03 19:37:59;-36,79993;-73,05889;23;25,6;7184,5;0;0;0;1;;27137;532,2;-11,2;
2022-11-03 19:38:29;-36,79993;-73,05889;23;25,6;7184,5;0;0;0;1;;27137;532,2;-10,9;
2022-11-03 19:38:59;-36,79993;-73,05889;23;25,7;7184,5;0;0;0;1;;27137;532,2;-11,2;
2022-11-03 19:39:29;-36,79993;-73,05889;23;25,7;7184,5;0;0;0;1;;27137;532,2;-11,2;
2022-11-03 19:39:59;-36,79993;-73,05889;23;25,7;7184,5;0;0;0;1;;27137;532,2;-10,9;
2022-11-03 19:40:29;-36,79993;-73,05889;23;25,8;7184,5;0;0;0;1;;27137;532,2;-11,2;
2022-11-03 19:40:59;-36,79993;-73,05889;23;25,8;7184,5;0;0;0;1;;27137;532,2;-11,2;
2022-11-03 19:41:29;-36,79993;-73,05889;23;25,9;7184,5;0;0;0;1;;27137;532,2;-11,4;
2022-11-03 19:41:59;-36,79993;-73,05889;23;25,9;7184,5;0;0;0;1;;27137;532,2;-10,9;
2022-11-03 19:42:29;-36,79993;-73,05889;23;26;7184,5;0;0;0;1;;27137;532,2;-11,2;
2022-11-03 19:42:59;-36,79993;-73,05889;23;26;7184,5;0;0;0;1;;27137;532,2;-11,4;
2022-11-03 19:43:29;-36,79993;-73,05889;23;26;7184,5;0;0;0;1;;27137;532,7;-11,2;
2022-11-03 19:43:59;-36,79993;-73,05889;23;26,1;7184,5;0;0;0;1;;27137;532,7;-10,9;
2022-11-03 19:44:29;-36,79993;-73,05889;23;26,1;7184,5;0;0;0;1;;27137;532,7;-11,4;
2022-11-03 19:44:59;-36,79993;-73,05889;23;26,2;7184,5;0;0;0;1;;27137;532,7;-10,9;
2022-11-03 19:45:29;-36,79993;-73,05889;23;26,2;7184,5;0;0;0;1;;27137;532,7;-10,9;
2022-11-03 19:45:59;-36,79993;-73,05889;23;26,3;7184,5;0;0;0;1;;27137;532,7;-11,4;
2022-11-03 19:46:29;-36,79993;-73,05889;23;26,3;7184,5;0;0;0;1;;27137;532,7;-11,4;
2022-11-03 19:46:59;-36,79993;-73,05889;23;26,4;7184,5;0;0;0;1;;27137;532,7;-11,4;
2022-11-03 19:47:29;-36,79993;-73,05889;23;26,4;7184,5;0;0;0;1;;27137;532,7;-11,2;
2022-11-03 19:47:59;-36,79993;-73,05889;23;26,4;7184,5;0;0;0;1;;27137;532,7;-10,9;
2022-11-03 19:48:29;-36,79993;-73,05889;23;26,5;7184,5;0;0;0;1;;27137;532,7;-11,2;
2022-11-03 19:48:59;-36,79993;-73,05889;23;26,5;7184,5;0;0;0;1;;27137;532,7;-11,4;
2022-11-03 19:49:29;-36,79993;-73,05889;23;26,6;7184,5;0;0;0;1;;27137;533,2;-10,9;
2022-11-03 19:49:59;-36,79993;-73,05889;23;26,6;7184,5;0;0;0;1;;27137;533,2;-10,9;
2022-11-03 19:50:29;-36,79993;-73,05889;23;26,7;7184,5;0;0;0;1;;27137;533,2;-10,9;
2022-11-03 19:50:59;-36,79993;-73,05889;23;26,7;7184,5;0;0;0;1;;27137;533,2;-11,4;
2022-11-03 19:51:29;-36,79993;-73,05889;23;26,7;7184,5;0;0;0;1;;27137;533,2;-10,9;
2022-11-03 19:51:59;-36,79993;-73,05889;23;26,8;7184,5;0;0;0;1;;27137;533,2;-11,2;
2022-11-03 19:52:29;-36,79993;-73,05889;23;26,8;7184,5;0;0;0;1;;27137;533,2;-10,9;
2022-11-03 19:52:59;-36,79993;-73,05889;23;26,9;7184,5;0;0;0;1;;27137;533,2;-10,9;
2022-11-03 19:53:29;-36,79993;-73,05889;23;26,9;7184,5;0;0;0;1;;27137;533,2;-11,2;
2022-11-03 19:53:59;-36,79993;-73,05889;23;27;7184,5;0;0;0;1;;27137;533,2;-11,2;
2022-11-03 19:54:29;-36,79993;-73,05889;23;27;7184,5;0;0;0;1;;27137;533,2;-10,9;
2022-11-03 19:54:59;-36,79993;-73,05889;23;27;7184,5;0;0;0;1;;27137;533,2;-11,4;
2022-11-03 19:55:29;-36,79993;-73,05889;23;27,1;7184,5;0;0;0;1;;27137;533,2;-10,9;
2022-11-03 19:55:59;-36,79993;-73,05889;23;27,1;7184,5;0;0;0;1;;27137;533,2;-10,9;
2022-11-03 19:56:29;-36,79993;-73,05889;23;27,2;7184,5;0;0;0;1;;27137;533,8;-11,4;
2022-11-03 19:56:59;-36,79993;-73,05889;23;27,2;7184,5;0;0;0;1;;27137;533,8;-10,9;
2022-11-03 19:57:29;-36,79993;-73,05889;23;27,3;7184,5;0;0;0;1;;27137;533,8;-10,9;
2022-11-03 19:57:59;-36,79993;-73,05889;23;27,3;7184,5;0;0;0;1;;27137;533,8;-11,2;
2022-11-03 19:58:29;-36,79993;-73,05889;23;27,3;7184,5;0;0;0;1;;27137;533,8;-11,2;
2022-11-03 19:58:59;-36,79993;-73,05889;23;27,4;7184,5;0;0;0;1;;27137;533,8;-11,2;
2022-11-03 19:59:29;-36,79993;-73,05889;23;27,4;7184,5;0;0;0;1;;27137;533,8;-11,2;
2022-11-03 19:59:59;-36,79993;-73,05889;23;27,5;7184,5;0;0;0;1;;27137;533,8;-10,9;
2022-11-03 20:00:29;-36,79993;-73,05889;23;27,5;7184,5;0;0;0;1;;27137;533,8;-11,2;
2022-11-03 20:00:59;-36,79993;-73,05889;23;27,6;7184,5;0;0;0;1;;27137;533,8;-11,4;
2022-11-03 20:01:29;-36,79993;-73,05889;23;27,6;7184,5;0;0;0;1;;27137;533,8;-10,9;
2022-11-03 20:01:59;-36,79993;-73,05889;23;27,6;7184,5;0;0;0;1;;27137;533,8;-10,9;
2022-11-03 20:02:29;-36,79993;-73,05889;23;27,7;7184,5;0;0;0;1;;27137;533,8;-11,2;
2022-11-03 20:02:59;-36,79993;-73,05889;23;27,7;7184,5;0;0;0;1;;27137;533,8;-10,9;
2022-11-03 20:03:29;-36,79993;-73,05889;23;27,8;7184,5;0;0;0;1;;27137;533,8;-11,2;
2022-11-03 20:03:59;-36,79993;-73,05889;23;27,8;7184,5;0;0;0;1;;27137;534,3;-10,9;
2022-11-03 20:04:29;-36,79993;-73,05889;23;27,9;7184,5;0;0;0;1;;27137;534,3;-11,2;
2022-11-03 20:04:59;-36,79993;-73,05889;23;27,9;7184,5;0;0;0;1;;27137;534,3;-10,9;
2022-11-03 20:05:29;-36,79993;-73,05889;23;27,9;7184,5;0;0;0;1;;27137;534,3;-11,2;
2022-11-03 20:05:59;-36,79993;-73,05889;23;28;7184,5;0;0;0;1;;27137;534,3;-11,2;
2022-11-03 20:06:29;-36,79993;-73,05889;23;28;7184,5;0;0;0;1;;27137;534,3;-10,9;
2022-11-03 20:06:59;-36,79993;-73,05889;23;28,1;7184,5;0;0;0;1;;27137;534,3;-10,9;
2022-11-03 20:07:29;-36,79993;-73,05889;23;28,1;7184,5;0;0;0;1;;27137;534,3;-11,2;
2022-11-03 20:07:59;-36,79993;-73,05889;23;28,2;7184,5;0;0;0;1;;27137;534,3;-11,2;
2022-11-03 20:08:29;-36,79993;-73,05889;23;28,2;7184,5;0;0;0;1;;27137;534,3;-10,9;
2022-11-03 20:08:59;-36,79993;-73,05889;23;28,2;7184,5;0;0;0;1;;27137;534,3;-10,9;
2022-11-03 20:09:29;-36,79993;-73,05889;23;28,3;7184,5;0;0;0;1;;27137;534,3;-11,2;
2022-11-03 20:09:59;-36,79993;-73,05889;23;28,3;7184,5;0;0;0;1;;27137;534,3;-10,9;
2022-11-03 20:10:29;-36,79993;-73,05889;23;28,4;7184,5;0;0;0;1;;27137;534,3;-10,6;
2022-11-03 20:10:59;-36,79993;-73,05889;23;28,4;7184,5;0;0;0;1;;27137;534,3;-10,9;
2022-11-03 20:11:29;-36,79993;-73,05889;23;28,5;7184,5;0;0;0;1;;27137;534,8;-10,6;
2022-11-03 20:11:59;-36,79993;-73,05889;23;28,5;7184,5;0;0;0;1;;27137;534,8;-11,2;
2022-11-03 20:12:29;-36,79993;-73,05889;23;28,5;7184,5;0;0;0;1;;27137;534,8;-11,2;
2022-11-03 20:12:59;-36,79993;-73,05889;23;28,6;7184,5;0;0;0;1;;27137;534,8;-10,6;
2022-11-03 20:13:29;-36,79993;-73,05889;23;28,6;7184,5;0;0;0;1;;27137;534,8;-10,9;
2022-11-03 20:13:59;-36,79993;-73,05889;23;28,7;7184,5;0;0;0;1;;27137;534,8;-10,9;
2022-11-03 20:14:29;-36,79993;-73,05889;23;28,7;7184,5;0;0;0;1;;27137;534,8;-10,9;
2022-11-03 20:14:59;-36,79993;-73,05889;23;28,8;7184,5;0;0;0;1;;27137;534,8;-11,2;
2022-11-03 20:15:29;-36,79993;-73,05889;23;28,8;7184,5;0;0;0;1;;27137;534,8;-10,9;
2022-11-03 20:15:59;-36,79993;-73,05889;23;28,8;7184,5;0;0;0;1;;27137;534,8;-11,2;
2022-11-03 20:16:29;-36,79993;-73,05889;23;28,9;7184,5;0;0;0;1;;27137;534,8;-11,2;
2022-11-03 20:16:59;-36,79993;-73,05889;23;28,9;7184,5;0;0;0;1;;27137;534,8;-11,2;
2022-11-03 20:17:29;-36,79993;-73,05889;23;29;7184,5;0;0;0;1;;27137;534,8;-11,2;
2022-11-03 20:17:59;-36,79993;-73,05889;23;29;7184,5;0;0;0;1;;27137;535,3;-10,9;
2022-11-03 20:18:29;-36,79993;-73,05889;23;29,1;7184,5;0;0;0;1;;27137;535,3;-11,2;
2022-11-03 20:18:59;-36,79993;-73,05889;23;29,1;7184,5;0;0;0;1;;27137;535,3;-10,6;
2022-11-03 20:19:29;-36,79993;-73,05889;23;29,1;7184,5;0;0;0;1;;27137;535,3;-11,2;
2022-11-03 20:19:59;-36,79993;-73,05889;23;29,2;7184,5;0;0;0;1;;27137;535,3;-10,9;
2022-11-03 20:20:29;-36,79993;-73,05889;23;29,2;7184,5;0;0;0;1;;27137;535,3;-11,2;
2022-11-03 20:20:59;-36,79993;-73,05889;23;29,3;7184,5;0;0;0;1;;27137;535,3;-11,2;
2022-11-03 20:21:29;-36,79993;-73,05889;23;29,3;7184,5;0;0;0;1;;27137;535,3;-11,2;
2022-11-03 20:21:59;-36,79993;-73,05889;23;29,4;7184,5;0;0;0;1;;27137;535,3;-11,2;
2022-11-03 20:22:29;-36,79993;-73,05889;23;29,4;7184,5;0;0;0;1;;27137;535,3;-11,2;
2022-11-03 20:22:59;-36,79993;-73,05889;23;29,4;7184,5;0;0;0;1;;27137;535,3;-11,2;
2022-11-03 20:23:29;-36,79993;-73,05889;23;29,5;7184,5;0;0;0;1;;27137;535,8;-10,9;
2022-11-03 20:23:59;-36,79993;-73,05889;23;29,5;7184,5;0;0;0;1;;27137;535,8;-11,2;
2022-11-03 20:24:29;-36,79993;-73,05889;23;29,6;7184,5;0;0;0;1;;27137;535,8;-10,9;
2022-11-03 20:24:59;-36,79993;-73,05889;23;29,6;7184,5;0;0;0;1;;27137;535,8;-11,2;
2022-11-03 20:25:29;-36,79993;-73,05889;23;29,7;7184,5;0;0;0;1;;27137;535,8;-10,9;
2022-11-03 20:25:59;-36,79993;-73,05889;23;29,7;7184,5;0;0;0;1;;27137;535,8;-10,9;
2022-11-03 20:26:29;-36,79993;-73,05889;23;29,7;7184,5;0;0;0;1;;27137;535,8;-11,2;
2022-11-03 20:26:59;-36,79993;-73,05889;23;29,8;7184,5;0;0;0;1;;27137;535,8;-10,9;
2022-11-03 20:27:29;-36,79993;-73,05889;23;29,8;7184,5;0;0;0;1;;27137;535,8;-11,2;
2022-11-03 20:27:59;-36,79993;-73,05889;23;29,9;7184,5;0;0;0;1;;27137;535,8;-10,9;
2022-11-03 20:28:29;-36,79993;-73,05889;23;29,9;7184,5;0;0;0;1;;27137;535,8;-10,9;
2022-11-03 20:28:59;-36,79993;-73,05889;23;30;7184,5;0;0;0;1;;27137;535,8;-10,9;
2022-11-03 20:29:29;-36,79993;-73,05889;23;30;7184,5;0;0;0;1;;27137;535,8;-11,2;
2022-11-03 20:29:59;-36,79993;-73,05889;23;30;7184,5;0;0;0;1;;27137;536,3;-11,2;
2022-11-03 20:30:29;-36,79993;-73,05889;23;30,1;7184,5;0;0;0;1;;27137;536,3;-11,2;
2022-11-03 20:30:59;-36,79993;-73,05889;23;30,1;7184,5;0;0;0;1;;27137;536,3;-11,2;
2022-11-03 20:31:29;-36,79993;-73,05889;23;30,2;7184,5;0;0;0;1;;27137;536,3;-10,9;
2022-11-03 20:31:59;-36,79993;-73,05889;23;30,2;7184,5;0;0;0;1;;27137;536,3;-10,9;
2022-11-03 20:32:29;-36,79993;-73,05889;23;30,3;7184,5;0;0;0;1;;27137;536,3;-10,9;
2022-11-03 20:32:59;-36,79993;-73,05889;23;30,3;7184,5;0;0;0;1;;27137;536,3;-10,9;
2022-11-03 20:33:29;-36,79993;-73,05889;23;30,3;7184,5;0;0;0;1;;27137;536,3;-11,2;
2022-11-03 20:33:59;-36,79993;-73,05889;23;30,4;7184,5;0;0;0;1;;27137;536,3;-11,4;
2022-11-03 20:34:29;-36,79993;-73,05889;23;30,4;7184,5;0;0;0;1;;27137;536,3;-11,4;
2022-11-03 20:34:59;-36,79993;-73,05889;23;30,5;7184,5;0;0;0;1;;27137;536,3;-11,2;
2022-11-03 20:35:29;-36,79993;-73,05889;23;30,5;7184,5;0;0;0;1;;27137;536,3;-11,2;
2022-11-03 20:35:59;-36,79993;-73,05889;23;30,6;7184,5;0;0;0;1;;27137;536,3;-11,2;
2022-11-03 20:36:29;-36,79993;-73,05889;23;30,6;7184,5;0;0;0;1;;27137;536,3;-10,9;
2022-11-03 20:36:59;-36,79993;-73,05889;23;30,6;7184,5;0;0;0;1;;27137;536,3;-10,9;
2022-11-03 20:37:29;-36,79993;-73,05889;23;30,7;7184,5;0;0;0;1;;27137;536,3;-10,9;
2022-11-03 20:37:59;-36,79993;-73,05889;23;30,7;7184,5;0;0;0;1;;27137;536,3;-10,9;
2022-11-03 20:38:29;-36,79993;-73,05889;23;30,8;7184,5;0;0;0;1;;27137;536,3;-11,2;
2022-11-03 20:38:59;-36,79993;-73,05889;23;30,8;7184,5;0;0;0;1;;27137;536,8;-10,9;
2022-11-03 20:39:29;-36,79993;-73,05889;23;30,9;7184,5;0;0;0;1;;27137;536,8;-11,2;
2022-11-03 20:39:59;-36,79993;-73,05889;23;30,9;7184,5;0;0;0;1;;27137;536,8;-11,2;
2022-11-03 20:40:29;-36,79993;-73,05889;23;30,9;7184,5;0;0;0;1;;27137;536,8;-11,2;
2022-11-03 20:40:59;-36,79993;-73,05889;23;31;7184,5;0;0;0;1;;27137;536,8;-10,6;
2022-11-03 20:41:29;-36,79993;-73,05889;23;31;7184,5;0;0;0;1;;27137;536,8;-10,9;
2022-11-03 20:41:59;-36,79993;-73,05889;23;31,1;7184,5;0;0;0;1;;27137;536,8;-11,2;
2022-11-03 20:42:29;-36,79993;-73,05889;23;31,1;7184,5;0;0;0;1;;27137;536,8;-10,9;
2022-11-03 20:42:59;-36,79993;-73,05889;23;31,2;7184,5;0;0;0;1;;27137;536,8;-11,2;
2022-11-03 20:43:29;-36,79993;-73,05889;23;31,2;7184,5;0;0;0;1;;27137;536,8;-10,9;
2022-11-03 20:43:59;-36,79993;-73,05889;23;31,2;7184,5;0;0;0;1;;27137;536,8;-10,9;
2022-11-03 20:44:29;-36,79993;-73,05889;23;31,3;7184,5;0;0;0;1;;27137;536,8;-11,2;
2022-11-03 20:44:59;-36,79993;-73,05889;23;31,3;7184,5;0;0;0;1;;27137;536,8;-11,2;
2022-11-03 20:45:29;-36,79993;-73,05889;23;31,4;7184,5;0;0;0;1;;27137;536,8;-11,2;
2022-11-03 20:45:59;-36,79993;-73,05889;23;31,4;7184,5;0;0;0;1;;27137;536,8;-11,2;
2022-11-03 20:46:29;-36,79993;-73,05889;23;31,5;7184,5;0;0;0;1;;27137;536,8;-11,2;
2022-11-03 20:46:59;-36,79993;-73,05889;23;31,5;7184,5;0;0;0;1;;27137;536,8;-10,9;
2022-11-03 20:47:29;-36,79993;-73,05889;23;31,5;7184,5;0;0;0;1;;27137;536,8;-11,2;
2022-11-03 20:47:59;-36,79993;-73,05889;23;31,6;7184,5;0;0;0;1;;27137;536,8;-10,9;
2022-11-03 20:48:29;-36,79993;-73,05889;23;31,6;7184,5;0;0;0;1;;27137;536,8;-10,9;
2022-11-03 20:48:59;-36,79993;-73,05889;23;31,7;7184,5;0;0;0;1;;27137;536,8;-11,2;
2022-11-03 20:49:29;-36,79993;-73,05889;23;31,7;7184,5;0;0;0;1;;27137;536,8;-10,9;
2022-11-03 20:49:59;-36,79993;-73,05889;23;31,7;7184,5;0;0;0;1;;27137;536,8;-10,6;
2022-11-03 20:50:29;-36,79993;-73,05889;23;31,8;7184,5;0;0;0;1;;27137;536,8;-11,2;
2022-11-03 20:50:59;-36,79993;-73,05889;23;31,8;7184,5;0;0;0;1;;27137;536,8;-10,9;
2022-11-03 20:51:29;-36,79993;-73,05889;23;31,9;7184,5;0;0;0;1;;27137;536,8;-10,9;
2022-11-03 20:51:59;-36,79993;-73,05889;23;31,9;7184,5;0;0;0;1;;27137;536,8;-10,9;
2022-11-03 20:52:29;-36,79993;-73,05889;23;32;7184,5;0;0;0;1;;27137;536,8;-11,2;
2022-11-03 20:52:59;-36,79993;-73,05889;23;32;7184,5;0;0;0;1;;27137;536,8;-11,2;
2022-11-03 20:53:29;-36,79993;-73,05889;23;32;7184,5;0;0;0;1;;27137;537,3;-10,9;
2022-11-03 20:53:59;-36,79993;-73,05889;23;32,1;7184,5;0;0;0;1;;27137;537,3;-11,2;
2022-11-03 20:54:29;-36,79993;-73,05889;23;32,1;7184,5;0;0;0;1;;27137;537,3;-10,9;
2022-11-03 20:54:59;-36,79993;-73,05889;23;32,2;7184,5;0;0;0;1;;27137;537,3;-10,9;
2022-11-03 20:55:29;-36,79993;-73,05889;23;32,2;7184,5;0;0;0;1;;27137;537,3;-11,2;
2022-11-03 20:55:59;-36,79993;-73,05889;23;32,3;7184,5;0;0;0;1;;27137;537,3;-11,2;
2022-11-03 20:56:29;-36,79993;-73,05889;23;32,3;7184,5;0;0;0;1;;27137;537,3;-11,2;
2022-11-03 20:56:59;-36,79993;-73,05889;23;32,3;7184,5;0;0;0;1;;27137;537,3;-10,9;
2022-11-03 20:57:29;-36,79993;-73,05889;23;32,4;7184,5;0;0;0;1;;27137;537,3;-10,9;
2022-11-03 20:57:59;-36,79993;-73,05889;23;32,4;7184,5;0;0;0;1;;27137;537,3;-10,9;
2022-11-03 20:58:29;-36,79993;-73,05889;23;32,5;7184,5;0;0;0;1;;27137;537,3;-11,2;
2022-11-03 20:58:59;-36,79993;-73,05889;23;32,5;7184,5;0;0;0;1;;27137;537,3;-10,9;
2022-11-03 20:59:29;-36,79993;-73,05889;23;32,6;7184,5;0;0;0;1;;27137;537,3;-10,6;
2022-11-03 20:59:59;-36,79993;-73,05889;23;32,6;7184,5;0;0;0;1;;27137;537,3;-11,2;
2022-11-03 21:00:29;-36,79993;-73,05889;23;32,6;7184,5;0;0;0;1;;27137;537,3;-10,9;
2022-11-03 21:00:59;-36,79993;-73,05889;23;32,7;7184,5;0;0;0;1;;27137;537,3;-10,9;
2022-11-03 21:01:29;-36,79993;-73,05889;23;32,7;7184,5;0;0;0;1;;27137;537,3;-11,2;
2022-11-03 21:01:59;-36,79993;-73,05889;23;32,8;7184,5;0;0;0;1;;27137;537,3;-11,2;
2022-11-03 21:02:29;-36,79993;-73,05889;23;32,8;7184,5;0;0;0;1;;27137;537,3;-10,9;
2022-11-03 21:02:59;-36,79993;-73,05889;23;32,9;7184,5;0;0;0;1;;27137;537,3;-10,9;
2022-11-03 21:03:29;-36,79993;-73,05889;23;32,9;7184,5;0;0;0;1;;27137;537,3;-10,9;
2022-11-03 21:03:59;-36,79993;-73,05889;23;32,9;7184,5;0;0;0;1;;27137;537,3;-11,2;
2022-11-03 21:04:29;-36,79993;-73,05889;23;33;7184,5;0;0;0;1;;27137;537,3;-11,2;
2022-11-03 21:04:59;-36,79993;-73,05889;23;33;7184,5;0;0;0;1;;27137;537,3;-10,9;
2022-11-03 21:05:29;-36,79993;-73,05889;23;33,1;7184,5;0;0;0;1;;27137;537,3;-10,9;
2022-11-03 21:05:59;-36,79993;-73,05889;23;33,1;7184,5;0;0;0;1;;27137;537,3;-11,2;
2022-11-03 21:06:29;-36,79993;-73,05889;23;33,2;7184,5;0;0;0;1;;27137;537,3;-11,2;
2022-11-03 21:06:59;-36,79993;-73,05889;23;33,2;7184,5;0;0;0;1;;27137;537,3;-10,9;
2022-11-03 21:07:29;-36,79993;-73,05889;23;33,2;7184,5;0;0;0;1;;27137;537,3;-11,2;
2022-11-03 21:07:59;-36,79993;-73,05889;23;33,3;7184,5;0;0;0;1;;27137;537,3;-11,2;
2022-11-03 21:08:29;-36,79993;-73,05889;23;33,3;7184,5;0;0;0;1;;27137;537,3;-11,2;
2022-11-03 21:08:59;-36,79993;-73,05889;23;33,4;7184,5;0;0;0;1;;27137;537,3;-11,2;
2022-11-03 21:09:29;-36,79993;-73,05889;23;33,4;7184,5;0;0;0;1;;27137;537,3;-11,2;
2022-11-03 21:09:59;-36,79993;-73,05889;23;33,5;7184,5;0;0;0;1;;27137;537,3;-11,2;
2022-11-03 21:10:29;-36,79993;-73,05889;23;33,5;7184,5;0;0;0;1;;27137;537,3;-11,2;
2022-11-03 21:10:59;-36,79993;-73,05889;23;33,5;7184,5;0;0;0;1;;27137;537,3;-10,6;
2022-11-03 21:11:29;-36,79993;-73,05889;23;33,6;7184,5;0;0;0;1;;27137;537,3;-11,2;
2022-11-03 21:11:59;-36,79993;-73,05889;23;33,6;7184,5;0;0;0;1;;27137;537,3;-10,9;
2022-11-03 21:12:29;-36,79993;-73,05889;23;33,7;7184,5;0;0;0;1;;27137;537,3;-10,6;
2022-11-03 21:12:59;-36,79993;-73,05889;23;33,7;7184,5;0;0;0;1;;27137;537,3;-10,9;
2022-11-03 21:13:29;-36,79993;-73,05889;23;33,8;7184,5;0;0;0;1;;27137;537,3;-11,2;
2022-11-03 21:13:59;-36,79993;-73,05889;23;33,8;7184,5;0;0;0;1;;27137;537,3;-11,2;
2022-11-03 21:14:29;-36,79993;-73,05889;23;33,8;7184,5;0;0;0;1;;27137;537,3;-11,2;
2022-11-03 21:14:59;-36,79993;-73,05889;23;33,9;7184,5;0;0;0;1;;27137;537,3;-10,9;
2022-11-03 21:15:29;-36,79993;-73,05889;23;33,9;7184,5;0;0;0;1;;27137;537,3;-11,2;
2022-11-03 21:15:59;-36,79993;-73,05889;23;34;7184,5;0;0;0;1;;27137;537,3;-10,9;
2022-11-03 21:16:29;-36,79993;-73,05889;23;34;7184,5;0;0;0;1;;27137;537,3;-11,2;
2022-11-03 21:16:59;-36,79993;-73,05889;23;34,1;7184,5;0;0;0;1;;27137;537,3;-11,2;
2022-11-03 21:17:29;-36,79993;-73,05889;23;34,1;7184,5;0;0;0;1;;27137;537,3;-10,9;
2022-11-03 21:17:59;-36,79993;-73,05889;23;34,1;7184,5;0;0;0;1;;27137;537,3;-11,2;
2022-11-03 21:18:29;-36,79993;-73,05889;23;34,2;7184,5;0;0;0;1;;27137;537,3;-10,9;
2022-11-03 21:18:59;-36,79993;-73,05889;23;34,2;7184,5;0;0;0;1;;27137;537,9;-10,9;
2022-11-03 21:19:29;-36,79993;-73,05889;23;34,3;7184,5;0;0;0;1;;27137;537,9;-11,4;
2022-11-03 21:19:59;-36,79993;-73,05889;23;34,3;7184,5;0;0;0;1;;27137;537,9;-11,2;
2022-11-03 21:20:29;-36,79993;-73,05889;23;34,4;7184,5;0;0;0;1;;27137;537,9;-10,9;
2022-11-03 21:20:59;-36,79993;-73,05889;23;34,4;7184,5;0;0;0;1;;27137;537,9;-11,2;
2022-11-03 21:21:29;-36,79993;-73,05889;23;34,4;7184,5;0;0;0;1;;27137;537,9;-10,9;
2022-11-03 21:21:59;-36,79993;-73,05889;23;34,5;7184,5;0;0;0;1;;27137;537,9;-11,2;
2022-11-03 21:22:29;-36,79993;-73,05889;23;34,5;7184,5;0;0;0;1;;27137;537,9;-10,9;
2022-11-03 21:22:59;-36,79993;-73,05889;23;34,6;7184,5;0;0;0;1;;27137;537,9;-11,2;
2022-11-03 21:23:29;-36,79993;-73,05889;23;34,6;7184,5;0;0;0;1;;27137;537,9;-10,9;
2022-11-03 21:23:59;-36,79993;-73,05889;23;34,7;7184,5;0;0;0;1;;27137;537,9;-10,9;
2022-11-03 21:24:29;-36,79993;-73,05889;23;34,7;7184,5;0;0;0;1;;27137;537,9;-10,6;
2022-11-03 21:24:59;-36,79993;-73,05889;23;34,7;7184,5;0;0;0;1;;27137;537,9;-10,6;
2022-11-03 21:25:29;-36,79993;-73,05889;23;34,8;7184,5;0;0;0;1;;27137;537,9;-11,2;
2022-11-03 21:25:59;-36,79993;-73,05889;23;34,8;7184,5;0;0;0;1;;27137;537,9;-10,9;
2022-11-03 21:26:29;-36,79993;-73,05889;23;34,9;7184,5;0;0;0;1;;27137;537,9;-11,2;
2022-11-03 21:26:59;-36,79993;-73,05889;23;34,9;7184,5;0;0;0;1;;27137;537,9;-11,2;
2022-11-03 21:27:29;-36,79993;-73,05889;23;35;7184,5;0;0;0;1;;27137;537,9;-11,2;
2022-11-03 21:27:59;-36,79993;-73,05889;23;35;7184,5;0;0;0;1;;27137;537,9;-11,2;
2022-11-03 21:28:29;-36,79993;-73,05889;23;35;7184,5;0;0;0;1;;27137;537,9;-11,2;
2022-11-03 21:28:59;-36,79993;-73,05889;23;35,1;7184,5;0;0;0;1;;27137;537,9;-11,2;
2022-11-03 21:29:29;-36,79993;-73,05889;23;35,1;7184,5;0;0;0;1;;27137;537,9;-10,9;
2022-11-03 21:29:59;-36,79993;-73,05889;23;35,2;7184,5;0;0;0;1;;27137;537,9;-10,9;
2022-11-03 21:30:29;-36,79993;-73,05889;23;35,2;7184,5;0;0;0;1;;27137;537,9;-10,9;
2022-11-03 21:30:59;-36,79993;-73,05889;23;35,3;7184,5;0;0;0;1;;27137;537,9;-10,9;
2022-11-03 21:31:29;-36,79993;-73,05889;23;35,3;7184,5;0;0;0;1;;27137;537,9;-11,2;
2022-11-03 21:31:59;-36,79993;-73,05889;23;35,3;7184,5;0;0;0;1;;27137;537,9;-10,9;
2022-11-03 21:32:29;-36,79993;-73,05889;23;35,4;7184,5;0;0;0;1;;27137;537,9;-11,2;
2022-11-03 21:32:59;-36,79993;-73,05889;23;35,4;7184,5;0;0;0;1;;27137;537,9;-11,2;
2022-11-03 21:33:29;-36,79993;-73,05889;23;35,5;7184,5;0;0;0;1;;27137;537,9;-10,9;
2022-11-03 21:33:59;-36,79993;-73,05889;23;35,5;7184,5;0;0;0;1;;27137;537,9;-11,2;
2022-11-03 21:34:29;-36,79993;-73,05889;23;35,6;7184,5;0;0;0;1;;27137;537,9;-10,9;
2022-11-03 21:34:59;-36,79993;-73,05889;23;35,6;7184,5;0;0;0;1;;27137;537,9;-11,2;
2022-11-03 21:35:29;-36,79993;-73,05889;23;35,6;7184,5;0;0;0;1;;27137;537,9;-10,9;
2022-11-03 21:35:59;-36,79993;-73,05889;23;35,7;7184,5;0;0;0;1;;27137;537,9;-11,2;
2022-11-03 21:36:29;-36,79993;-73,05889;23;35,7;7184,5;0;0;0;1;;27137;537,9;-10,9;
2022-11-03 21:36:59;-36,79993;-73,05889;23;35,8;7184,5;0;0;0;1;;27137;537,9;-10,9;
2022-11-03 21:37:29;-36,79993;-73,05889;23;35,8;7184,5;0;0;0;1;;27137;537,9;-11,2;
2022-11-03 21:37:59;-36,79993;-73,05889;23;35,9;7184,5;0;0;0;1;;27137;537,9;-11,2;
2022-11-03 21:38:29;-36,79993;-73,05889;23;35,9;7184,5;0;0;0;1;;27137;537,9;-11,2;
2022-11-03 21:38:59;-36,79993;-73,05889;23;35,9;7184,5;0;0;0;1;;27137;537,9;-11,2;
2022-11-03 21:39:29;-36,79993;-73,05889;23;36;7184,5;0;0;0;1;;27137;537,9;-11,2;
2022-11-03 21:39:59;-36,79993;-73,05889;23;36;7184,5;0;0;0;1;;27137;537,9;-10,9;
2022-11-03 21:40:29;-36,79993;-73,05889;23;36,1;7184,5;0;0;0;1;;27137;537,9;-10,9;
2022-11-03 21:40:59;-36,79993;-73,05889;23;36,1;7184,5;0;0;0;1;;27137;537,9;-11,2;
2022-11-03 21:41:29;-36,79993;-73,05889;23;36,2;7184,5;0;0;0;1;;27137;537,9;-11,2;
2022-11-03 21:41:59;-36,79993;-73,05889;23;36,2;7184,5;0;0;0;1;;27137;537,9;-11,2;
2022-11-03 21:42:29;-36,79993;-73,05889;23;36,2;7184,5;0;0;0;1;;27137;537,9;-10,6;
2022-11-03 21:42:59;-36,79993;-73,05889;23;36,3;7184,5;0;0;0;1;;27137;537,9;-11,2;
2022-11-03 21:43:29;-36,79993;-73,05889;23;36,3;7184,5;0;0;0;1;;27137;537,9;-11,2;
2022-11-03 21:43:59;-36,79993;-73,05889;23;36,4;7184,5;0;0;0;1;;27137;537,9;-10,9;
2022-11-03 21:44:29;-36,79993;-73,05889;23;36,4;7184,5;0;0;0;1;;27137;537,9;-10,6;
2022-11-03 21:44:59;-36,79993;-73,05889;23;36,4;7184,5;0;0;0;1;;27137;537,9;-11,2;
2022-11-03 21:45:29;-36,79993;-73,05889;23;36,5;7184,5;0;0;0;1;;27137;537,9;-11,2;
2022-11-03 21:45:59;-36,79993;-73,05889;23;36,5;7184,5;0;0;0;1;;27137;537,9;-11,2;
2022-11-03 21:46:29;-36,79993;-73,05889;23;36,6;7184,5;0;0;0;1;;27137;537,9;-11,2;
2022-11-03 21:46:59;-36,79993;-73,05889;23;36,6;7184,5;0;0;0;1;;27137;537,9;-10,6;
2022-11-03 21:47:29;-36,79993;-73,05889;23;36,7;7184,5;0;0;0;1;;27137;537,9;-10,6;
2022-11-03 21:47:59;-36,79993;-73,05889;23;36,7;7184,5;0;0;0;1;;27137;537,9;-10,6;
2022-11-03 21:48:29;-36,79993;-73,05889;23;36,7;7184,5;0;0;0;1;;27137;537,9;-10,9;
2022-11-03 21:48:59;-36,79993;-73,05889;23;36,8;7184,5;0;0;0;1;;27137;537,9;-11,2;
2022-11-03 21:49:29;-36,79993;-73,05889;23;36,8;7184,5;0;0;0;1;;27137;537,9;-10,9;
2022-11-03 21:49:59;-36,79993;-73,05889;23;36,9;7184,5;0;0;0;1;;27137;537,9;-10,9;
2022-11-03 21:50:29;-36,79993;-73,05889;23;36,9;7184,5;0;0;0;1;;27137;537,9;-11,2;
2022-11-03 21:50:59;-36,79993;-73,05889;23;37;7184,5;0;0;0;1;;27137;537,9;-11,2;
2022-11-03 21:51:29;-36,79993;-73,05889;23;37;7184,5;0;0;0;1;;27137;537,9;-10,9;
2022-11-03 21:51:59;-36,79993;-73,05889;23;37;7184,5;0;0;0;1;;27137;537,9;-11,2;
2022-11-03 21:52:29;-36,79993;-73,05889;23;37,1;7184,5;0;0;0;1;;27137;537,9;-11,2;
2022-11-03 21:52:59;-36,79993;-73,05889;23;37,1;7184,5;0;0;0;1;;27137;537,9;-10,9;
2022-11-03 21:53:29;-36,79993;-73,05889;23;37,2;7184,5;0;0;0;1;;27137;537,9;-11,2;
2022-11-03 21:53:59;-36,79993;-73,05889;23;37,2;7184,5;0;0;0;1;;27137;537,9;-11,2;
2022-11-03 21:54:29;-36,79993;-73,05889;23;37,3;7184,5;0;0;0;1;;27137;537,9;-11,2;
2022-11-03 21:54:59;-36,79993;-73,05889;23;37,3;7184,5;0;0;0;1;;27137;537,9;-10,6;
2022-11-03 21:55:29;-36,79993;-73,05889;23;37,3;7184,5;0;0;0;1;;27137;537,9;-10,9;
2022-11-03 21:55:59;-36,79993;-73,05889;23;37,4;7184,5;0;0;0;1;;27137;537,9;-10,9;
2022-11-03 21:56:29;-36,79993;-73,05889;23;37,4;7184,5;0;0;0;1;;27137;537,9;-10,9;
2022-11-03 21:56:59;-36,79993;-73,05889;23;37,5;7184,5;0;0;0;1;;27137;537,9;-11,2;
2022-11-03 21:57:29;-36,79993;-73,05889;23;37,5;7184,5;0;0;0;1;;27137;537,9;-11,2;
2022-11-03 21:57:59;-36,79993;-73,05889;23;37,6;7184,5;0;0;0;1;;27137;537,9;-11,2;
2022-11-03 21:58:29;-36,79993;-73,05889;23;37,6;7184,5;0;0;0;1;;27137;537,9;-11,2;
2022-11-03 21:58:59;-36,79993;-73,05889;23;37,6;7184,5;0;0;0;1;;27137;537,9;-11,2;
2022-11-03 21:59:29;-36,79993;-73,05889;23;37,7;7184,5;0;0;0;1;;27137;537,9;-10,9;
2022-11-03 21:59:59;-36,79993;-73,05889;23;37,7;7184,5;0;0;0;1;;27137;537,9;-10,6;
2022-11-03 22:00:29;-36,79993;-73,05889;23;37,8;7184,5;0;0;0;1;;27137;537,9;-10,9;
2022-11-03 22:00:59;-36,79993;-73,05889;23;37,8;7184,5;0;0;0;1;;27137;537,9;-10,9;
2022-11-03 22:01:29;-36,79993;-73,05889;23;37,8;7184,5;0;0;0;1;;27137;537,9;-10,6;
2022-11-03 22:01:59;-36,79993;-73,05889;23;37,9;7184,5;0;0;0;1;;27137;537,9;-10,6;
2022-11-03 22:02:29;-36,79993;-73,05889;23;37,9;7184,5;0;0;0;1;;27137;537,9;-10,6;
2022-11-03 22:02:59;-36,79993;-73,05889;23;38;7184,5;0;0;0;1;;27137;537,9;-11,2;
2022-11-03 22:03:29;-36,79993;-73,05889;23;38;7184,5;0;0;0;1;;27137;537,9;-10,6;
2022-11-03 22:03:59;-36,79993;-73,05889;23;38,1;7184,5;0;0;0;1;;27137;537,9;-10,9;
2022-11-03 22:04:29;-36,79993;-73,05889;23;38,1;7184,5;0;0;0;1;;27137;537,9;-11,2;
2022-11-03 22:04:59;-36,79993;-73,05889;23;38,1;7184,5;0;0;0;1;;27137;537,9;-11,2;
2022-11-03 22:05:29;-36,79993;-73,05889;23;38,2;7184,5;0;0;0;1;;27137;537,9;-11,2;
2022-11-03 22:05:59;-36,79993;-73,05889;23;38,2;7184,5;0;0;0;1;;27137;537,9;-11,2;
2022-11-03 22:06:29;-36,79993;-73,05889;23;38,3;7184,5;0;0;0;1;;27137;537,9;-11,2;
2022-11-03 22:06:59;-36,79993;-73,05889;23;38,3;7184,5;0;0;0;1;;27137;537,9;-11,2;
2022-11-03 22:07:29;-36,79993;-73,05889;23;38,4;7184,5;0;0;0;1;;27137;537,9;-10,9;
2022-11-03 22:07:59;-36,79993;-73,05889;23;38,4;7184,5;0;0;0;1;;27137;537,9;-10,9;
2022-11-03 22:08:29;-36,79993;-73,05889;23;38,4;7184,5;0;0;0;1;;27137;537,9;-10,9;
2022-11-03 22:08:59;-36,79993;-73,05889;23;38,5;7184,5;0;0;0;1;;27137;537,9;-10,9;
2022-11-03 22:09:29;-36,79993;-73,05889;23;38,5;7184,5;0;0;0;1;;27137;537,9;-10,6;
2022-11-03 22:09:59;-36,79993;-73,05889;23;38,6;7184,5;0;0;0;1;;27137;537,9;-11,2;
2022-11-03 22:10:29;-36,79993;-73,05889;23;38,6;7184,5;0;0;0;1;;27137;537,9;-10,9;
2022-11-03 22:10:59;-36,79993;-73,05889;23;38,7;7184,5;0;0;0;1;;27137;537,9;-10,6;
2022-11-03 22:11:29;-36,79993;-73,05889;23;38,7;7184,5;0;0;0;1;;27137;537,9;-10,6;
2022-11-03 22:11:59;-36,79993;-73,05889;23;38,7;7184,5;0;0;0;1;;27137;537,9;-10,6;
2022-11-03 22:12:29;-36,79993;-73,05889;23;38,8;7184,5;0;0;0;1;;27137;537,9;-10,6;
2022-11-03 22:12:59;-36,79993;-73,05889;23;38,8;7184,5;0;0;0;1;;27137;537,9;-11,2;
2022-11-03 22:13:29;-36,79993;-73,05889;23;38,9;7184,5;0;0;0;1;;27137;537,9;-10,6;
2022-11-03 22:13:59;-36,79993;-73,05889;23;38,9;7184,5;0;0;0;1;;27137;537,9;-10,9;
2022-11-03 22:14:29;-36,79993;-73,05889;23;39;7184,5;0;0;0;1;;27137;537,9;-11,2;
2022-11-03 22:14:59;-36,79993;-73,05889;23;39;7184,5;0;0;0;1;;27137;537,9;-10,6;
2022-11-03 22:15:29;-36,79993;-73,05889;23;39;7184,5;0;0;0;1;;27137;537,9;-10,9;
2022-11-03 22:15:59;-36,79993;-73,05889;23;39,1;7184,5;0;0;0;1;;27137;537,9;-10,9;
2022-11-03 22:16:29;-36,79993;-73,05889;23;39,1;7184,5;0;0;0;1;;27137;537,9;-11,2;
2022-11-03 22:16:59;-36,79993;-73,05889;23;39,2;7184,5;0;0;0;1;;27137;537,9;-10,9;
2022-11-03 22:17:29;-36,79993;-73,05889;23;39,2;7184,5;0;0;0;1;;27137;537,9;-10,9;
2022-11-03 22:17:59;-36,79993;-73,05889;23;39,3;7184,5;0;0;0;1;;27137;537,9;-11,2;
2022-11-03 22:18:29;-36,79993;-73,05889;23;39,3;7184,5;0;0;0;1;;27137;537,9;-11,2;
2022-11-03 22:18:59;-36,79993;-73,05889;23;39,3;7184,5;0;0;0;1;;27137;537,9;-10,9;
2022-11-03 22:19:29;-36,79993;-73,05889;23;39,4;7184,5;0;0;0;1;;27137;537,9;-11,2;
2022-11-03 22:19:59;-36,79993;-73,05889;23;39,4;7184,5;0;0;0;1;;27137;537,9;-10,6;
2022-11-03 22:20:29;-36,79993;-73,05889;23;39,5;7184,5;0;0;0;1;;27137;537,9;-11,2;
2022-11-03 22:20:59;-36,79993;-73,05889;23;39,5;7184,5;0;0;0;1;;27137;537,9;-11,2;
2022-11-03 22:21:29;-36,79993;-73,05889;23;39,6;7184,5;0;0;0;1;;27137;537,9;-10,6;
2022-11-03 22:21:59;-36,79993;-73,05889;23;39,6;7184,5;0;0;0;1;;27137;537,9;-10,6;
2022-11-03 22:22:29;-36,79993;-73,05889;23;39,6;7184,5;0;0;0;1;;27137;537,9;-11,2;
2022-11-03 22:22:59;-36,79993;-73,05889;23;39,7;7184,5;0;0;0;1;;27137;537,9;-11,2;
2022-11-03 22:23:29;-36,79993;-73,05889;23;39,7;7184,5;0;0;0;1;;27137;537,9;-11,2;
2022-11-03 22:23:59;-36,79993;-73,05889;23;39,8;7184,5;0;0;0;1;;27137;537,9;-11,2;
2022-11-03 22:24:29;-36,79993;-73,05889;23;39,8;7184,5;0;0;0;1;;27137;537,9;-10,6;
2022-11-03 22:24:59;-36,79993;-73,05889;23;39,9;7184,5;0;0;0;1;;27137;537,9;-10,6;
2022-11-03 22:25:29;-36,79993;-73,05889;23;39,9;7184,5;0;0;0;1;;27137;537,9;-11,2;
2022-11-03 22:25:59;-36,79993;-73,05889;23;39,9;7184,5;0;0;0;1;;27137;537,9;-11,2;
2022-11-03 22:26:29;-36,79993;-73,05889;23;40;7184,5;0;0;0;1;;27137;537,9;-10,9;
2022-11-03 22:26:59;-36,79993;-73,05889;23;40;7184,5;0;0;0;1;;27137;537,9;-11,2;
2022-11-03 22:27:29;-36,79993;-73,05889;23;40,1;7184,5;0;0;0;1;;27137;537,9;-11,2;
2022-11-03 22:27:59;-36,79993;-73,05889;23;40,1;7184,5;0;0;0;1;;27137;537,9;-10,9;
2022-11-03 22:28:29;-36,79993;-73,05889;23;40,1;7184,5;0;0;0;1;;27137;537,9;-11,2;
2022-11-03 22:28:59;-36,79993;-73,05889;23;40,2;7184,5;0;0;0;1;;27137;537,9;-10,9;
2022-11-03 22:29:29;-36,79993;-73,05889;23;40,2;7184,5;0;0;0;1;;27137;537,9;-11,2;
2022-11-03 22:29:59;-36,79993;-73,05889;23;40,3;7184,5;0;0;0;1;;27137;537,9;-10,9;
2022-11-03 22:30:29;-36,79993;-73,05889;23;40,3;7184,5;0;0;0;1;;27137;537,9;-10,9;
2022-11-03 22:30:59;-36,79993;-73,05889;23;40,4;7184,5;0;0;0;1;;27137;537,9;-10,9;
2022-11-03 22:31:29;-36,79993;-73,05889;23;40,4;7184,5;0;0;0;1;;27137;537,9;-11,2;
2022-11-03 22:31:59;-36,79993;-73,05889;23;40,4;7184,5;0;0;0;1;;27137;537,9;-11,2;
2022-11-03 22:32:29;-36,79993;-73,05889;23;40,5;7184,5;0;0;0;1;;27137;537,9;-10,6;
2022-11-03 22:32:59;-36,79993;-73,05889;23;40,5;7184,5;0;0;0;1;;27137;537,9;-11,2;
2022-11-03 22:33:29;-36,79993;-73,05889;23;40,6;7184,5;0;0;0;1;;27137;537,9;-11,2;
2022-11-03 22:33:59;-36,79993;-73,05889;23;40,6;7184,5;0;0;0;1;;27137;537,9;-10,6;
2022-11-03 22:34:29;-36,79993;-73,05889;23;40,7;7184,5;0;0;0;1;;27137;537,9;-10,9;
2022-11-03 22:34:59;-36,79993;-73,05889;23;40,7;7184,5;0;0;0;1;;27137;537,9;-11,4;
2022-11-03 22:35:29;-36,79993;-73,05889;23;40,7;7184,5;0;0;0;1;;27137;537,9;-10,6;
2022-11-03 22:35:59;-36,79993;-73,05889;23;40,8;7184,5;0;0;0;1;;27137;537,9;-10,9;
2022-11-03 22:36:29;-36,79993;-73,05889;23;40,8;7184,5;0;0;0;1;;27137;537,9;-10,9;
2022-11-03 22:36:59;-36,79993;-73,05889;23;40,9;7184,5;0;0;0;1;;27137;537,9;-10,9;
2022-11-03 22:37:29;-36,79993;-73,05889;23;40,9;7184,5;0;0;0;1;;27137;537,9;-10,9;
2022-11-03 22:37:59;-36,79993;-73,05889;23;41;7184,5;0;0;0;1;;27137;537,9;-11,2;
2022-11-03 22:38:29;-36,79993;-73,05889;23;41;7184,5;0;0;0;1;;27137;537,9;-10,6;
2022-11-03 22:38:59;-36,79993;-73,05889;23;41;7184,5;0;0;0;1;;27137;537,9;-10,6;
2022-11-03 22:39:29;-36,79993;-73,05889;23;41,1;7184,5;0;0;0;1;;27137;537,9;-11,2;
2022-11-03 22:39:59;-36,79993;-73,05889;23;41,1;7184,5;0;0;0;1;;27137;537,9;-10,6;
2022-11-03 22:40:29;-36,79993;-73,05889;23;41,2;7184,5;0;0;0;1;;27137;537,9;-11,2;
2022-11-03 22:40:59;-36,79993;-73,05889;23;41,2;7184,5;0;0;0;1;;27137;537,9;-10,9;
2022-11-03 22:41:29;-36,79993;-73,05889;23;41,3;7184,5;0;0;0;1;;27137;537,9;-11,2;
2022-11-03 22:41:59;-36,79993;-73,05889;23;41,3;7184,5;0;0;0;1;;27137;537,9;-10,9;
2022-11-03 22:42:29;-36,79993;-73,05889;23;41,3;7184,5;0;0;0;1;;27137;537,9;-10,9;
2022-11-03 22:42:59;-36,79993;-73,05889;23;41,4;7184,5;0;0;0;1;;27137;537,9;-10,9;
2022-11-03 22:43:29;-36,79993;-73,05889;23;41,4;7184,5;0;0;0;1;;27137;537,9;-10,6;
2022-11-03 22:43:59;-36,79993;-73,05889;23;41,5;7184,5;0;0;0;1;;27137;537,9;-11,2;
2022-11-03 22:44:29;-36,79993;-73,05889;23;41,5;7184,5;0;0;0;1;;27137;537,9;-10,9;
2022-11-03 22:44:59;-36,79993;-73,05889;23;41,6;7184,5;0;0;0;1;;27137;537,9;-10,9;
2022-11-03 22:45:29;-36,79993;-73,05889;23;41,6;7184,5;0;0;0;1;;27137;537,9;-10,9;
2022-11-03 22:45:59;-36,79993;-73,05889;23;41,6;7184,5;0;0;0;1;;27137;537,9;-10,6;
2022-11-03 22:46:29;-36,79993;-73,05889;23;41,7;7184,5;0;0;0;1;;27137;537,9;-11,2;
2022-11-03 22:46:59;-36,79993;-73,05889;23;41,7;7184,5;0;0;0;1;;27137;537,9;-11,2;
2022-11-03 22:47:29;-36,79993;-73,05889;23;41,8;7184,5;0;0;0;1;;27137;537,9;-10,9;
2022-11-03 22:47:59;-36,79993;-73,05889;23;41,8;7184,5;0;0;0;1;;27137;537,9;-10,6;
2022-11-03 22:48:29;-36,79993;-73,05889;23;41,9;7184,5;0;0;0;1;;27137;537,9;-10,6;
2022-11-03 22:48:59;-36,79993;-73,05889;23;41,9;7184,5;0;0;0;1;;27137;537,9;-11,2;
2022-11-03 22:49:29;-36,79993;-73,05889;23;41,9;7184,5;0;0;0;1;;27137;537,9;-10,6;
2022-11-03 22:49:59;-36,79993;-73,05889;23;42;7184,5;0;0;0;1;;27137;537,9;-10,6;
2022-11-03 22:50:29;-36,79993;-73,05889;23;42;7184,5;0;0;0;1;;27137;537,9;-11,2;
2022-11-03 22:50:59;-36,79993;-73,05889;23;42,1;7184,5;0;0;0;1;;27137;537,9;-11,2;
2022-11-03 22:51:29;-36,79993;-73,05889;23;42,1;7184,5;0;0;0;1;;27137;537,9;-10,9;
2022-11-03 22:51:59;-36,79993;-73,05889;23;42,2;7184,5;0;0;0;1;;27137;537,9;-10,9;
2022-11-03 22:52:29;-36,79993;-73,05889;23;42,2;7184,5;0;0;0;1;;27137;537,9;-11,2;
2022-11-03 22:52:59;-36,79993;-73,05889;23;42,2;7184,5;0;0;0;1;;27137;537,9;-11,2;
2022-11-03 22:53:29;-36,79993;-73,05889;23;42,3;7184,5;0;0;0;1;;27137;537,9;-11,2;
2022-11-03 22:53:59;-36,79993;-73,05889;23;42,3;7184,5;0;0;0;1;;27137;537,9;-10,9;
2022-11-03 22:54:29;-36,79993;-73,05889;23;42,4;7184,5;0;0;0;1;;27137;537,9;-11,2;
2022-11-03 22:54:59;-36,79993;-73,05889;23;42,4;7184,5;0;0;0;1;;27137;537,9;-10,9;
2022-11-03 22:55:29;-36,79993;-73,05889;23;42,4;7184,5;0;0;0;1;;27137;537,9;-11,2;
2022-11-03 22:55:59;-36,79993;-73,05889;23;42,5;7184,5;0;0;0;1;;27137;537,9;-11,2;
2022-11-03 22:56:29;-36,79993;-73,05889;23;42,5;7184,5;0;0;0;1;;27137;537,9;-10,9;
2022-11-03 22:56:56;-36,79993;-73,05889;23;42,6;7184,5;0;0;0;1;;27137;537,9;-10,9;
2022-11-03 22:57:29;-36,79993;-73,05889;23;42,6;7184,5;0;0;0;1;;27137;537,9;-10,9;
2022-11-03 22:57:59;-36,79993;-73,05889;23;42,7;7184,5;0;0;0;1;;27137;537,9;-10,6;
2022-11-03 22:58:29;-36,79993;-73,05889;23;42,7;7184,5;0;0;0;1;;27137;537,9;-10,9;
2022-11-03 22:58:59;-36,79993;-73,05889;23;42,7;7184,5;0;0;0;1;;27137;537,9;-11,2;
2022-11-03 22:59:26;-36,79993;-73,05889;23;42,8;7184,5;0;0;0;1;;27137;537,9;-10,9;
2022-11-03 22:59:56;-36,79993;-73,05889;23;42,8;7184,5;0;0;0;1;;27137;537,9;-10,9;
2022-11-03 23:00:29;-36,79993;-73,05889;23;42,9;7184,5;0;0;0;1;;27137;537,9;-10,6;
2022-11-03 23:00:59;-36,79993;-73,05889;23;42,9;7184,5;0;0;0;1;;27137;537,9;-10,6;
2022-11-03 23:01:29;-36,79993;-73,05889;23;43;7184,5;0;0;0;1;;27137;537,9;-10,9;
2022-11-03 23:01:59;-36,79993;-73,05889;23;43;7184,5;0;0;0;1;;27137;537,9;-10,9;
2022-11-03 23:02:29;-36,79993;-73,05889;23;43;7184,5;0;0;0;1;;27137;537,9;-10,9;
2022-11-03 23:02:59;-36,79993;-73,05889;23;43,1;7184,5;0;0;0;1;;27137;537,9;-10,6;
2022-11-03 23:03:29;-36,79993;-73,05889;23;43,1;7184,5;0;0;0;1;;27137;537,9;-11,2;
2022-11-03 23:03:59;-36,79993;-73,05889;23;43,2;7184,5;0;0;0;1;;27137;537,9;-10,9;
2022-11-03 23:04:29;-36,79993;-73,05889;23;43,2;7184,5;0;0;0;1;;27137;537,9;-10,6;
2022-11-03 23:04:56;-36,79993;-73,05889;23;43,3;7184,5;0;0;0;1;;27137;537,9;-10,6;
2022-11-03 23:05:26;-36,79993;-73,05889;23;43,3;7184,5;0;0;0;1;;27137;537,9;-10,9;
2022-11-03 23:05:59;-36,79993;-73,05889;23;43,3;7184,5;0;0;0;1;;27137;537,9;-10,9;
2022-11-03 23:06:29;-36,79993;-73,05889;23;43,4;7184,5;0;0;0;1;;27137;537,9;-10,6;
2022-11-03 23:06:59;-36,79993;-73,05889;23;43,4;7184,5;0;0;0;1;;27137;537,9;-11,2;
2022-11-03 23:07:29;-36,79993;-73,05889;23;43,5;7184,5;0;0;0;1;;27137;537,9;-11,2;
2022-11-03 23:07:59;-36,79993;-73,05889;23;43,5;7184,5;0;0;0;1;;27137;537,9;-10,9;
2022-11-03 23:08:29;-36,79993;-73,05889;23;43,5;7184,5;0;0;0;1;;27137;537,9;-10,6;
2022-11-03 23:08:56;-36,79993;-73,05889;23;43,6;7184,5;0;0;0;1;;27137;537,9;-10,9;
2022-11-03 23:09:26;-36,79993;-73,05889;23;43,6;7184,5;0;0;0;1;;27137;537,9;-10,6;
2022-11-03 23:09:59;-36,79993;-73,05889;23;43,7;7184,5;0;0;0;1;;27137;537,9;-11,2;
2022-11-03 23:10:29;-36,79993;-73,05889;23;43,7;7184,5;0;0;0;1;;27137;537,9;-11,2;
2022-11-03 23:10:59;-36,79993;-73,05889;23;43,8;7184,5;0;0;0;1;;27137;537,9;-10,9;
2022-11-03 23:11:26;-36,79993;-73,05889;23;43,8;7184,5;0;0;0;1;;27137;537,9;-11,2;
2022-11-03 23:11:56;-36,79993;-73,05889;23;43,8;7184,5;0;0;0;1;;27137;537,9;-11,2;
2022-11-03 23:12:29;-36,79993;-73,05889;23;43,9;7184,5;0;0;0;1;;27137;537,9;-10,6;
2022-11-03 23:12:59;-36,79993;-73,05889;23;43,9;7184,5;0;0;0;1;;27137;537,9;-10,9;
2022-11-03 23:13:29;-36,79993;-73,05889;23;44;7184,5;0;0;0;1;;27137;537,9;-10,6;
2022-11-03 23:13:59;-36,79993;-73,05889;23;44;7184,5;0;0;0;1;;27137;537,9;-10,9;
2022-11-03 23:14:29;-36,79993;-73,05889;23;44,1;7184,5;0;0;0;1;;27137;537,9;-10,9;
2022-11-03 23:14:56;-36,79993;-73,05889;23;44,1;7184,5;0;0;0;1;;27137;537,9;-11,2;
2022-11-03 23:15:26;-36,79993;-73,05889;23;44,1;7184,5;0;0;0;1;;27137;537,9;-11,2;
2022-11-03 23:15:56;-36,79993;-73,05889;23;44,2;7184,5;0;0;0;1;;27137;537,9;-10,9;
2022-11-03 23:16:29;-36,79993;-73,05889;23;44,2;7184,5;0;0;0;1;;27137;537,9;-10,9;
2022-11-03 23:16:59;-36,79993;-73,05889;23;44,3;7184,5;0;0;0;1;;27137;537,9;-11,2;
2022-11-03 23:17:29;-36,79993;-73,05889;23;44,3;7184,5;0;0;0;1;;27137;537,9;-11,2;
2022-11-03 23:17:56;-36,79993;-73,05889;23;44,4;7184,5;0;0;0;1;;27137;537,9;-11,2;
2022-11-03 23:18:26;-36,79993;-73,05889;23;44,4;7184,5;0;0;0;1;;27137;537,9;-10,9;
2022-11-03 23:18:59;-36,79993;-73,05889;23;44,4;7184,5;0;0;0;1;;27137;537,9;-11,4;
2022-11-03 23:19:29;-36,79993;-73,05889;23;44,5;7184,5;0;0;0;1;;27137;537,9;-10,9;
2022-11-03 23:19:59;-36,79993;-73,05889;23;44,5;7184,5;0;0;0;1;;27137;537,9;-10,6;
2022-11-03 23:20:26;-36,79993;-73,05889;23;44,6;7184,5;0;0;0;1;;27137;537,9;-10,9;
2022-11-03 23:20:56;-36,79993;-73,05889;23;44,6;7184,5;0;0;0;1;;27137;537,9;-10,9;
2022-11-03 23:21:29;-36,79993;-73,05889;23;44,7;7184,5;0;0;0;1;;27137;537,9;-11,2;
2022-11-03 23:21:59;-36,79993;-73,05889;23;44,7;7184,5;0;0;0;1;;27137;537,9;-11,2;
2022-11-03 23:22:29;-36,79993;-73,05889;23;44,7;7184,5;0;0;0;1;;27137;537,9;-10,9;
2022-11-03 23:22:56;-36,79993;-73,05889;23;44,8;7184,5;0;0;0;1;;27137;537,9;-11,2;
2022-11-03 23:23:26;-36,79993;-73,05889;23;44,8;7184,5;0;0;0;1;;27137;537,9;-10,6;
2022-11-03 23:23:59;-36,79993;-73,05889;23;44,9;7184,5;0;0;0;1;;27137;537,9;-10,9;
2022-11-03 23:24:29;-36,79993;-73,05889;23;44,9;7184,5;0;0;0;1;;27137;537,9;-10,9;
2022-11-03 23:24:59;-36,79993;-73,05889;23;45;7184,5;0;0;0;1;;27137;537,9;-10,6;
2022-11-03 23:25:26;-36,79993;-73,05889;23;45;7184,5;0;0;0;1;;27137;537,9;-11,2;
2022-11-03 23:25:56;-36,79993;-73,05889;23;45;7184,5;0;0;0;1;;27137;537,9;-10,6;
2022-11-03 23:26:26;-36,79993;-73,05889;23;45,1;7184,5;0;0;0;1;;27137;537,9;-11,2;
2022-11-03 23:26:59;-36,79993;-73,05889;23;45,1;7184,5;0;0;0;1;;27137;537,9;-10,9;
2022-11-03 23:27:29;-36,79993;-73,05889;23;45,2;7184,5;0;0;0;1;;27137;537,9;-11,2;
2022-11-03 23:27:56;-36,79993;-73,05889;23;45,2;7184,5;0;0;0;1;;27137;537,9;-10,6;
2022-11-03 23:28:26;-36,79993;-73,05889;23;45,3;7184,5;0;0;0;1;;27137;537,9;-11,2;
2022-11-03 23:28:56;-36,79993;-73,05889;23;45,3;7184,5;0;0;0;1;;27137;537,9;-10,6;
2022-11-03 23:29:26;-36,79993;-73,05889;23;45,3;7184,5;0;0;0;1;;27137;537,9;-11,2;
2022-11-03 23:29:59;-36,79993;-73,05889;23;45,4;7184,5;0;0;0;1;;27137;537,9;-10,9;
2022-11-03 23:30:29;-36,79993;-73,05889;23;45,4;7184,5;0;0;0;1;;27137;537,9;-10,9;
2022-11-03 23:30:59;-36,79993;-73,05889;23;45,5;7184,5;0;0;0;1;;27137;537,9;-10,9;
2022-11-03 23:31:29;-36,79993;-73,05889;23;45,5;7184,5;0;0;0;1;;27137;537,9;-11,2;
2022-11-03 23:31:56;-36,79993;-73,05889;23;45,6;7184,5;0;0;0;1;;27137;537,9;-10,9;
2022-11-03 23:32:26;-36,79993;-73,05889;23;45,6;7184,5;0;0;0;1;;27137;537,9;-10,9;
2022-11-03 23:32:56;-36,79993;-73,05889;23;45,6;7184,5;0;0;0;1;;27137;537,9;-11,2;
2022-11-03 23:33:26;-36,79993;-73,05889;23;45,7;7184,5;0;0;0;1;;27137;537,9;-11,2;
2022-11-03 23:33:59;-36,79993;-73,05889;23;45,7;7184,5;0;0;0;1;;27137;537,9;-10,9;
2022-11-03 23:34:29;-36,79993;-73,05889;23;45,8;7184,5;0;0;0;1;;27137;537,9;-10,6;
2022-11-03 23:34:56;-36,79993;-73,05889;23;45,8;7184,5;0;0;0;1;;27137;537,9;-11,2;
2022-11-03 23:35:26;-36,79993;-73,05889;23;45,8;7184,5;0;0;0;1;;27137;537,9;-11,2;
2022-11-03 23:35:56;-36,79993;-73,05889;23;45,9;7184,5;0;0;0;1;;27137;537,9;-10,9;
2022-11-03 23:36:29;-36,79993;-73,05889;23;45,9;7184,5;0;0;0;1;;27137;537,9;-11,2;
2022-11-03 23:36:59;-36,79993;-73,05889;23;46;7184,5;0;0;0;1;;27137;537,9;-11,2;
2022-11-03 23:37:26;-36,79993;-73,05889;23;46;7184,5;0;0;0;1;;27137;537,9;-10,6;
2022-11-03 23:37:56;-36,79993;-73,05889;23;46,1;7184,5;0;0;0;1;;27137;537,9;-11,2;
2022-11-03 23:38:26;-36,79993;-73,05889;23;46,1;7184,5;0;0;0;1;;27137;537,9;-10,6;
2022-11-03 23:38:56;-36,79993;-73,05889;23;46,1;7184,5;0;0;0;1;;27137;537,9;-10,9;
2022-11-03 23:39:26;-36,79993;-73,05889;23;46,2;7184,5;0;0;0;1;;27137;538,4;-10,9;
2022-11-03 23:39:56;-36,79993;-73,05889;23;46,2;7184,5;0;0;0;1;;27137;537,9;-11,2;
2022-11-03 23:40:26;-36,79993;-73,05889;23;46,3;7184,5;0;0;0;1;;27137;537,9;-11,2;
2022-11-03 23:40:56;-36,79993;-73,05889;23;46,3;7184,5;0;0;0;1;;27137;537,9;-11,2;
2022-11-03 23:41:29;-36,79993;-73,05889;23;46,4;7184,5;0;0;0;1;;27137;538,4;-10,9;
2022-11-03 23:41:59;-36,79993;-73,05889;23;46,4;7184,5;0;0;0;1;;27137;538,4;-11,2;
2022-11-03 23:42:26;-36,79993;-73,05889;23;46,4;7184,5;0;0;0;1;;27137;537,9;-11,2;
2022-11-03 23:42:56;-36,79993;-73,05889;23;46,5;7184,5;0;0;0;1;;27137;538,4;-10,9;
2022-11-03 23:43:26;-36,79993;-73,05889;23;46,5;7184,5;0;0;0;1;;27137;538,4;-10,9;
2022-11-03 23:43:56;-36,79993;-73,05889;23;46,6;7184,5;0;0;0;1;;27137;538,4;-10,6;
2022-11-03 23:44:26;-36,79993;-73,05889;23;46,6;7184,5;0;0;0;1;;27137;537,9;-11,2;
2022-11-03 23:44:56;-36,79993;-73,05889;23;46,7;7184,5;0;0;0;1;;27137;538,4;-11,2;
2022-11-03 23:45:26;-36,79993;-73,05889;23;46,7;7184,5;0;0;0;1;;27137;538,4;-10,6;
2022-11-03 23:45:56;-36,79993;-73,05889;23;46,7;7184,5;0;0;0;1;;27137;538,4;-11,2;
2022-11-03 23:46:26;-36,79993;-73,05889;23;46,8;7184,5;0;0;0;1;;27137;537,9;-11,2;
2022-11-03 23:46:56;-36,79993;-73,05889;23;46,8;7184,5;0;0;0;1;;27137;538,4;-10,6;
2022-11-03 23:47:26;-36,79993;-73,05889;23;46,9;7184,5;0;0;0;1;;27137;538,4;-10,6;
2022-11-03 23:47:56;-36,79993;-73,05889;23;46,9;7184,5;0;0;0;1;;27137;538,4;-10,9;
2022-11-03 23:48:26;-36,79993;-73,05889;23;47;7184,5;0;0;0;1;;27137;537,9;-11,2;
2022-11-03 23:48:56;-36,79993;-73,05889;23;47;7184,5;0;0;0;1;;27137;538,4;-11,2;
2022-11-03 23:49:26;-36,79993;-73,05889;23;47;7184,5;0;0;0;1;;27137;538,4;-10,9;
2022-11-03 23:49:56;-36,79993;-73,05889;23;47,1;7184,5;0;0;0;1;;27137;538,4;-10,9;
2022-11-03 23:50:26;-36,79993;-73,05889;23;47,1;7184,5;0;0;0;1;;27137;538,4;-10,9;
2022-11-03 23:50:56;-36,79993;-73,05889;23;47,2;7184,5;0;0;0;1;;27137;538,4;-10,9;
2022-11-03 23:51:26;-36,79993;-73,05889;23;47,2;7184,5;0;0;0;1;;27137;538,4;-11,2;
2022-11-03 23:51:56;-36,79993;-73,05889;23;47,3;7184,5;0;0;0;1;;27137;538,4;-11,2;
2022-11-03 23:52:26;-36,79993;-73,05889;23;47,3;7184,5;0;0;0;1;;27137;538,4;-10,6;
2022-11-03 23:52:56;-36,79993;-73,05889;23;47,3;7184,5;0;0;0;1;;27137;538,4;-11,2;
2022-11-03 23:53:26;-36,79993;-73,05889;23;47,4;7184,5;0;0;0;1;;27137;538,4;-10,6;
2022-11-03 23:53:56;-36,79993;-73,05889;23;47,4;7184,5;0;0;0;1;;27137;538,4;-10,9;
2022-11-03 23:54:26;-36,79993;-73,05889;23;47,5;7184,5;0;0;0;1;;27137;538,4;-10,9;
2022-11-03 23:54:56;-36,79993;-73,05889;23;47,5;7184,5;0;0;0;1;;27137;538,4;-10,9;
2022-11-03 23:55:26;-36,79993;-73,05889;23;47,5;7184,5;0;0;0;1;;27137;538,4;-11,2;
2022-11-03 23:55:56;-36,79993;-73,05889;23;47,6;7184,5;0;0;0;1;;27137;538,4;-10,9;
2022-11-03 23:56:26;-36,79993;-73,05889;23;47,6;7184,5;0;0;0;1;;27137;538,4;-10,6;
2022-11-03 23:56:56;-36,79993;-73,05889;23;47,7;7184,5;0;0;0;1;;27137;538,4;-11,2;
2022-11-03 23:57:26;-36,79993;-73,05889;23;47,7;7184,5;0;0;0;1;;27137;538,4;-10,9;
2022-11-03 23:57:56;-36,79993;-73,05889;23;47,8;7184,5;0;0;0;1;;27137;538,4;-11,2;
2022-11-03 23:58:26;-36,79993;-73,05889;23;47,8;7184,5;0;0;0;1;;27137;538,4;-10,6;
2022-11-03 23:58:59;-36,79993;-73,05889;23;47,8;7184,5;0;0;0;1;;27137;538,4;-10,9;
2022-11-03 23:59:29;-36,79993;-73,05889;23;47,9;7184,5;0;0;0;1;;27137;538,4;-11,2;
2022-11-03 23:59:56;-36,79993;-73,05889;23;47,9;7184,5;0;0;0;1;;27137;538,4;-10,9;
