fecha_hora;lat;lon;altitud;SOC;odometro;vel;AC;calefaccion;cargando;km_restantes;carga_bat_aux;voltaje;corriente;rpm
2022-11-19 07:58:09;-36,8;-73,05888;25,9;100;8361,7;0;0;0;1;;25184;544;0;
2022-11-19 07:58:36;-36,8;-73,05888;25,9;100;8361,7;0;0;0;1;;25184;546,6;-10,6;
2022-11-19 07:59:06;-36,8;-73,05888;25,9;100;8361,7;0;0;0;1;;27005;546;0;
2022-11-19 08:01:33;-36,8;-73,05888;25,9;100;8361,7;0;0;0;0;;25053;545;3,3;
2022-11-19 08:02:03;-36,8;-73,05888;25,9;100;8361,7;6;0;0;0;;27005;545;1,4;
2022-11-19 08:02:33;-36,8;-73,05888;20,2;100;8361,8;0;0;0;0;;27005;544,5;1,4;
2022-11-19 08:03:03;-36,79974;-73,05848;20,2;100;8361,8;0;0;0;0;;27005;544,5;1,1;
2022-11-19 08:03:33;-36,79974;-73,05848;13,5;99,7;8362;71;0;0;0;;27005;523,3;100,1;
2022-11-19 08:04:03;-36,80105;-73,05685;-5,9;99,6;8362,4;31;0;0;0;;26874;534,8;1,4;
2022-11-19 08:04:33;-36,80396;-73,05498;1,6;99,6;8362,4;0;0;0;0;;27005;536,3;1,4;
2022-11-19 08:05:03;-36,80396;-73,05498;6;99,4;8362,5;48;0;0;0;;27005;521,7;169,4;
2022-11-19 08:05:33;-36,80371;-73,05475;12;99,3;8362,7;2;0;0;0;;27005;533,8;17,9;
2022-11-19 08:06:03;-36,80138;-73,05623;20,2;98,9;8363;76;0;0;0;;27137;517,6;180,4;
2022-11-19 08:06:33;-36,80138;-73,05623;21,8;98,4;8363,8;91;0;0;0;;27137;527,6;48,4;
2022-11-19 08:07:03;-36,79622;-73,06463;9,7;98,1;8364,5;90;0;0;0;;27005;524,5;89,7;
2022-11-19 08:07:33;-36,78835;-73,07204;8,2;97,8;8365,2;62;0;0;0;;27005;531,2;2;
2022-11-19 08:08:03;-36,78835;-73,07204;4,8;97,3;8365,9;90;0;0;0;;27137;522,2;107,8;
2022-11-19 08:08:33;-36,78426;-73,08035;14,4;97;8366,5;70;0;0;0;;27137;517,6;182,9;
2022-11-19 08:09:03;-36,78169;-73,09044;8;96,5;8367,2;89;0;0;0;;27137;521,2;121,9;
2022-11-19 08:09:33;-36,78169;-73,09044;8,6;96,2;8367,9;62;0;0;0;;27005;531,2;1,4;
2022-11-19 08:10:03;-36,77908;-73,10123;5,7;96,2;8368;0;0;0;0;;27005;533,8;1,4;
2022-11-19 08:10:33;-36,77853;-73,10337;5,7;96,2;8368;0;0;0;0;;27137;534,3;1,4;
2022-11-19 08:11:03;-36,77853;-73,10337;5,7;96,2;8368;0;0;0;0;;27137;534,8;1,4;
2022-11-19 08:11:33;-36,77853;-73,10337;5,7;96,2;8368;0;0;0;0;;27005;535,3;1,1;
2022-11-19 08:12:03;-36,77853;-73,10337;7,2;96,1;8368,1;29;0;0;0;;27005;534,3;1,4;
2022-11-19 08:12:33;-36,77853;-73,10337;6,9;95,8;8368,5;39;0;0;0;;27137;537,9;-49,9;
2022-11-19 08:13:03;-36,77731;-73,10877;4,1;95,8;8368,7;28;0;0;0;;27005;534,8;-14,2;
2022-11-19 08:13:33;-36,77806;-73,1084;2,7;95,6;8369;26;0;0;0;;27137;535,3;-16,4;
2022-11-19 08:14:03;-36,77806;-73,1084;4;95,5;8369,2;46;0;0;0;;27137;520,7;172,2;
2022-11-19 08:14:33;-36,77835;-73,10473;9,3;95,1;8369,8;10;0;0;0;;27137;533,2;2,8;
2022-11-19 08:15:03;-36,77959;-73,0991;8,4;94,9;8370,1;48;0;0;0;;27137;536,8;-48,6;
2022-11-19 08:15:33;-36,77959;-73,0991;7,7;94,9;8370,2;0;0;0;0;;27137;534,8;0,9;
2022-11-19 08:16:03;-36,77853;-73,10336;7,7;94,9;8370,2;0;0;0;0;;27137;535,3;0,9;
2022-11-19 08:16:33;-36,77853;-73,10336;7,7;94,9;8370,2;0;0;0;0;;27137;535,3;0,9;
2022-11-19 08:17:03;-36,77853;-73,10336;7,7;94,9;8370,2;0;0;0;0;;27005;535,8;0,9;
2022-11-19 08:17:33;-36,77853;-73,10336;7,7;94,9;8370,2;0;0;0;0;;27137;535,8;0,9;
2022-11-19 08:18:03;-36,77853;-73,10336;7,7;94,9;8370,2;0;0;0;0;;27137;535,8;0,9;
2022-11-19 08:18:33;-36,77853;-73,10336;7,7;94,9;8370,2;0;0;0;0;;27137;535,8;0,9;
2022-11-19 08:19:03;-36,77853;-73,10336;11;94,9;8370,2;19;0;0;0;;27137;535,8;-3,7;
2022-11-19 08:19:33;-36,7783;-73,10449;6,1;94,8;8370,4;14;0;0;0;;27137;535,8;0;
2022-11-19 08:20:03;-36,7783;-73,10449;6,6;94,8;8370,4;1;0;0;0;;27005;535,8;1,1;
2022-11-19 08:20:33;-36,77769;-73,1044;6,5;94,8;8370,4;0;0;0;0;;27137;536,3;1,1;
2022-11-19 08:21:03;-36,7777;-73,1044;6,5;94,8;8370,4;0;0;0;0;;27137;536,3;1,1;
2022-11-19 08:21:33;-36,7777;-73,1044;6,5;94,8;8370,4;0;0;0;0;;27137;536,3;1,1;
2022-11-19 08:22:03;-36,7777;-73,1044;6,5;94,8;8370,4;0;0;0;0;;27137;536,3;1,1;
2022-11-19 08:22:33;-36,7777;-73,1044;6,5;94,8;8370,4;0;0;0;0;;27137;536,3;0,9;
2022-11-19 08:23:03;-36,7777;-73,1044;6,5;94,8;8370,4;0;0;0;0;;27137;536,3;1,1;
2022-11-19 08:23:33;-36,7777;-73,1044;6,5;94,8;8370,4;0;0;0;0;;27137;536,3;1,1;
2022-11-19 08:24:03;-36,7777;-73,1044;6,5;94,8;8370,4;0;0;0;0;;27137;536,3;1,1;
2022-11-19 08:24:33;-36,7777;-73,1044;6,5;94,8;8370,4;0;0;0;0;;27137;536,3;0,9;
2022-11-19 08:25:03;-36,7777;-73,1044;6,5;94,8;8370,4;0;0;0;0;;27137;536,3;0,9;
2022-11-19 08:25:33;-36,7777;-73,1044;6,5;94,8;8370,4;0;0;0;0;;27137;536,8;0,9;
2022-11-19 08:26:03;-36,7777;-73,1044;6,5;94,8;8370,4;0;0;0;0;;27137;536,8;0,9;
2022-11-19 08:26:33;-36,7777;-73,1044;6,5;94,8;8370,4;0;0;0;0;;27137;536,8;0,9;
2022-11-19 08:27:03;-36,7777;-73,1044;6,5;94,8;8370,4;0;0;0;0;;27137;536,8;0,9;
2022-11-19 08:27:33;-36,7777;-73,1044;6,5;94,8;8370,4;0;0;0;0;;27137;536,8;0,9;
2022-11-19 08:28:03;-36,7777;-73,1044;6,5;94,8;8370,4;0;0;0;0;;27137;536,8;0,9;
2022-11-19 08:28:33;-36,7777;-73,1044;6,5;94,8;8370,4;0;0;0;0;;27137;536,8;0,9;
2022-11-19 08:29:03;-36,7777;-73,1044;6,5;94,8;8370,4;0;0;0;0;;27137;536,8;0,9;
2022-11-19 08:29:33;-36,7777;-73,1044;6,5;94,8;8370,4;0;0;0;0;;27137;536,8;0,9;
2022-11-19 08:30:03;-36,7777;-73,1044;6,5;94,8;8370,4;0;0;0;0;;27137;536,8;0,9;
2022-11-19 08:30:33;-36,7777;-73,1044;6,5;94,8;8370,4;0;0;0;0;;27137;536,8;0,9;
2022-11-19 08:31:03;-36,7777;-73,1044;6,5;94,8;8370,4;0;0;0;0;;27137;536,8;0,9;
2022-11-19 08:31:33;-36,7777;-73,1044;6,5;94,8;8370,4;0;0;0;0;;27137;536,8;0,9;
2022-11-19 08:32:03;-36,7777;-73,1044;6,5;94,8;8370,4;0;0;0;0;;27137;536,8;0,9;
2022-11-19 08:32:33;-36,7777;-73,1044;6,5;94,8;8370,4;0;0;0;0;;27137;536,8;0,9;
2022-11-19 08:33:03;-36,7777;-73,1044;6,5;94,8;8370,4;0;0;0;0;;27137;536,8;0,9;
2022-11-19 08:33:33;-36,7777;-73,1044;6,5;94,8;8370,4;0;0;0;0;;27137;536,8;0,9;
2022-11-19 08:34:03;-36,7777;-73,1044;6,5;94,8;8370,4;0;0;0;0;;27137;536,8;0,9;
2022-11-19 08:34:33;-36,7777;-73,1044;6,5;94,8;8370,4;0;0;0;0;;27137;536,8;0,9;
2022-11-19 08:35:03;-36,7777;-73,1044;7,6;94,7;8370,5;15;0;0;0;;27137;536,3;1,1;
2022-11-19 09:36:51;-36,77722;-73,10402;6,7;94,7;8370,5;0;0;0;0;;25439;537,9;2,8;
2022-11-19 09:37:21;-36,77722;-73,10402;6,7;94,7;8370,5;0;0;0;0;;27005;537,9;1,1;
2022-11-19 09:37:51;-36,77722;-73,10402;6,7;94,7;8370,5;0;0;0;0;;27005;537,9;1,4;
2022-11-19 09:38:21;-36,77722;-73,10402;6,7;94,7;8370,5;0;0;0;0;;27005;537,9;1,1;
2022-11-19 09:38:51;-36,77722;-73,10402;12,3;94,7;8370,6;16;0;0;0;;27005;537,9;-4,3;
2022-11-19 09:39:21;-36,77748;-73,10436;8,4;94,7;8370,6;0;0;0;0;;27005;537,3;0,9;
2022-11-19 09:39:51;-36,77795;-73,10463;8,4;94,7;8370,6;0;0;0;0;;27137;537,9;0,9;
2022-11-19 09:40:21;-36,77795;-73,10463;8,4;94,7;8370,6;0;0;0;0;;27137;537,9;0,9;
2022-11-19 09:40:51;-36,77795;-73,10463;8,4;94,7;8370,6;0;0;0;0;;27005;537,9;1,7;
2022-11-19 09:41:21;-36,7782;-73,10498;14,4;94,6;8370,7;0;0;0;0;;27005;537,3;1,1;
2022-11-19 09:41:51;-36,7782;-73,10498;12,9;94,6;8370,7;16;0;0;0;;27137;536,8;-1,8;
2022-11-19 09:42:21;-36,77851;-73,10446;14,5;94,3;8371,1;51;0;0;0;;27137;529,7;22,3;
2022-11-19 09:42:51;-36,77986;-73,09896;18,8;94,3;8371,3;0;0;0;0;;27005;534,8;0,9;
2022-11-19 09:43:21;-36,77986;-73,09896;19,4;94,2;8371,4;35;0;0;0;;27137;522,8;164,8;
2022-11-19 09:43:51;-36,78009;-73,09773;16,9;94,1;8371,5;20;0;0;0;;27005;529,7;76,8;
2022-11-19 09:44:21;-36,78098;-73,09405;13,5;93,7;8372;77;0;0;0;;27137;522,8;109,5;
2022-11-19 09:44:51;-36,78098;-73,09405;20;93,3;8372,6;73;0;0;0;;27137;527,6;52,3;
2022-11-19 09:45:21;-36,78376;-73,08332;10,4;93,2;8373,3;55;0;0;0;;27005;526,6;103,7;
2022-11-19 09:45:51;-36,78592;-73,07417;9,6;92,9;8373,7;68;0;0;0;;27137;522,2;107,3;
2022-11-19 09:46:21;-36,78592;-73,07417;13,3;92,6;8374,3;68;0;0;0;;27137;526,6;47,3;
2022-11-19 09:46:51;-36,79248;-73,06991;18,8;92,3;8374,9;70;0;0;0;;27137;519,7;160,6;
2022-11-19 09:47:21;-36,79711;-73,06287;30,6;92,1;8375,4;53;0;0;0;;27137;535,3;-78,3;
2022-11-19 09:47:51;-36,79711;-73,06287;17,8;92,1;8375,8;52;0;0;0;;27137;529,2;30,6;
2022-11-19 09:48:21;-36,7996;-73,05642;22,3;91,7;8376,3;78;0;0;0;;27137;523,8;90,8;
2022-11-19 09:48:51;-36,79899;-73,04681;33,5;91,6;8376,9;53;0;0;0;;27137;537,3;-54,3;
2022-11-19 09:49:21;-36,79899;-73,04681;18,9;91,5;8377,4;70;0;0;0;;27137;528,6;66,3;
2022-11-19 09:49:51;-36,80334;-73,04059;25,9;91,3;8377,9;53;0;0;0;;27137;536,3;-56,3;
2022-11-19 09:50:21;-36,80729;-73,03416;21,6;91,3;8378,4;48;0;0;0;;27137;538,4;-44,7;
2022-11-19 09:50:51;-36,80729;-73,03416;9,7;91,3;8378,8;51;0;0;0;;27137;537,9;-50,8;
2022-11-19 09:51:21;-36,8105;-73,02806;8,9;91,2;8379,3;47;0;0;0;;27137;533,2;3,1;
2022-11-19 09:51:51;-36,81389;-73,02259;8,9;91,2;8379,6;24;0;0;0;;27137;536,8;-16,4;
2022-11-19 09:52:21;-36,81389;-73,02259;9,4;91,2;8379,6;0;0;0;0;;27137;535,8;0,9;
2022-11-19 09:52:51;-36,81456;-73,02157;10,6;90,8;8379,8;66;0;0;0;;27137;519,2;156;
2022-11-19 09:53:21;-36,81724;-73,0169;20,9;90,8;8380,2;28;0;0;0;;27137;527,6;72,9;
2022-11-19 09:53:51;-36,81724;-73,0169;13,5;90,5;8380,6;71;0;0;0;;27137;518,1;179,6;
2022-11-19 09:54:21;-36,8147;-73,02073;14,1;90,3;8381,2;59;0;0;0;;27137;537,3;-66,4;
2022-11-19 09:54:51;-36,81055;-73,02671;14,3;90,4;8381,5;29;0;0;0;;27137;525,6;119,9;
2022-11-19 09:55:21;-36,81055;-73,02671;14,4;90;8381,9;65;0;0;0;;27005;527,1;75,4;
2022-11-19 09:55:51;-36,80557;-73,02428;13,3;90;8382,3;0;0;0;0;;27005;534,3;2;
2022-11-19 09:56:21;-36,80177;-73,02563;12,1;89,5;8382,7;77;0;0;0;;27005;527,1;31,7;
2022-11-19 09:56:51;-36,80177;-73,02563;10,7;89,2;8383,3;77;0;0;0;;27005;536,8;-91,5;
2022-11-19 09:57:21;-36,79316;-73,02532;10;89,3;8383,6;0;0;0;0;;27005;534,8;2;
2022-11-19 09:57:51;-36,79137;-73,02492;10,6;89,1;8383,8;55;0;0;0;;27005;523,8;86,9;
2022-11-19 09:58:21;-36,79137;-73,02492;10,2;88,9;8384,1;60;0;0;0;;27005;521,2;140;
2022-11-19 09:58:51;-36,78618;-73,02269;9,8;88,8;8384,6;44;0;0;0;;27005;538,9;-71,9;
2022-11-19 09:59:21;-36,78212;-73,02091;10;88,8;8384,7;1;0;0;0;;27005;534,8;3,6;
2022-11-19 09:59:51;-36,78212;-73,02091;10,7;88,4;8385,1;66;0;0;0;;27005;518,7;169,4;
2022-11-19 10:00:21;-36,7782;-73,0185;12,5;87,9;8385,8;87;0;0;0;;27005;521,7;102,3;
2022-11-19 10:00:51;-36,77009;-73,01366;15,7;87,9;8386,3;0;0;0;0;;27005;533,8;2,2;
2022-11-19 10:01:21;-36,77009;-73,01366;26,4;87,4;8386,5;60;0;0;0;;27005;516,6;170,8;
2022-11-19 10:01:51;-36,7666;-73,01157;28,1;87,1;8387,1;69;0;0;0;;27005;517,6;180,2;
2022-11-19 10:02:21;-36,75963;-73,00585;42,7;86,7;8387,7;69;0;0;0;;27005;519,7;156,2;
2022-11-19 10:02:51;-36,75963;-73,00585;48,9;86,3;8388,3;76;0;0;0;;27005;517,6;107;
2022-11-19 10:03:21;-36,75354;-73,00072;54,2;86,4;8388,6;5;0;0;0;;27005;533,8;2,8;
2022-11-19 10:03:51;-36,75187;-73,00006;54,2;86,4;8388,6;0;0;0;0;;27005;534,8;2;
2022-11-19 10:04:21;-36,75187;-73,00006;55,2;86,3;8388,7;23;0;0;0;;27005;530,2;52,6;
2022-11-19 10:04:51;-36,75188;-73,00113;79;86;8388,9;14;0;0;0;;27137;528,1;50,4;
2022-11-19 10:05:21;-36,7502;-73,00209;62,4;85,9;8389;18;0;0;0;;27137;534,8;-7,3;
2022-11-19 10:05:51;-36,7502;-73,00209;59,8;85,9;8389,2;23;0;0;0;;27137;534,3;-6,2;
2022-11-19 10:06:21;-36,74914;-73,00367;64,4;85,8;8389,2;0;0;0;0;;27137;535,3;1,1;
2022-11-19 10:06:51;-36,74911;-73,00375;64,4;85,8;8389,2;0;0;0;0;;27137;535,8;1,1;
2022-11-19 10:07:21;-36,74911;-73,00375;64,4;85,8;8389,2;0;0;0;0;;27137;535,8;1,1;
2022-11-19 10:07:51;-36,74911;-73,00375;64,4;85,8;8389,2;0;0;0;0;;27137;535,8;0,9;
2022-11-19 10:08:21;-36,74911;-73,00375;64,4;85,8;8389,2;0;0;0;0;;27137;536,3;1,1;
2022-11-19 10:08:51;-36,74911;-73,00375;64,4;85,8;8389,2;0;0;0;0;;27137;536,3;1,1;
2022-11-19 10:09:21;-36,74911;-73,00375;64,4;85,8;8389,2;0;0;0;0;;27137;536,3;1,1;
2022-11-19 10:09:51;-36,74911;-73,00375;64,4;85,8;8389,2;0;0;0;0;;27137;536,3;1,1;
2022-11-19 10:10:21;-36,74911;-73,00375;64,4;85,8;8389,2;0;0;0;0;;27137;536,3;0,9;
2022-11-19 10:10:51;-36,74911;-73,00375;64,4;85,8;8389,2;0;0;0;0;;27137;536,3;1,1;
2022-11-19 10:11:18;-36,74918;-73,00395;68,5;85,8;8389,2;5;0;0;0;;27137;535,8;0,6;
2022-11-19 10:11:51;-36,74918;-73,00395;66,3;85,7;8389,3;18;0;0;0;;27005;536,3;-5,1;
2022-11-19 10:12:21;-36,74923;-73,00339;52;85,7;8389,5;11;0;0;0;;27137;533,2;42,4;
2022-11-19 10:12:51;-36,7502;-73,00212;74,3;85,5;8389,5;26;0;0;0;;27137;526,6;93,5;
2022-11-19 10:13:21;-36,7502;-73,00212;85,1;85,3;8389,8;22;0;0;0;;27137;532,7;-7,6;
2022-11-19 10:13:51;-36,75094;-73,0043;97,1;85,1;8389,9;15;0;0;0;;27137;532,7;0;
2022-11-19 10:14:21;-36,75133;-73,00476;97,9;85,1;8389,9;0;0;0;0;;27137;535,3;1,1;
2022-11-19 10:14:51;-36,75133;-73,00476;97,9;85,1;8389,9;0;0;0;0;;27137;535,8;1,1;
2022-11-19 10:15:18;-36,75133;-73,00476;97,9;85,1;8389,9;0;0;0;0;;27137;536,3;1,1;
2022-11-19 10:15:51;-36,75133;-73,00476;97,9;85,1;8389,9;0;0;0;0;;27137;536,3;1,1;
2022-11-19 10:16:21;-36,75133;-73,00476;97,9;85,1;8389,9;0;0;0;0;;27137;536,3;1,1;
2022-11-19 10:16:51;-36,75133;-73,00476;97,9;85,1;8389,9;0;0;0;0;;27137;536,3;1,1;
2022-11-19 10:17:21;-36,75133;-73,00476;97,9;85,1;8389,9;0;0;0;0;;27137;536,8;1,1;
2022-11-19 10:17:51;-36,75133;-73,00476;97,9;85,1;8389,9;0;0;0;0;;27137;536,8;1,1;
2022-11-19 10:18:21;-36,75133;-73,00476;97,9;85,1;8389,9;0;0;0;0;;27137;536,8;1,1;
2022-11-19 10:18:51;-36,75133;-73,00476;97,9;85,1;8389,9;0;0;0;0;;27137;536,8;1,1;
2022-11-19 10:19:21;-36,75133;-73,00476;97,9;85,1;8389,9;0;0;0;0;;27137;536,8;1,1;
2022-11-19 10:19:51;-36,75133;-73,00476;97,9;85,1;8389,9;0;0;0;0;;27137;536,8;1,1;
2022-11-19 10:20:21;-36,75133;-73,00476;97,9;85,1;8389,9;0;0;0;0;;27137;536,8;1,1;
2022-11-19 10:20:51;-36,75133;-73,00476;97,9;85,1;8389,9;0;0;0;0;;27137;536,8;1,1;
2022-11-19 10:21:18;-36,75133;-73,00476;97,9;85,1;8389,9;0;0;0;0;;27137;536,8;1,1;
2022-11-19 10:21:51;-36,75133;-73,00476;97,9;85,1;8389,9;0;0;0;0;;27137;536,8;1,1;
2022-11-19 10:22:18;-36,75133;-73,00476;97,9;85,1;8389,9;0;0;0;0;;27137;536,8;1,1;
2022-11-19 10:22:48;-36,75133;-73,00476;97,9;85,1;8389,9;0;0;0;0;;27137;536,8;1,1;
2022-11-19 10:23:21;-36,75165;-73,00456;93,6;85;8390;8;0;0;0;;27137;536,3;1,1;
2022-11-19 10:23:51;-36,75165;-73,00456;103,4;84,8;8390,1;18;0;0;0;;27137;533,2;-2,9;
2022-11-19 10:24:21;-36,75268;-73,00564;94,3;84,8;8390,3;12;0;0;0;;27005;536,3;2,5;
2022-11-19 10:24:51;-36,75033;-73,00639;82,4;84,8;8390,5;36;0;0;0;;27137;539,9;-43,3;
2022-11-19 10:25:21;-36,75033;-73,00639;71,5;84,7;8390,7;31;0;0;0;;27137;538,9;-35,4;
2022-11-19 10:25:48;-36,74702;-73,00639;68,5;84,7;8390,9;38;0;0;0;;27137;526,6;117,5;
2022-11-19 10:26:18;-36,74361;-73,00552;66;84,7;8391,2;21;0;0;0;;27005;537,3;-8,4;
2022-11-19 10:26:51;-36,74361;-73,00552;57,3;84,6;8391,4;11;0;0;0;;27137;536,3;1,7;
2022-11-19 10:27:18;-36,7418;-73,00499;49,9;84,6;8391,4;0;0;0;0;;27137;536,3;2,2;
2022-11-19 10:27:51;-36,74151;-73,00549;50,8;84,6;8391,5;2;0;0;0;;27137;536,3;1,1;
2022-11-19 10:28:21;-36,74151;-73,00549;50,8;84,6;8391,5;0;0;0;0;;27137;536,8;1,1;
2022-11-19 10:28:51;-36,74155;-73,00552;50,8;84,6;8391,5;0;0;0;0;;27137;536,8;1,1;
2022-11-19 10:29:18;-36,74155;-73,00552;50,8;84,6;8391,5;0;0;0;0;;27137;536,8;1,1;
2022-11-19 10:29:48;-36,74155;-73,00552;50,8;84,6;8391,5;0;0;0;0;;27137;536,8;1,1;
2022-11-19 10:30:18;-36,74155;-73,00552;50,8;84,6;8391,5;0;0;0;0;;27137;536,8;1,1;
2022-11-19 10:30:48;-36,74155;-73,00552;50,8;84,6;8391,5;0;0;0;0;;27137;537,3;1,1;
2022-11-19 10:31:18;-36,74155;-73,00552;50,8;84,6;8391,5;0;0;0;0;;27137;537,3;1,1;
2022-11-19 10:31:51;-36,74155;-73,00552;50,8;84,6;8391,5;0;0;0;0;;27137;537,3;1,1;
2022-11-19 10:32:21;-36,74155;-73,00552;50,8;84,6;8391,5;0;0;0;0;;27137;537,3;1,1;
2022-11-19 10:32:51;-36,74155;-73,00552;50,8;84,6;8391,5;0;0;0;0;;27137;537,3;1,1;
2022-11-19 10:33:21;-36,74155;-73,00552;50,8;84,6;8391,5;0;0;0;0;;27137;537,3;1,1;
2022-11-19 10:33:51;-36,74155;-73,00552;50,8;84,6;8391,5;0;0;0;0;;27137;537,3;1,1;
2022-11-19 10:34:21;-36,74155;-73,00552;50,8;84,6;8391,5;0;0;0;0;;27137;537,3;1,4;
2022-11-19 10:34:51;-36,74155;-73,00552;51,9;84,5;8391,5;4;0;0;0;;27137;535,3;17,6;
2022-11-19 10:35:21;-36,74188;-73,00478;54,1;84,4;8391,6;11;0;0;0;;26874;536,3;2,2;
2022-11-19 10:35:48;-36,74188;-73,00478;42,3;84,5;8391,7;0;0;0;0;;27137;537,3;0,9;
2022-11-19 10:36:18;-36,74067;-73,00451;42,3;84,5;8391,7;0;0;0;0;;27137;537,3;0,9;
2022-11-19 10:36:48;-36,74067;-73,00451;42,3;84,5;8391,7;0;0;0;0;;27137;537,3;0,9;
2022-11-19 10:37:21;-36,74067;-73,00451;41;84,4;8391,8;25;0;0;0;;27137;538,9;-23,8;
2022-11-19 10:37:51;-36,73977;-73,00436;22,8;84,4;8392;40;0;0;0;;27137;533,8;9,7;
2022-11-19 10:38:21;-36,73828;-73,00153;2,3;84,5;8392,2;6;0;0;0;;27137;537,9;0,9;
2022-11-19 10:38:51;-36,73828;-73,00153;7,2;84,3;8392,4;34;0;0;0;;27137;536,8;-36,2;
2022-11-19 10:39:18;-36,74022;-73,00001;6,7;84,2;8392,6;16;0;0;0;;27137;529,7;90,5;
2022-11-19 10:39:51;-36,73916;-72,99651;6,4;84;8392,8;26;0;0;0;;27137;536,8;-19,7;
2022-11-19 10:40:21;-36,73916;-72,99651;0,7;83,9;8393,1;31;0;0;0;;27137;536,3;-23,3;
2022-11-19 10:40:51;-36,73783;-72,9927;2,4;83,9;8393,2;0;0;0;0;;27137;535,8;1,1;
2022-11-19 10:41:21;-36,73686;-72,99243;2,7;83,9;8393,3;7;0;0;0;;27137;535,8;0,6;
2022-11-19 10:41:48;-36,73686;-72,99243;1,6;83,9;8393,3;0;0;0;0;;27137;536,3;1,1;
2022-11-19 10:42:18;-36,73672;-72,99248;0,8;83,8;8393,3;25;0;0;0;;27005;530,2;27,8;
2022-11-19 10:42:48;-36,73738;-72,99476;-0,8;83,7;8393,6;6;0;0;0;;27005;535,8;1,1;
2022-11-19 10:43:18;-36,73738;-72,99476;3,4;83,6;8393,7;9;0;0;0;;27005;535,3;2;
2022-11-19 10:43:48;-36,73633;-72,99491;3,8;83,6;8393,7;0;0;0;0;;27137;536,3;1,1;
2022-11-19 10:44:21;-36,73633;-72,99491;3,8;83,6;8393,7;0;0;0;0;;27137;536,8;1,1;
2022-11-19 10:44:51;-36,73633;-72,99491;3,2;83,6;8393,8;15;0;0;0;;27137;536,3;-2,6;
2022-11-19 10:45:21;-36,73615;-72,99441;3,9;83,5;8393,9;21;0;0;0;;27137;531,2;60,8;
2022-11-19 10:45:51;-36,73786;-72,99285;6,2;83,4;8394,1;9;0;0;0;;27137;535,8;0,9;
2022-11-19 10:46:21;-36,73786;-72,99285;5;83,4;8394,2;23;0;0;0;;27137;534,8;0;
2022-11-19 10:46:48;-36,73715;-72,99077;5,8;83,3;8394,4;25;0;0;0;;27137;533,8;26,2;
2022-11-19 10:47:18;-36,73532;-72,99017;5,7;83,2;8394,6;11;0;0;0;;27137;535,3;0;
2022-11-19 10:47:48;-36,73532;-72,99017;5,3;83,2;8394,7;0;0;0;0;;27137;535,8;1,1;
2022-11-19 10:48:18;-36,73452;-72,99058;5,3;83,2;8394,7;0;0;0;0;;27137;536,3;1,1;
2022-11-19 10:48:51;-36,73417;-72,99076;4,3;83,1;8394,8;6;0;0;0;;27005;535,8;2,5;
2022-11-19 10:49:21;-36,73417;-72,99076;5,6;83;8394,9;0;0;0;0;;27005;535,8;1,7;
2022-11-19 10:49:51;-36,73319;-72,98989;5,7;83;8394,9;0;0;0;0;;27137;536,3;1,1;
2022-11-19 10:50:21;-36,73319;-72,98989;5,7;83;8394,9;0;0;0;0;;27137;536,8;1,1;
2022-11-19 10:50:51;-36,73319;-72,98989;5,7;83;8394,9;0;0;0;0;;27137;536,8;1,4;
2022-11-19 10:51:21;-36,73319;-72,98989;5,7;83;8394,9;0;0;0;0;;27137;536,8;1,1;
2022-11-19 10:51:48;-36,73319;-72,98989;5,7;83;8394,9;0;0;0;0;;27137;536,8;1,1;
2022-11-19 10:52:18;-36,73319;-72,98989;5,7;83;8394,9;0;0;0;0;;27137;536,8;1,1;
2022-11-19 10:52:48;-36,73319;-72,98989;5,7;83;8394,9;0;0;0;0;;27137;537,3;1,1;
2022-11-19 10:53:18;-36,73319;-72,98989;5,7;83;8394,9;0;0;0;0;;27137;537,3;1,1;
2022-11-19 10:53:48;-36,73319;-72,98989;5,7;83;8394,9;0;0;0;0;;27137;537,3;1,1;
2022-11-19 10:54:21;-36,73319;-72,98989;5,7;83;8394,9;0;0;0;0;;27137;537,3;1,1;
2022-11-19 10:54:51;-36,73319;-72,98989;5,7;83;8394,9;0;0;0;0;;27137;537,3;1,1;
2022-11-19 10:55:21;-36,73319;-72,98989;5,7;83;8394,9;0;0;0;0;;27137;537,3;1,1;
2022-11-19 10:55:51;-36,73319;-72,98989;8,4;83;8394,9;3;0;0;0;;27137;537,3;5;
2022-11-19 10:56:18;-36,73274;-72,98865;16,6;82,8;8395;5;0;0;0;;27005;534,3;17,1;
2022-11-19 10:56:48;-36,73274;-72,98865;12,5;82,8;8395,1;0;0;0;0;;27137;536,3;0,9;
2022-11-19 10:57:18;-36,73323;-72,98826;12,5;82,8;8395,1;0;0;0;0;;27137;536,8;0,9;
2022-11-19 10:57:48;-36,73323;-72,98826;12,5;82,8;8395,1;0;0;0;0;;27137;536,8;0,9;
2022-11-19 10:58:18;-36,73323;-72,98826;12,5;82,8;8395,1;0;0;0;0;;27137;537,3;0,9;
2022-11-19 10:58:48;-36,73323;-72,98826;12,5;82,8;8395,1;0;0;0;0;;27137;537,3;0,9;
2022-11-19 10:59:18;-36,73323;-72,98826;12,5;82,8;8395,1;0;0;0;0;;27137;537,3;0,9;
2022-11-19 10:59:48;-36,73323;-72,98826;12,5;82,8;8395,1;0;0;0;0;;27137;537,3;0,9;
2022-11-19 11:00:18;-36,73323;-72,98826;10,7;82,7;8395,1;7;0;0;0;;27137;536,8;3,1;
2022-11-19 11:00:48;-36,73399;-72,98879;7,6;82,7;8395,3;14;0;0;0;;27005;535,3;31,1;
2022-11-19 11:01:21;-36,73399;-72,98879;4,4;82,6;8395,4;20;0;0;0;;27137;535,8;-6,5;
2022-11-19 11:01:51;-36,73218;-72,9903;3,9;82,5;8395,6;28;0;0;0;;27137;536,8;-22,7;
2022-11-19 11:02:18;-36,72905;-72,99111;6,3;82,3;8395,9;26;0;0;0;;27005;532,7;46,5;
2022-11-19 11:02:51;-36,72905;-72,99111;4,9;82,3;8396,1;30;0;0;0;;27137;530,2;56,1;
2022-11-19 11:03:21;-36,72613;-72,99091;7,9;82,2;8396,3;7;0;0;0;;27005;534,8;1,7;
2022-11-19 11:03:51;-36,72495;-72,99049;8,4;82,2;8396,3;0;0;0;0;;27137;536,3;0,9;
2022-11-19 11:04:21;-36,72495;-72,99049;8,4;82,2;8396,3;0;0;0;0;;27137;536,3;0,9;
2022-11-19 11:04:51;-36,72495;-72,99049;8,4;82,2;8396,3;0;0;0;0;;27137;536,8;0,9;
2022-11-19 11:05:21;-36,72495;-72,99049;8,4;82,2;8396,3;0;0;0;0;;27137;536,8;0,9;
2022-11-19 11:05:51;-36,72495;-72,99049;8,4;82,2;8396,3;0;0;0;0;;27137;536,8;0,9;
2022-11-19 11:06:21;-36,72495;-72,99049;8,4;82,2;8396,3;0;0;0;0;;27137;537,3;0,9;
2022-11-19 11:06:51;-36,72495;-72,99049;8,4;82,2;8396,3;0;0;0;0;;27137;537,3;0,9;
2022-11-19 11:07:21;-36,72495;-72,99049;8,4;82,2;8396,3;0;0;0;0;;27137;537,3;0,9;
2022-11-19 11:07:51;-36,72495;-72,99049;8,4;82,2;8396,3;0;0;0;0;;27137;537,3;0,9;
2022-11-19 11:08:21;-36,72495;-72,99049;8,4;82,2;8396,3;0;0;0;0;;27137;537,3;0,9;
2022-11-19 11:08:48;-36,72495;-72,99049;8,4;82,2;8396,3;0;0;0;0;;27137;537,3;0,9;
2022-11-19 11:09:18;-36,72495;-72,99049;8,4;82,2;8396,3;0;0;0;0;;27137;537,3;0,9;
2022-11-19 11:09:48;-36,72451;-72,99017;9,8;82,1;8396,4;0;0;0;0;;27005;536,8;1,7;
2022-11-19 11:10:18;-36,72451;-72,99017;9,8;82,1;8396,4;0;0;0;0;;27137;537,3;1,4;
2022-11-19 11:10:48;-36,72448;-72,99015;9,8;82,1;8396,4;0;0;0;0;;27137;537,3;1,1;
2022-11-19 11:11:18;-36,72448;-72,99015;9,8;82,1;8396,4;0;0;0;0;;27137;537,3;1,1;
2022-11-19 11:11:48;-36,72448;-72,99015;9,8;82,1;8396,4;0;0;0;0;;27137;537,3;1,1;
2022-11-19 11:12:18;-36,72448;-72,99015;9,8;82,1;8396,4;0;0;0;0;;27137;537,3;1,1;
2022-11-19 11:12:48;-36,72448;-72,99015;9,8;82,1;8396,4;0;0;0;0;;27137;537,3;1,1;
2022-11-19 11:13:18;-36,72448;-72,99015;9,8;82,1;8396,4;0;0;0;0;;27137;537,3;1,1;
2022-11-19 11:13:48;-36,72448;-72,99015;9,8;82,1;8396,4;0;0;0;0;;27137;537,3;1,1;
2022-11-19 11:14:18;-36,72448;-72,99015;9,8;82,1;8396,4;0;0;0;0;;27137;537,3;1,1;
2022-11-19 11:14:48;-36,72448;-72,99015;9,8;82,1;8396,4;0;0;0;0;;27137;537,3;1,1;
2022-11-19 11:15:18;-36,72448;-72,99015;9,8;82,1;8396,4;0;0;0;0;;27137;537,3;1,4;
2022-11-19 11:15:48;-36,72448;-72,99015;9,8;82,1;8396,4;0;0;0;0;;27137;537,3;1,1;
2022-11-19 11:16:18;-36,72448;-72,99015;8,6;82;8396,5;0;0;0;0;;27005;536,8;2;
2022-11-19 11:16:48;-36,72384;-72,98966;8,7;82;8396,5;0;0;0;0;;27137;537,3;1,4;
2022-11-19 11:17:18;-36,72384;-72,98966;8,7;82;8396,5;0;0;0;0;;27137;537,3;1,1;
2022-11-19 11:17:48;-36,72384;-72,98966;8,7;82;8396,5;0;0;0;0;;27137;537,3;1,4;
2022-11-19 11:18:18;-36,72384;-72,98966;8,7;82;8396,5;0;0;0;0;;27137;537,3;1,4;
2022-11-19 11:18:48;-36,72384;-72,98966;8,7;82;8396,5;0;0;0;0;;27137;537,3;1,1;
2022-11-19 11:19:18;-36,72384;-72,98966;8,6;81,9;8396,5;28;0;0;0;;27137;530,2;73,7;
2022-11-19 11:19:48;-36,7233;-72,98919;5;81,9;8396,7;13;0;0;0;;27137;535,3;15,2;
2022-11-19 11:20:18;-36,72261;-72,98768;2;81,9;8396,7;19;0;0;0;;27137;536,3;29,7;
2022-11-19 11:20:51;-36,72261;-72,98768;0,1;81,8;8396,8;1;0;0;0;;27137;536,3;3,3;
2022-11-19 11:21:18;-36,72219;-72,98688;0,1;81,8;8396,8;0;0;0;0;;27137;536,8;1,7;
2022-11-19 11:21:48;-36,72219;-72,98688;0,1;81,8;8396,8;0;0;0;0;;27137;537,3;1,1;
2022-11-19 11:22:21;-36,72219;-72,98688;0,1;81,8;8396,8;0;0;0;0;;27137;537,3;1,4;
2022-11-19 11:22:51;-36,72219;-72,98688;0,1;81,8;8396,8;0;0;0;0;;27137;537,3;1,1;
2022-11-19 11:23:21;-36,72219;-72,98688;0,1;81,8;8396,8;0;0;0;0;;27137;537,3;1,7;
2022-11-19 11:23:51;-36,72219;-72,98688;0,1;81,8;8396,8;0;0;0;0;;27005;537,3;1,1;
2022-11-19 11:24:21;-36,72219;-72,98688;0,1;81,8;8396,8;0;0;0;0;;27137;537,3;1,4;
2022-11-19 11:24:51;-36,72219;-72,98688;0,1;81,8;8396,8;0;0;0;0;;27137;537,3;1,7;
2022-11-19 11:25:18;-36,72219;-72,98688;0,1;81,8;8396,8;1;0;0;0;;27137;537,3;2,5;
2022-11-19 11:25:48;-36,72219;-72,98688;0,4;81,7;8396,9;28;0;0;0;;27137;536,8;-16,7;
2022-11-19 11:26:18;-36,72111;-72,98555;0,3;81,7;8397;17;0;0;0;;27137;536,3;-1;
2022-11-19 11:26:48;-36,72111;-72,98555;3;81,6;8397,1;12;0;0;0;;27137;536,3;3,9;
2022-11-19 11:27:18;-36,7206;-72,98417;3,3;81,6;8397,1;0;0;0;0;;27137;536,8;1,4;
2022-11-19 11:27:48;-36,7206;-72,98416;3,3;81,6;8397,1;0;0;0;0;;27005;537,3;1,7;
2022-11-19 11:28:18;-36,7206;-72,98416;5,6;81,6;8397,2;17;0;0;0;;27137;535,8;0,6;
2022-11-19 11:28:48;-36,72078;-72,98361;25,9;81,2;8397,3;21;0;0;0;;27137;528,6;33,9;
2022-11-19 11:29:21;-36,71896;-72,98149;28,4;81,1;8397,5;15;0;0;0;;27137;533,8;0,6;
2022-11-19 11:29:48;-36,71896;-72,98149;27,4;81,1;8397,6;6;0;0;0;;27137;535,8;1,1;
2022-11-19 11:30:18;-36,71831;-72,98108;26,2;81,1;8397,6;0;0;0;0;;27137;536,3;1,1;
2022-11-19 11:30:48;-36,71831;-72,98108;26,2;81,1;8397,6;0;0;0;0;;27137;536,8;1,1;
2022-11-19 11:31:18;-36,71831;-72,98108;26,2;81,1;8397,6;0;0;0;0;;27137;536,8;1,1;
2022-11-19 11:31:48;-36,71831;-72,98108;26,2;81,1;8397,6;0;0;0;0;;27137;536,8;1,1;
2022-11-19 11:32:18;-36,71831;-72,98108;26,2;81,1;8397,6;0;0;0;0;;27137;537,3;1,1;
2022-11-19 11:32:48;-36,71831;-72,98108;26,2;81,1;8397,6;0;0;0;0;;27137;537,3;1,1;
2022-11-19 11:33:18;-36,71831;-72,98108;26,2;81,1;8397,6;0;0;0;0;;27137;537,3;1,1;
2022-11-19 11:33:48;-36,71842;-72,98089;20,4;81,1;8397,6;3;0;0;0;;27137;537,3;1,7;
2022-11-19 11:34:18;-36,71842;-72,98089;22,9;80,9;8397,7;26;0;0;0;;27137;527,1;86,7;
2022-11-19 11:34:51;-36,71928;-72,98172;6,2;80,9;8398;20;0;0;0;;27005;537,3;-5,1;
2022-11-19 11:35:18;-36,7208;-72,98398;2,7;80,7;8398,1;47;0;0;0;;27137;519,7;194,2;
2022-11-19 11:35:48;-36,7208;-72,98398;14,3;80,5;8398,5;36;0;0;0;;27137;535,8;-42,8;
2022-11-19 11:36:18;-36,72348;-72,97903;15;80,4;8398,8;17;0;0;0;;27005;529,2;87,2;
2022-11-19 11:36:48;-36,72522;-72,9774;28,2;80,1;8398,9;8;0;0;0;;27137;532,2;3,9;
2022-11-19 11:37:18;-36,72522;-72,9774;30,7;80,1;8399;3;0;0;0;;27137;534,8;2;
2022-11-19 11:37:48;-36,72555;-72,97797;31,2;80,1;8399;0;0;0;0;;27137;535,3;1,4;
2022-11-19 11:38:18;-36,72555;-72,97797;31,2;80,1;8399;0;0;0;0;;27137;535,8;1,1;
2022-11-19 11:38:48;-36,72555;-72,97797;31,2;80,1;8399;0;0;0;0;;27137;536,3;1,1;
2022-11-19 11:39:21;-36,72555;-72,97797;31,2;80,1;8399;0;0;0;0;;27137;536,3;1,1;
2022-11-19 11:39:48;-36,72555;-72,97797;31,2;80,1;8399;0;0;0;0;;27137;536,8;1,4;
2022-11-19 11:40:18;-36,72555;-72,97797;35,4;80,1;8399,1;7;0;0;0;;27137;536,3;0;
2022-11-19 11:40:48;-36,72544;-72,97747;25,7;80,1;8399,1;15;0;0;0;;27137;537,3;-4,3;
2022-11-19 11:41:18;-36,72466;-72,97869;15,2;80,1;8399,3;13;0;0;0;;27137;530,7;94,6;
2022-11-19 11:41:48;-36,72466;-72,97869;12,4;80;8399,5;25;0;0;0;;27137;530,2;70,2;
2022-11-19 11:42:18;-36,72278;-72,97972;9,7;79,9;8399,7;43;0;0;0;;27137;526,1;98,2;
2022-11-19 11:42:51;-36,72084;-72,98381;3;80;8399,9;0;0;0;0;;27137;536,8;0,9;
2022-11-19 11:43:18;-36,72084;-72,98381;2,6;79,9;8400;25;0;0;0;;27137;533,8;33,6;
2022-11-19 11:43:48;-36,72145;-72,98451;1,6;79,8;8400,3;28;0;0;0;;27137;535,3;5;
2022-11-19 11:44:18;-36,72357;-72,98585;10,1;79,7;8400,4;13;0;0;0;;27137;532,7;13,8;
2022-11-19 11:44:48;-36,72357;-72,98585;13,7;79,7;8400,4;0;0;0;0;;27137;535,8;1,1;
2022-11-19 11:45:18;-36,72394;-72,98544;13,7;79,7;8400,4;0;0;0;0;;27137;536,3;1,1;
2022-11-19 11:45:48;-36,72394;-72,98544;13,7;79,7;8400,4;0;0;0;0;;27137;536,8;1,1;
2022-11-19 11:46:18;-36,72394;-72,98544;13,7;79,7;8400,4;0;0;0;0;;27137;536,8;1,1;
2022-11-19 11:46:48;-36,72394;-72,98544;13,7;79,7;8400,4;0;0;0;0;;27137;536,8;1,1;
2022-11-19 11:47:18;-36,72394;-72,98544;13,7;79,7;8400,4;0;0;0;0;;27137;537,3;1,1;
2022-11-19 11:47:48;-36,72394;-72,98544;13,7;79,7;8400,4;0;0;0;0;;27137;537,3;1,1;
2022-11-19 11:48:18;-36,72394;-72,98544;13,7;79,7;8400,4;0;0;0;0;;27137;537,3;1,1;
2022-11-19 11:48:48;-36,72394;-72,98544;13,7;79,7;8400,4;0;0;0;0;;27137;537,3;1,1;
2022-11-19 11:49:18;-36,72394;-72,98544;13,7;79,7;8400,4;0;0;0;0;;27137;537,3;1,1;
2022-11-19 11:49:48;-36,72394;-72,98544;13,7;79,7;8400,4;0;0;0;0;;27137;537,3;1,1;
2022-11-19 11:50:18;-36,72394;-72,98544;13,7;79,7;8400,4;0;0;0;0;;27137;537,3;1,1;
2022-11-19 11:50:48;-36,72394;-72,98544;13,7;79,7;8400,4;0;0;0;0;;27137;537,3;1,1;
2022-11-19 11:51:18;-36,72394;-72,98544;13,7;79,7;8400,4;0;0;0;0;;27137;537,3;1,1;
2022-11-19 11:51:48;-36,72394;-72,98544;13,7;79,7;8400,4;0;0;0;0;;27137;537,3;1,4;
2022-11-19 11:52:18;-36,72394;-72,98544;13,7;79,7;8400,4;0;0;0;0;;27137;537,3;1,1;
2022-11-19 11:52:48;-36,72394;-72,98544;13,7;79,7;8400,4;0;0;0;0;;27137;537,3;1,1;
2022-11-19 11:53:18;-36,72394;-72,98544;13,7;79,6;8400,4;7;0;0;0;;27137;534,3;36,9;
2022-11-19 11:53:48;-36,72394;-72,98544;15,9;79,4;8400,5;31;0;0;0;;27137;534,3;-16,9;
2022-11-19 11:54:18;-36,72506;-72,98625;19,8;79,2;8400,6;29;0;0;0;;27137;523,3;149,4;
2022-11-19 11:54:48;-36,72665;-72,98669;24,9;79,2;8400,7;7;0;0;0;;27137;533,8;14,9;
2022-11-19 11:55:18;-36,72665;-72,98669;27,3;79,2;8400,8;0;0;0;0;;27137;535,8;1,4;
2022-11-19 11:55:48;-36,72698;-72,98672;27,3;79,2;8400,8;0;0;0;0;;27005;536,3;1,1;
2022-11-19 11:56:18;-36,72698;-72,98672;27,3;79,2;8400,8;0;0;0;0;;27137;536,8;1,7;
2022-11-19 11:56:48;-36,72698;-72,98672;27,3;79,2;8400,8;0;0;0;0;;27137;536,8;1,1;
2022-11-19 11:57:18;-36,72698;-72,98672;27,3;79,2;8400,8;0;0;0;0;;27137;536,8;1,7;
2022-11-19 11:57:48;-36,72712;-72,98677;32,2;79;8400,8;16;0;0;0;;27137;531,2;77;
2022-11-19 11:58:18;-36,72712;-72,98677;30,5;79;8401,1;14;0;0;0;;27137;536,3;-5,9;
2022-11-19 11:58:48;-36,7302;-72,98779;26,7;78,9;8401,3;15;0;0;0;;27137;536,3;-2,9;
2022-11-19 11:59:18;-36,73172;-72,98901;21,9;78,9;8401,4;0;0;0;0;;27137;536,3;1,1;
2022-11-19 11:59:48;-36,73172;-72,98901;21,9;78,9;8401,4;0;0;0;0;;27137;536,8;1,7;
2022-11-19 12:00:18;-36,73172;-72,98901;21,9;78,9;8401,4;0;0;0;0;;27137;536,8;0,9;
2022-11-19 12:00:48;-36,73172;-72,98901;21,9;78,9;8401,4;0;0;0;0;;27137;536,8;1,7;
2022-11-19 12:01:18;-36,73172;-72,98901;21,9;78,9;8401,4;0;0;0;0;;27137;537,3;1,1;
2022-11-19 12:01:48;-36,73172;-72,98901;21,9;78,9;8401,4;0;0;0;0;;27137;537,3;1,4;
2022-11-19 12:02:18;-36,73172;-72,98901;21,9;78,9;8401,4;0;0;0;0;;27137;537,3;0,9;
2022-11-19 12:02:48;-36,73172;-72,98901;21,9;78,9;8401,4;0;0;0;0;;27137;537,3;1,4;
2022-11-19 12:03:18;-36,73172;-72,98901;21,9;78,8;8401,4;2;0;0;0;;27005;537,3;2,5;
2022-11-19 12:03:48;-36,73214;-72,98867;16,5;78,8;8401,4;21;0;0;0;;27005;528,1;107,8;
2022-11-19 12:04:18;-36,73214;-72,98867;32,5;78,6;8401,6;13;0;0;0;;27005;534,3;3,9;
2022-11-19 12:04:48;-36,73072;-72,98779;31,9;78,5;8401,7;13;0;0;0;;27005;530,7;52,8;
2022-11-19 12:05:18;-36,73048;-72,98686;33,2;78,5;8401,8;2;0;0;0;;26874;535,3;2,5;
2022-11-19 12:05:48;-36,73048;-72,98686;32,9;78,5;8401,8;0;1;0;0;;27005;535,8;2,8;
2022-11-19 12:06:18;-36,73048;-72,98688;32,9;78,5;8401,8;0;1;0;0;;27005;536,3;2,5;
2022-11-19 12:06:48;-36,73048;-72,98688;32,9;78,5;8401,8;0;1;0;0;;27005;536,3;2,8;
2022-11-19 12:07:18;-36,73048;-72,98688;32,9;78,5;8401,8;0;1;0;0;;27005;536,8;2,5;
2022-11-19 12:07:48;-36,73048;-72,98688;32,9;78,5;8401,8;0;1;0;0;;27005;536,8;2,5;
2022-11-19 12:08:18;-36,73048;-72,98688;32,9;78,5;8401,8;0;1;0;0;;27005;536,8;2,8;
2022-11-19 12:08:48;-36,73048;-72,98688;32,9;78,5;8401,8;0;1;0;0;;27005;536,8;2,8;
2022-11-19 12:09:18;-36,73048;-72,98688;32,9;78,5;8401,8;0;1;0;0;;27005;536,8;2,5;
2022-11-19 12:09:48;-36,73048;-72,98688;32,9;78,4;8401,8;4;0;0;0;;27005;535,8;19,8;
2022-11-19 12:10:18;-36,73048;-72,98688;43,8;78,2;8401,9;4;0;0;0;;27005;532,7;25,6;
2022-11-19 12:10:48;-36,73026;-72,98536;48,6;78,1;8402;13;0;0;0;;27005;533,8;16,3;
2022-11-19 12:11:18;-36,72873;-72,98559;31,4;78;8402,1;31;0;0;0;;27005;536,3;-21,9;
2022-11-19 12:11:48;-36,72873;-72,98559;25,2;78;8402,3;26;0;0;0;;27005;537,9;-16,1;
2022-11-19 12:12:18;-36,72738;-72,9868;24;78;8402,5;8;0;0;0;;27005;536,3;2,2;
2022-11-19 12:12:48;-36,72673;-72,98606;24,3;78;8402,5;0;1;0;0;;27005;536,8;2,2;
2022-11-19 12:13:18;-36,72673;-72,98606;24,3;78;8402,5;0;1;0;0;;27005;536,8;2,2;
2022-11-19 12:13:48;-36,72673;-72,98606;24,3;78;8402,5;0;1;0;0;;27005;536,8;2,2;
2022-11-19 12:14:18;-36,72673;-72,98606;24,3;78;8402,5;0;1;0;0;;27005;536,8;2,2;
2022-11-19 12:14:48;-36,72673;-72,98606;24,3;78;8402,5;0;1;0;0;;27005;536,8;2,2;
2022-11-19 12:15:18;-36,72673;-72,98606;24,3;78;8402,5;0;1;0;0;;27005;536,8;2,2;
2022-11-19 12:15:48;-36,72673;-72,98606;24,3;78;8402,5;0;1;0;0;;27005;537,3;2,2;
2022-11-19 12:16:18;-36,72673;-72,98606;24,3;78;8402,5;0;1;0;0;;27005;537,3;2,2;
2022-11-19 12:16:48;-36,72673;-72,98606;24,3;78;8402,5;0;1;0;0;;27005;537,3;2,2;
2022-11-19 12:17:18;-36,72673;-72,98606;24,3;78;8402,5;0;1;0;0;;27005;537,3;2,2;
2022-11-19 12:17:48;-36,72673;-72,98606;24,3;78;8402,5;0;1;0;0;;27005;537,3;2,2;
2022-11-19 12:18:18;-36,72673;-72,98606;24,3;78;8402,5;0;1;0;0;;27005;537,3;2,2;
2022-11-19 12:18:48;-36,72673;-72,98606;24,3;78;8402,5;0;1;0;0;;27005;537,3;2,2;
2022-11-19 12:19:18;-36,72673;-72,98606;29,3;77,9;8402,5;29;0;0;0;;27005;537,9;-18,6;
2022-11-19 12:19:48;-36,72672;-72,98515;11,9;77,9;8402,7;35;0;0;0;;27005;525,1;157,1;
2022-11-19 12:20:18;-36,727;-72,98398;12,9;77,8;8402,9;7;0;0;0;;27005;532,7;58,9;
2022-11-19 12:20:48;-36,727;-72,98398;13;77,8;8402,9;11;0;0;0;;27005;536,3;3,1;
2022-11-19 12:21:18;-36,72699;-72,98394;12,7;77,7;8402,9;0;1;0;0;;27005;536,8;2,5;
2022-11-19 12:21:48;-36,727;-72,98396;12,7;77,7;8402,9;0;1;0;0;;27005;536,8;2,2;
2022-11-19 12:22:18;-36,727;-72,98396;12,7;77,7;8402,9;0;1;0;0;;27005;536,8;2,2;
2022-11-19 12:22:48;-36,727;-72,98396;12,7;77,7;8402,9;0;1;0;0;;27005;537,3;2,5;
2022-11-19 12:23:18;-36,727;-72,98396;12,7;77,7;8402,9;0;1;0;0;;27005;537,3;2,2;
2022-11-19 12:23:48;-36,727;-72,98396;12,7;77,7;8402,9;0;1;0;0;;27005;537,3;2,2;
2022-11-19 12:24:18;-36,727;-72,98396;12,7;77,7;8402,9;0;1;0;0;;27005;537,3;2,5;
2022-11-19 12:24:48;-36,727;-72,98396;12,7;77,7;8402,9;0;1;0;0;;27005;537,3;2,5;
2022-11-19 12:25:18;-36,727;-72,98396;12,7;77,7;8402,9;0;0;0;0;;27005;537,3;2,8;
2022-11-19 12:25:48;-36,727;-72,98396;10,7;77,6;8403,1;25;0;0;0;;27005;536,8;-12,3;
2022-11-19 12:26:18;-36,72789;-72,9823;8,7;77,5;8403,2;24;0;0;0;;27005;532,2;44,3;
2022-11-19 12:26:48;-36,72789;-72,9823;12;77,5;8403,3;0;1;0;0;;27005;536,3;2,8;
2022-11-19 12:27:18;-36,72885;-72,98245;12;77,5;8403,3;0;1;0;0;;26874;536,8;2,5;
2022-11-19 12:27:48;-36,72885;-72,98245;12;77,5;8403,3;0;1;0;0;;27005;536,8;2,2;
2022-11-19 12:28:18;-36,72885;-72,98245;12;77,5;8403,3;0;1;0;0;;27005;536,8;2,2;
2022-11-19 12:28:48;-36,72885;-72,98245;12;77,5;8403,3;0;1;0;0;;27005;537,3;2,2;
2022-11-19 12:29:18;-36,72885;-72,98245;12;77,5;8403,3;0;1;0;0;;27005;537,3;2,2;
2022-11-19 12:29:48;-36,72885;-72,98245;12;77,5;8403,3;0;1;0;0;;27005;537,3;2,2;
2022-11-19 12:30:18;-36,72885;-72,98245;12;77,4;8403,3;0;0;0;0;;27005;537,3;2,8;
2022-11-19 12:30:48;-36,72823;-72,98223;10,5;77,4;8403,4;26;0;0;0;;27005;537,9;-16,7;
2022-11-19 12:31:18;-36,72823;-72,98223;8,9;77,4;8403,5;0;1;0;0;;27005;536,8;2,5;
2022-11-19 12:31:48;-36,72751;-72,9821;8,9;77,4;8403,5;0;1;0;0;;27005;537,3;2,2;
2022-11-19 12:32:18;-36,72751;-72,9821;8,9;77,4;8403,5;0;1;0;0;;27005;537,3;2,5;
2022-11-19 12:32:48;-36,72751;-72,9821;8,9;77,4;8403,5;0;1;0;0;;27005;537,3;2,2;
2022-11-19 12:33:18;-36,72751;-72,9821;8,9;77,4;8403,5;0;1;0;0;;27005;537,3;2,5;
2022-11-19 12:33:48;-36,72751;-72,9821;8,9;77,4;8403,5;0;1;0;0;;27005;537,3;2,2;
2022-11-19 12:34:18;-36,72751;-72,9821;8,9;77,4;8403,5;0;1;0;0;;27005;537,3;2,5;
2022-11-19 12:34:48;-36,72751;-72,9821;8,9;77,4;8403,5;0;1;0;0;;27005;537,3;2,2;
2022-11-19 12:35:18;-36,72751;-72,9821;8,9;77,4;8403,5;0;1;0;0;;27005;537,3;2,5;
2022-11-19 12:35:48;-36,72751;-72,9821;8,9;77,4;8403,5;0;1;0;0;;27005;537,3;2,2;
2022-11-19 12:36:18;-36,72751;-72,9821;8,9;77,4;8403,5;0;1;0;0;;27005;537,3;2,5;
2022-11-19 12:36:48;-36,72751;-72,9821;8,9;77,4;8403,5;0;1;0;0;;27005;537,3;2,2;
2022-11-19 12:37:18;-36,72751;-72,9821;8,9;77,4;8403,5;0;1;0;0;;27005;537,3;2,5;
2022-11-19 12:37:48;-36,72751;-72,9821;5,9;77,2;8403,6;41;0;0;0;;27005;539,4;-58,2;
2022-11-19 12:38:18;-36,7258;-72,98019;4;77,1;8403,8;16;0;0;0;;27005;533,2;38,8;
2022-11-19 12:38:48;-36,7258;-72,98019;16,5;76,7;8404,1;67;0;0;0;;27005;518,1;163,4;
2022-11-19 12:39:18;-36,72974;-72,98175;30,8;76,4;8404,6;54;0;0;0;;27005;536,8;-64,5;
2022-11-19 12:39:48;-36,73323;-72,98677;1,4;76,6;8405;33;0;0;0;;27005;539,4;-42,2;
2022-11-19 12:40:18;-36,73323;-72,98677;-12,8;76,6;8405,2;19;0;0;0;;27005;535,8;-4;
2022-11-19 12:40:48;-36,7345;-72,99022;-14,2;76,5;8405,3;3;0;0;0;;27005;535,8;2,5;
2022-11-19 12:41:18;-36,73487;-72,99036;-12,2;76,5;8405,3;0;0;0;0;;27005;536,3;2,2;
2022-11-19 12:41:48;-36,73487;-72,99036;-12,2;76,5;8405,3;0;0;0;0;;27005;536,3;2,2;
2022-11-19 12:42:18;-36,73487;-72,99036;-12,2;76,5;8405,3;0;0;0;0;;27005;536,3;2,5;
2022-11-19 12:42:48;-36,73487;-72,99036;-12,2;76,5;8405,3;0;0;0;0;;27005;536,8;2,5;
2022-11-19 12:43:18;-36,73487;-72,99036;-12,2;76,5;8405,3;0;0;0;0;;27005;536,8;2,2;
2022-11-19 12:43:48;-36,73487;-72,99036;-12,2;76,5;8405,3;0;0;0;0;;27005;536,8;2,2;
2022-11-19 12:44:18;-36,73512;-72,99027;-10,8;76,5;8405,3;3;0;0;0;;27005;536,3;5,8;
2022-11-19 12:44:48;-36,73512;-72,99027;-11,8;76,4;8405,4;0;1;0;0;;26874;536,3;2,2;
2022-11-19 12:45:18;-36,73482;-72,9904;-11,8;76,4;8405,4;0;1;0;0;;27005;536,8;2,2;
2022-11-19 12:45:48;-36,73482;-72,9904;-11,8;76,4;8405,4;0;1;0;0;;27005;536,8;2,2;
2022-11-19 12:46:18;-36,73482;-72,9904;-11,8;76,4;8405,4;0;1;0;0;;27005;536,8;2,2;
2022-11-19 12:46:48;-36,73482;-72,9904;-11,8;76,4;8405,4;0;1;0;0;;27005;536,8;2,2;
2022-11-19 12:47:18;-36,73482;-72,9904;-11,8;76,4;8405,4;0;1;0;0;;27005;537,3;2,2;
2022-11-19 12:47:48;-36,73482;-72,9904;-11,8;76,4;8405,4;0;1;0;0;;27005;537,3;2,2;
2022-11-19 12:48:18;-36,73482;-72,9904;-11,8;76,4;8405,4;0;1;0;0;;27005;537,3;2,2;
2022-11-19 12:48:48;-36,73482;-72,9904;-11,8;76,4;8405,4;0;1;0;0;;27005;537,3;2,2;
2022-11-19 12:49:18;-36,73482;-72,9904;-11,8;76,4;8405,4;0;1;0;0;;27005;537,3;2,2;
2022-11-19 12:49:48;-36,73482;-72,9904;-11,8;76,4;8405,4;0;1;0;0;;27005;537,3;2,2;
2022-11-19 12:50:18;-36,73482;-72,9904;-11,8;76,4;8405,4;0;1;0;0;;27005;537,3;2,2;
2022-11-19 12:50:48;-36,73482;-72,9904;-11,8;76,4;8405,4;0;1;0;0;;27005;537,3;2,2;
2022-11-19 12:51:18;-36,73482;-72,9904;-11,8;76,4;8405,4;0;1;0;0;;27005;537,3;2,2;
2022-11-19 12:51:48;-36,73482;-72,9904;-11,8;76,4;8405,4;0;1;0;0;;27005;537,3;2,2;
2022-11-19 12:52:18;-36,73482;-72,9904;-11,8;76,4;8405,4;0;1;0;0;;27005;537,3;2,2;
2022-11-19 12:52:48;-36,73482;-72,9904;-11,8;76,4;8405,4;0;1;0;0;;27005;537,3;2,2;
2022-11-19 12:53:18;-36,73482;-72,9904;-11,8;76,4;8405,4;0;0;0;0;;27005;537,3;2,5;
2022-11-19 12:53:48;-36,73482;-72,9904;-9,1;76,2;8405,4;4;0;0;0;;27005;536,8;3,6;
2022-11-19 12:54:18;-36,73472;-72,99078;-23,2;76,1;8405,6;31;0;0;0;;27005;534,3;16;
2022-11-19 12:54:48;-36,73589;-72,99426;-25;76,1;8405,8;15;0;0;0;;27005;536,3;-3,7;
2022-11-19 12:55:18;-36,73589;-72,99426;-18,5;76,1;8405,8;0;1;0;0;;27005;536,3;2,5;
2022-11-19 12:55:48;-36,73635;-72,99502;-18,5;76,1;8405,8;0;1;0;0;;27005;536,8;2,5;
2022-11-19 12:56:18;-36,73635;-72,99502;-18,5;76,1;8405,8;0;1;0;0;;27005;536,8;2,2;
2022-11-19 12:56:48;-36,73635;-72,99502;-18,5;76,1;8405,8;0;1;0;0;;27005;536,8;2,2;
2022-11-19 12:57:18;-36,73635;-72,99502;-18,5;76,1;8405,8;0;1;0;0;;27005;537,3;2,2;
2022-11-19 12:57:48;-36,73635;-72,99502;-18,5;76,1;8405,8;0;1;0;0;;27005;537,3;2,2;
2022-11-19 12:58:18;-36,73635;-72,99502;-18,5;76,1;8405,8;0;1;0;0;;27005;537,3;2,2;
2022-11-19 12:58:48;-36,73635;-72,99502;-18,5;76,1;8405,8;0;1;0;0;;27005;537,3;2,5;
2022-11-19 12:59:18;-36,73635;-72,99502;-18,5;76,1;8405,8;0;1;0;0;;27005;537,3;2,5;
2022-11-19 12:59:48;-36,73635;-72,99502;-18,5;76,1;8405,8;0;1;0;0;;27005;537,3;2,2;
2022-11-19 13:00:18;-36,73635;-72,99502;-18,5;76,1;8405,8;0;1;0;0;;27005;537,3;2,2;
2022-11-19 13:00:48;-36,73635;-72,99502;-18,5;76,1;8405,8;0;1;0;0;;27005;537,3;2,2;
2022-11-19 13:01:18;-36,73635;-72,99502;-18,5;76,1;8405,8;0;1;0;0;;27005;537,3;2,2;
2022-11-19 13:01:48;-36,73635;-72,99502;-13;75,9;8405,9;18;0;0;0;;27005;537,3;-5,1;
2022-11-19 13:02:18;-36,73739;-72,99529;-18,9;75,9;8406;16;0;0;0;;26874;534,3;54,5;
2022-11-19 13:02:48;-36,73739;-72,99529;-19,9;75,6;8406,4;42;0;0;0;;26874;537,9;-59;
2022-11-19 13:03:18;-36,73917;-73,0002;-16,3;75,5;8406,6;29;0;0;0;;27005;523,8;161,2;
2022-11-19 13:03:48;-36,73852;-73,00266;6,7;75,2;8406,9;47;0;0;0;;27005;526,1;42,4;
2022-11-19 13:04:18;-36,73852;-73,00266;17,4;75;8407;32;0;0;0;;27005;527,1;46,2;
2022-11-19 13:04:48;-36,74053;-73,00454;25,8;75;8407,1;0;1;0;0;;27005;533,2;2,2;
2022-11-19 13:05:18;-36,74078;-73,00452;25,8;75;8407,1;0;1;0;0;;27005;534,8;2,2;
2022-11-19 13:05:48;-36,74078;-73,00452;25,8;75;8407,1;0;1;0;0;;27005;535,3;2,2;
2022-11-19 13:06:18;-36,74078;-73,00452;25,8;75;8407,1;0;1;0;0;;27005;535,8;2,2;
2022-11-19 13:06:48;-36,74078;-73,00452;25,8;75;8407,1;0;1;0;0;;27005;535,8;2,5;
2022-11-19 13:07:18;-36,74078;-73,00452;25,8;75;8407,1;0;1;0;0;;27005;536,3;2,2;
2022-11-19 13:07:48;-36,74078;-73,00452;25,8;75;8407,1;0;1;0;0;;27005;536,3;2,2;
2022-11-19 13:08:18;-36,74078;-73,00452;25,8;75;8407,1;0;1;0;0;;27005;536,3;2,2;
2022-11-19 13:08:48;-36,74078;-73,00452;25,8;75;8407,1;0;1;0;0;;27005;536,8;2,2;
2022-11-19 13:09:18;-36,74078;-73,00452;25,8;75;8407,1;0;1;0;0;;27005;536,8;2,2;
2022-11-19 13:09:48;-36,74078;-73,00452;25,8;75;8407,1;0;1;0;0;;27005;536,8;2,2;
2022-11-19 13:10:18;-36,74078;-73,00452;25,8;75;8407,1;0;1;0;0;;27005;536,8;2,2;
2022-11-19 13:10:48;-36,74078;-73,00452;25,8;75;8407,1;0;1;0;0;;27005;536,8;2,2;
2022-11-19 13:11:18;-36,74078;-73,00452;25,8;75;8407,1;0;1;0;0;;27005;536,8;2,2;
2022-11-19 13:11:48;-36,74078;-73,00452;25,8;75;8407,1;0;1;0;0;;27005;536,8;2,5;
2022-11-19 13:12:18;-36,74078;-73,00452;25,8;75;8407,1;0;1;0;0;;27005;536,8;2,2;
2022-11-19 13:12:48;-36,74078;-73,00452;25,8;75;8407,1;0;1;0;0;;27005;536,8;2,2;
2022-11-19 13:13:18;-36,74078;-73,00452;25,8;75;8407,1;0;1;0;0;;27005;537,3;2,2;
2022-11-19 13:13:48;-36,74078;-73,00452;25,8;75;8407,1;0;1;0;0;;27005;537,3;2,2;
2022-11-19 13:14:18;-36,74078;-73,00452;25,8;75;8407,1;0;1;0;0;;27005;537,3;2,2;
2022-11-19 13:14:48;-36,74078;-73,00452;25,8;75;8407,1;0;1;0;0;;27005;537,3;2,2;
2022-11-19 13:15:18;-36,74078;-73,00452;25,8;75;8407,1;0;1;0;0;;27005;537,3;2,5;
2022-11-19 13:15:48;-36,74078;-73,00452;25,8;75;8407,1;0;1;0;0;;27005;537,3;2,5;
2022-11-19 13:16:18;-36,74078;-73,00452;25,8;75;8407,1;0;1;0;0;;27005;537,3;2,5;
2022-11-19 13:16:48;-36,74078;-73,00452;25,8;75;8407,1;0;1;0;0;;27005;537,3;2,2;
2022-11-19 13:17:18;-36,74078;-73,00452;25,8;75;8407,1;0;1;0;0;;27005;537,3;2,2;
2022-11-19 13:17:48;-36,74078;-73,00452;25,8;75;8407,1;0;1;0;0;;27005;537,3;2,2;
2022-11-19 13:18:18;-36,74078;-73,00452;25,8;75;8407,1;0;1;0;0;;27005;537,3;2,2;
2022-11-19 13:18:48;-36,74078;-73,00452;25,8;75;8407,1;0;1;0;0;;27005;537,3;2,2;
2022-11-19 13:19:18;-36,74078;-73,00452;25,8;75;8407,1;0;1;0;0;;27005;537,3;2,2;
2022-11-19 13:19:48;-36,74078;-73,00452;25,8;75;8407,1;0;1;0;0;;27005;537,3;2,2;
2022-11-19 13:20:18;-36,74078;-73,00452;25,8;75;8407,1;0;1;0;0;;27005;537,3;2,2;
2022-11-19 13:20:48;-36,74078;-73,00452;25,8;75;8407,1;0;1;0;0;;27005;537,3;2,5;
2022-11-19 13:21:18;-36,74078;-73,00452;25,8;75;8407,1;0;1;0;0;;27005;537,3;2,2;
2022-11-19 13:21:48;-36,74078;-73,00452;25,8;75;8407,1;0;1;0;0;;27005;537,3;2,2;
2022-11-19 13:22:18;-36,74078;-73,00452;25,8;75;8407,1;0;1;0;0;;27005;537,3;2,2;
2022-11-19 13:22:48;-36,74078;-73,00452;25,8;75;8407,1;0;1;0;0;;27005;537,3;2,8;
2022-11-19 13:23:18;-36,74078;-73,00452;25,8;75;8407,1;0;1;0;0;;27005;537,3;2,8;
2022-11-19 13:23:48;-36,74078;-73,00452;25,8;75;8407,1;0;1;0;0;;27005;537,3;2,8;
2022-11-19 13:24:18;-36,74078;-73,00452;25,8;75;8407,1;0;1;0;0;;27005;537,3;2,8;
2022-11-19 13:24:48;-36,74078;-73,00452;25,8;74,6;8407,1;0;1;0;0;;27005;537,3;2,5;
2022-11-19 13:25:18;-36,74078;-73,00452;25,8;74,6;8407,1;0;1;0;0;;27005;537,3;2,2;
2022-11-19 13:25:48;-36,74078;-73,00452;25,8;74,6;8407,1;0;1;0;0;;27005;537,3;2,2;
2022-11-19 13:26:18;-36,74078;-73,00452;25,8;74,6;8407,1;0;1;0;0;;27005;537,3;2,5;
2022-11-19 13:26:48;-36,74078;-73,00452;25,8;74,6;8407,1;0;1;0;0;;27005;537,3;2,2;
2022-11-19 13:27:18;-36,74078;-73,00452;25,8;74,6;8407,1;0;1;0;0;;27005;537,3;2,5;
2022-11-19 13:27:48;-36,74078;-73,00452;25,8;74,6;8407,1;0;1;0;0;;27005;537,3;2,2;
2022-11-19 13:28:18;-36,74078;-73,00452;25,8;74,6;8407,1;0;1;0;0;;27005;537,3;2,2;
2022-11-19 13:28:48;-36,74078;-73,00452;25,8;74,6;8407,1;0;1;0;0;;27005;537,3;2,5;
2022-11-19 13:29:18;-36,74078;-73,00452;25,8;74,6;8407,1;0;1;0;0;;27005;537,3;2,5;
2022-11-19 13:29:48;-36,74078;-73,00452;25,8;74,6;8407,1;0;1;0;0;;27005;537,3;2,2;
2022-11-19 13:30:18;-36,74078;-73,00452;25,8;74,6;8407,1;0;1;0;0;;27005;537,3;2,5;
2022-11-19 13:30:48;-36,74078;-73,00452;25,8;74,5;8407,1;0;0;0;0;;27005;536,8;9,9;
2022-11-19 13:31:18;-36,74078;-73,00452;34,5;74,4;8407,2;21;0;0;0;;27005;530,2;86,9;
2022-11-19 13:31:48;-36,74183;-73,00464;47,1;74,3;8407,3;1;0;0;0;;27005;534,3;9,9;
2022-11-19 13:32:18;-36,74318;-73,00535;48,6;74,1;8407,4;28;0;0;0;;27005;531,7;9,9;
2022-11-19 13:32:48;-36,74318;-73,00535;56,8;74;8407,7;19;0;0;0;;27005;530,2;86,9;
2022-11-19 13:33:18;-36,74644;-73,00633;68,2;73,8;8407,9;22;0;0;0;;27005;531,7;13,5;
2022-11-19 13:33:48;-36,74963;-73,0065;76,4;73,6;8408,2;33;0;0;0;;27005;533,8;-32,6;
2022-11-19 13:34:18;-36,74963;-73,0065;84;73,6;8408,4;27;0;0;0;;27005;534,8;-23;
2022-11-19 13:34:48;-36,75095;-73,00448;68,4;73,6;8408,6;28;0;0;0;;27005;537,3;-22,2;
2022-11-19 13:35:18;-36,75176;-73,00157;47,8;73,7;8408,8;31;0;0;0;;27005;539,4;-37,6;
2022-11-19 13:35:48;-36,75176;-73,00157;41,7;73,7;8408,9;16;0;0;0;;27005;533,2;75,7;
2022-11-19 13:36:18;-36,75248;-73,00045;40,5;73,2;8409,4;82;0;0;0;;27005;519,2;175,8;
2022-11-19 13:36:48;-36,76068;-73,00691;23,1;72,9;8410,2;90;0;0;0;;27005;523,3;92,7;
2022-11-19 13:37:18;-36,76068;-73,00691;15,1;72,6;8410,9;81;0;0;0;;27005;535,3;-101,4;
2022-11-19 13:37:48;-36,76889;-73,01318;-0,2;72,3;8411,6;90;0;0;0;;27005;521,7;99,3;
2022-11-19 13:38:18;-36,77798;-73,01852;-0,6;71,9;8412,4;83;0;0;0;;27005;533,8;-102,5;
2022-11-19 13:38:48;-36,77798;-73,01852;0,6;71,7;8412,9;80;0;0;0;;27005;518,7;128,2;
2022-11-19 13:39:18;-36,78544;-73,02257;3,7;71,3;8413,6;84;0;0;0;;27005;521,7;77,9;
2022-11-19 13:39:48;-36,79486;-73,02572;4,2;71;8414,3;66;0;0;0;;27005;536,8;-120,6;
2022-11-19 13:40:18;-36,79486;-73,02572;4,9;70,8;8414,8;66;0;0;0;;27005;522,8;113,1;
2022-11-19 13:40:48;-36,80165;-73,02581;1,9;70,5;8415,4;84;0;0;0;;27005;531,7;23,1;
2022-11-19 13:41:18;-36,81011;-73,02681;10,5;70,1;8416,1;73;0;0;0;;27005;532,2;-81,8;
2022-11-19 13:41:48;-36,81011;-73,02681;5,3;70,1;8416,6;46;0;0;0;;27005;527,1;56,7;
2022-11-19 13:42:18;-36,81481;-73,03189;5,5;70,1;8416,9;0;0;0;0;;27005;531,7;2,2;
2022-11-19 13:42:48;-36,81599;-73,03449;7,9;69,9;8417;52;0;0;0;;27005;521,7;78,1;
2022-11-19 13:43:18;-36,81599;-73,03449;9,4;69,8;8417,5;24;0;0;0;;27005;532,7;-13,9;
2022-11-19 13:43:48;-36,81839;-73,04026;8,5;69,7;8417,8;24;0;0;0;;27005;532,7;-14,5;
2022-11-19 13:44:18;-36,81973;-73,04421;7,4;69,6;8418;24;0;0;0;;27005;530,7;35;
2022-11-19 13:44:48;-36,81973;-73,04421;7;69,6;8418,1;0;0;0;0;;27005;532,7;2,5;
2022-11-19 13:45:18;-36,82054;-73,04546;6,9;69,5;8418,2;38;0;0;0;;27005;528,6;60;
2022-11-19 13:45:48;-36,82207;-73,04908;8,3;69,5;8418,5;0;0;0;0;;27005;533,2;2,2;
2022-11-19 13:46:18;-36,82207;-73,04908;8,8;69,5;8418,5;0;0;0;0;;27005;533,2;2,2;
2022-11-19 13:46:48;-36,8221;-73,04916;11;69,4;8418,7;34;0;0;0;;27005;528,6;73,2;
2022-11-19 13:47:18;-36,82356;-73,05266;12,9;69,3;8418,8;0;0;0;0;;27005;533,2;2,2;
2022-11-19 13:47:48;-36,82356;-73,05266;12,9;69,3;8418,8;0;0;0;0;;27005;533,8;2,5;
2022-11-19 13:48:18;-36,82358;-73,05269;15,2;69;8419;73;0;0;0;;27005;518,7;177,7;
2022-11-19 13:48:48;-36,82595;-73,05855;8,9;69;8419,4;25;0;0;0;;27005;533,8;-9,2;
2022-11-19 13:49:18;-36,82595;-73,05855;1,1;68,9;8419,7;38;0;0;0;;27005;533,8;-46,6;
2022-11-19 13:49:48;-36,82607;-73,06116;-3;68,9;8419,7;9;0;0;0;;26874;529,2;81,7;
2022-11-19 13:50:18;-36,82342;-73,06287;-4,9;68,7;8420,1;5;0;0;0;;27005;532,7;2,8;
2022-11-19 13:50:48;-36,82342;-73,06287;-0,9;68,4;8420,3;70;0;0;0;;27005;516,6;178;
2022-11-19 13:51:18;-36,81994;-73,06553;2,7;68,1;8420,8;71;0;0;0;;27005;536,8;-127,2;
2022-11-19 13:51:48;-36,81591;-73,06718;4,1;68,2;8421;0;0;0;0;;27005;532,2;2;
2022-11-19 13:52:18;-36,81591;-73,06718;6,4;67,9;8421,3;68;0;0;0;;27005;519,7;167,8;
2022-11-19 13:52:48;-36,81188;-73,07116;6;67,6;8421,9;71;0;0;0;;27005;533,2;-81,6;
2022-11-19 13:53:18;-36,80797;-73,07783;0;67,6;8422,3;43;0;0;0;;27005;524,5;110,6;
2022-11-19 13:53:48;-36,80797;-73,07783;6;67,1;8423;50;0;0;0;;27005;533,8;-77,4;
2022-11-19 13:54:18;-36,80258;-73,08235;2,8;67;8423,1;66;0;0;0;;27005;516,1;181,5;
2022-11-19 13:54:48;-36,79839;-73,08542;-0,7;66,9;8423,6;14;0;0;0;;27005;530,7;0;
2022-11-19 13:55:18;-36,79839;-73,08542;-2,4;66,8;8423,7;25;0;0;0;;27005;532,2;-13,4;
2022-11-19 13:55:48;-36,79629;-73,08615;-3,6;66,8;8423,9;12;0;0;0;;26874;525,6;103,2;
2022-11-19 13:56:18;-36,79275;-73,08672;0,9;66,5;8424,3;57;0;0;0;;27005;517,1;186,8;
2022-11-19 13:56:48;-36,79275;-73,08672;3,5;66,5;8424,5;0;0;0;0;;27005;531,2;3,6;
2022-11-19 13:57:18;-36,78976;-73,08678;6,5;66;8424,9;74;0;0;0;;27005;531,7;-86,2;
2022-11-19 13:57:48;-36,78437;-73,08682;7,8;66,1;8425,1;20;0;0;0;;27005;527,1;69,6;
2022-11-19 13:58:18;-36,78437;-73,08682;16,2;65,9;8425,5;28;0;0;0;;27005;526,1;61,1;
2022-11-19 13:58:48;-36,78266;-73,08666;8,3;65,4;8426;89;0;0;0;;27005;517,6;132;
2022-11-19 13:59:18;-36,78011;-73,09715;9,2;65,3;8426,6;41;0;0;0;;27005;525,6;72,1;
2022-11-19 13:59:48;-36,78011;-73,09715;7,1;65,1;8427;55;0;0;0;;27005;517,1;183,2;
2022-11-19 14:00:18;-36,77864;-73,10325;7,5;65,1;8427,3;13;0;0;0;;27005;531,2;0,6;
2022-11-19 14:00:48;-36,77807;-73,10465;7,1;65,1;8427,3;0;0;0;0;;27005;531,7;1,1;
2022-11-19 14:01:18;-36,77807;-73,10465;8,4;65,1;8427,3;12;0;0;0;;27137;531,7;0;
2022-11-19 14:01:48;-36,77723;-73,1043;6,6;65,1;8427,5;0;0;0;0;;27005;531,7;3,6;
2022-11-19 14:02:18;-36,77752;-73,10428;10,9;65,1;8427,5;0;0;0;0;;27005;532,2;1,1;
2022-11-19 14:02:48;-36,77752;-73,10428;10,9;65,1;8427,5;0;0;0;0;;27137;532,2;1,1;
2022-11-19 14:03:18;-36,77752;-73,10428;10,9;65,1;8427,5;0;0;0;0;;27137;532,7;1,1;
2022-11-19 14:03:48;-36,77752;-73,10428;10,9;65,1;8427,5;8;0;0;0;;27137;530,7;22,9;
2022-11-19 14:04:18;-36,77752;-73,10428;13;65,1;8427,5;0;0;0;0;;27005;532,7;2;
2022-11-19 14:33:09;-36,7775;-73,10431;12,6;65,1;8427,5;0;0;0;0;;25570;535,8;2,5;
2022-11-19 14:33:39;-36,7775;-73,10431;12,6;65,1;8427,5;0;0;0;0;;27005;535,8;1,7;
2022-11-19 14:34:09;-36,7775;-73,10431;12,6;65,1;8427,5;0;0;0;0;;27137;535,8;1,4;
2022-11-19 14:34:39;-36,7775;-73,10431;12,6;65,1;8427,5;2;0;0;0;;27137;535,8;3,3;
2022-11-19 14:35:09;-36,7775;-73,10431;7,7;65,1;8427,6;0;0;0;0;;27137;535,8;1,4;
2022-11-19 14:35:39;-36,77787;-73,10464;7,7;65,1;8427,6;0;0;0;0;;27137;535,8;1,4;
2022-11-19 14:36:09;-36,77787;-73,10464;7,7;65,1;8427,6;0;0;0;0;;27137;535,8;1,1;
2022-11-19 14:36:39;-36,77787;-73,10464;12;64,8;8427,7;67;0;0;0;;27137;518,7;179,6;
2022-11-19 14:37:09;-36,77738;-73,10838;10,1;64,8;8428,1;18;0;0;0;;26874;529,7;52,6;
2022-11-19 14:37:39;-36,77758;-73,10833;7,8;64,7;8428,3;20;0;0;0;;26874;533,2;-5,1;
2022-11-19 14:38:09;-36,77758;-73,10833;7,4;64,6;8428,5;43;0;0;0;;26874;533,2;-62,3;
2022-11-19 14:38:39;-36,77849;-73,1046;10,9;64,2;8428,9;73;0;0;0;;26874;517,6;131,8;
2022-11-19 14:39:09;-36,77999;-73,09838;12,6;64,2;8429,2;44;0;0;0;;26874;517,6;194,5;
2022-11-19 14:39:39;-36,77999;-73,09838;12,1;64,1;8429,4;35;0;0;0;;26874;532,2;-37,3;
2022-11-19 14:40:09;-36,7808;-73,09504;8,9;63,7;8429,8;74;0;0;0;;26874;523,8;33,6;
2022-11-19 14:40:39;-36,78328;-73,08521;11,7;63,5;8430,5;75;0;0;0;;26874;533,8;-89,3;
2022-11-19 14:41:09;-36,78328;-73,08521;8,2;63,3;8431,1;71;0;0;0;;26874;533,8;-79,9;
2022-11-19 14:41:39;-36,78543;-73,07552;9,8;63,1;8431,6;60;0;0;0;;26874;529,2;10,5;
2022-11-19 14:42:09;-36,79137;-73,07063;13,4;62,9;8432,2;59;0;0;0;;26874;523,8;95,2;
2022-11-19 14:42:39;-36,79137;-73,07063;19,3;62,8;8432,6;41;0;0;0;;26874;531,7;-53,8;
2022-11-19 14:43:09;-36,79563;-73,06624;29,5;62,5;8433;58;0;0;0;;26874;515,6;187;
2022-11-19 14:43:39;-36,79889;-73,05976;21;62,4;8433,5;27;0;0;0;;27137;531,7;-19,4;
2022-11-19 14:44:09;-36,79889;-73,05976;22,3;62,5;8433,5;0;0;0;0;;27137;530,7;0,9;
2022-11-19 14:44:39;-36,79964;-73,05848;3,9;62,4;8433,6;4;0;0;0;;27137;530,2;1,7;
2022-11-19 14:46:18;-36,79991;-73,05883;4,4;62,4;8433,6;0;0;0;1;;26095;531,7;0;
2022-11-19 14:46:48;-36,79991;-73,05883;4,4;62,5;8433,6;0;0;0;1;;27137;532,7;-10,6;
2022-11-19 14:47:18;-36,79991;-73,05883;4,4;62,5;8433,6;0;0;0;1;;27137;533,2;-10,3;
2022-11-19 14:47:48;-36,79991;-73,05883;4,4;62,6;8433,6;0;0;0;1;;27137;533,8;-10,3;
2022-11-19 14:48:18;-36,79991;-73,05883;4,4;62,6;8433,6;0;0;0;1;;27137;533,8;-10,9;
2022-11-19 14:48:48;-36,79991;-73,05883;4,4;62,6;8433,6;0;0;0;1;;27137;533,8;-10,9;
2022-11-19 14:49:18;-36,79991;-73,05883;4,4;62,7;8433,6;0;0;0;1;;27137;534,3;-10,6;
2022-11-19 14:49:48;-36,79991;-73,05883;4,4;62,7;8433,6;0;0;0;1;;27137;534,3;-10,6;
2022-11-19 14:50:18;-36,79991;-73,05883;4,4;62,7;8433,6;0;0;0;1;;27137;534,3;-10,9;
2022-11-19 14:50:48;-36,79991;-73,05883;4,4;62,8;8433,6;0;0;0;1;;27137;534,8;-10,3;
2022-11-19 14:51:18;-36,79991;-73,05883;4,4;62,8;8433,6;0;0;0;1;;27268;534,8;-10,6;
2022-11-19 14:51:48;-36,79991;-73,05883;4,4;62,9;8433,6;0;0;0;1;;27137;534,8;-10,6;
2022-11-19 14:52:18;-36,79991;-73,05883;4,4;62,9;8433,6;0;0;0;1;;27137;534,8;-10,6;
2022-11-19 14:52:48;-36,79991;-73,05883;4,4;63;8433,6;0;0;0;1;;27137;535,3;-10,6;
2022-11-19 14:53:18;-36,79991;-73,05883;4,4;63;8433,6;0;0;0;1;;27137;535,3;-10,3;
2022-11-19 14:53:48;-36,79991;-73,05883;4,4;63;8433,6;0;0;0;1;;27137;535,3;-10,3;
2022-11-19 14:54:18;-36,79991;-73,05883;4,4;63,1;8433,6;0;0;0;1;;27137;535,3;-10,3;
2022-11-19 14:54:48;-36,79991;-73,05883;4,4;63,1;8433,6;0;0;0;1;;27137;535,8;-10,6;
2022-11-19 14:55:18;-36,79991;-73,05883;4,4;63,2;8433,6;0;0;0;1;;27137;535,8;-10,3;
2022-11-19 14:55:48;-36,79991;-73,05883;4,4;63,2;8433,6;0;0;0;1;;27137;535,8;-10,3;
2022-11-19 14:56:18;-36,79991;-73,05883;4,4;63,2;8433,6;0;0;0;1;;27137;535,8;-10,3;
2022-11-19 14:56:48;-36,79991;-73,05883;4,4;63,3;8433,6;0;0;0;1;;27137;535,8;-10,3;
2022-11-19 14:57:18;-36,79991;-73,05883;4,4;63,3;8433,6;0;0;0;1;;27137;535,8;-10,3;
2022-11-19 14:57:48;-36,79991;-73,05883;4,4;63,4;8433,6;0;0;0;1;;27137;536,3;-10,6;
2022-11-19 14:58:18;-36,79991;-73,05883;4,4;63,4;8433,6;0;0;0;1;;27137;536,3;-10,3;
2022-11-19 14:58:48;-36,79991;-73,05883;4,4;63,4;8433,6;0;0;0;1;;27137;536,3;-10,6;
2022-11-19 14:59:18;-36,79991;-73,05883;4,4;63,5;8433,6;0;0;0;1;;27137;536,3;-10,6;
2022-11-19 14:59:48;-36,79991;-73,05883;4,4;63,5;8433,6;0;0;0;1;;27268;536,3;-10,3;
2022-11-19 15:00:18;-36,79991;-73,05883;4,4;63,6;8433,6;0;0;0;1;;27137;536,8;-10,6;
2022-11-19 15:00:48;-36,79991;-73,05883;4,4;63,6;8433,6;0;0;0;1;;27137;536,8;-10,6;
2022-11-19 15:01:18;-36,79991;-73,05883;4,4;63,6;8433,6;0;0;0;1;;27137;536,8;-10,6;
2022-11-19 15:01:48;-36,79991;-73,05883;4,4;63,7;8433,6;0;0;0;1;;27137;536,8;-10,1;
2022-11-19 15:02:18;-36,79991;-73,05883;4,4;63,7;8433,6;0;0;0;1;;27137;536,8;-10,6;
2022-11-19 15:02:48;-36,79991;-73,05883;4,4;63,8;8433,6;0;0;0;1;;27137;536,8;-10,6;
2022-11-19 15:03:18;-36,79991;-73,05883;4,4;63,8;8433,6;0;0;0;1;;27137;537,3;-10,3;
2022-11-19 15:03:48;-36,79991;-73,05883;4,4;63,8;8433,6;0;0;0;1;;27137;537,3;-10,6;
2022-11-19 15:04:18;-36,79991;-73,05883;4,4;63,9;8433,6;0;0;0;1;;27268;537,3;-10,3;
2022-11-19 15:04:48;-36,79991;-73,05883;4,4;63,9;8433,6;0;0;0;1;;27137;537,3;-10,3;
2022-11-19 15:05:18;-36,79991;-73,05883;4,4;64;8433,6;0;0;0;1;;27137;537,3;-10,1;
2022-11-19 15:05:48;-36,79991;-73,05883;4,4;64;8433,6;0;0;0;1;;27137;537,3;-10,1;
2022-11-19 15:06:18;-36,79991;-73,05883;4,4;64;8433,6;0;0;0;1;;27268;537,9;-10,3;
2022-11-19 15:06:48;-36,79991;-73,05883;4,4;64,1;8433,6;0;0;0;1;;27137;537,9;-10,6;
2022-11-19 15:07:18;-36,79991;-73,05883;4,4;64,1;8433,6;0;0;0;1;;27137;537,9;-10,6;
2022-11-19 15:07:48;-36,79991;-73,05883;4,4;64,2;8433,6;0;0;0;1;;27268;537,9;-10,3;
2022-11-19 15:08:18;-36,79991;-73,05883;4,4;64,2;8433,6;0;0;0;1;;27268;537,9;-10,6;
2022-11-19 15:08:48;-36,79991;-73,05883;4,4;64,2;8433,6;0;0;0;1;;27137;538,4;-10,6;
2022-11-19 15:09:18;-36,79991;-73,05883;4,4;64,3;8433,6;0;0;0;1;;27137;538,4;-10,1;
2022-11-19 15:09:48;-36,79991;-73,05883;4,4;64,3;8433,6;0;0;0;1;;27268;538,4;-10,1;
2022-11-19 15:10:18;-36,79991;-73,05883;4,4;64,4;8433,6;0;0;0;1;;27137;538,4;-10,3;
2022-11-19 15:10:48;-36,79991;-73,05883;4,4;64,4;8433,6;0;0;0;1;;27137;538,4;-10,3;
2022-11-19 15:11:18;-36,79991;-73,05883;4,4;64,4;8433,6;0;0;0;1;;27268;538,4;-10,3;
2022-11-19 15:11:48;-36,79991;-73,05883;4,4;64,5;8433,6;0;0;0;1;;27268;538,9;-10,6;
2022-11-19 15:12:18;-36,79991;-73,05883;4,4;64,5;8433,6;0;0;0;1;;27137;538,9;-10,1;
2022-11-19 15:12:48;-36,79991;-73,05883;4,4;64,6;8433,6;0;0;0;1;;27137;538,9;-10,3;
2022-11-19 15:13:18;-36,79991;-73,05883;4,4;64,6;8433,6;0;0;0;1;;27137;538,9;-10,3;
2022-11-19 15:13:48;-36,79991;-73,05883;4,4;64,6;8433,6;0;0;0;1;;27268;538,9;-10,6;
2022-11-19 15:14:18;-36,79991;-73,05883;4,4;64,7;8433,6;0;0;0;1;;27268;538,9;-10,3;
2022-11-19 15:14:48;-36,79991;-73,05883;4,4;64,7;8433,6;0;0;0;1;;27137;539,4;-10,3;
2022-11-19 15:15:18;-36,79991;-73,05883;4,4;64,8;8433,6;0;0;0;1;;27268;539,4;-10,1;
2022-11-19 15:15:48;-36,79991;-73,05883;4,4;64,8;8433,6;0;0;0;1;;27137;539,4;-10,1;
2022-11-19 15:16:18;-36,79991;-73,05883;4,4;64,8;8433,6;0;0;0;1;;27268;539,4;-10,3;
2022-11-19 15:16:48;-36,79991;-73,05883;4,4;64,9;8433,6;0;0;0;1;;27137;539,4;-10,1;
2022-11-19 15:17:18;-36,79991;-73,05883;4,4;64,9;8433,6;0;0;0;1;;27137;539,4;-10,1;
2022-11-19 15:17:48;-36,79991;-73,05883;4,4;65;8433,6;0;0;0;1;;27137;539,9;-10,1;
2022-11-19 15:18:18;-36,79991;-73,05883;4,4;65;8433,6;0;0;0;1;;27137;539,9;-10,6;
2022-11-19 15:18:48;-36,79991;-73,05883;4,4;65;8433,6;0;0;0;1;;27137;539,9;-10,3;
2022-11-19 15:19:18;-36,79991;-73,05883;4,4;65,1;8433,6;0;0;0;1;;27137;539,9;-10,1;
2022-11-19 15:19:48;-36,79991;-73,05883;4,4;65,1;8433,6;0;0;0;1;;27268;539,9;-10,6;
2022-11-19 15:20:18;-36,79991;-73,05883;4,4;65,1;8433,6;0;0;0;1;;27137;539,9;-10,6;
2022-11-19 15:20:48;-36,79991;-73,05883;4,4;65,2;8433,6;0;0;0;1;;27268;539,9;-10,1;
2022-11-19 15:21:18;-36,79991;-73,05883;4,4;65,2;8433,6;0;0;0;1;;27137;539,9;-10,6;
2022-11-19 15:21:48;-36,79991;-73,05883;4,4;65,3;8433,6;0;0;0;1;;27137;540,4;-10,6;
2022-11-19 15:22:18;-36,79991;-73,05883;4,4;65,3;8433,6;0;0;0;1;;27137;540,4;-10,6;
2022-11-19 15:22:48;-36,79991;-73,05883;4,4;65,3;8433,6;0;0;0;1;;27137;540,4;-10,3;
2022-11-19 15:23:18;-36,79991;-73,05883;4,4;65,4;8433,6;0;0;0;1;;27137;540,4;-10,1;
2022-11-19 15:23:48;-36,79991;-73,05883;4,4;65,4;8433,6;0;0;0;1;;27137;540,4;-10,3;
2022-11-19 15:24:18;-36,79991;-73,05883;4,4;65,5;8433,6;0;0;0;1;;27137;540,4;-10,3;
2022-11-19 15:24:48;-36,79991;-73,05883;4,4;65,5;8433,6;0;0;0;1;;27137;540,4;-10,6;
2022-11-19 15:25:18;-36,79991;-73,05883;4,4;65,6;8433,6;0;0;0;1;;27137;540,9;-10,1;
2022-11-19 15:25:48;-36,79991;-73,05883;4,4;65,6;8433,6;0;0;0;1;;27268;540,9;-10,1;
2022-11-19 15:26:18;-36,79991;-73,05883;4,4;65,6;8433,6;0;0;0;1;;27137;540,9;-10,1;
2022-11-19 15:26:48;-36,79991;-73,05883;4,4;65,7;8433,6;0;0;0;1;;27268;540,9;-10,1;
2022-11-19 15:27:18;-36,79991;-73,05883;4,4;65,7;8433,6;0;0;0;1;;27137;540,9;-10,1;
2022-11-19 15:27:48;-36,79991;-73,05883;4,4;65,7;8433,6;0;0;0;1;;27137;540,9;-10,1;
2022-11-19 15:28:18;-36,79991;-73,05883;4,4;65,8;8433,6;0;0;0;1;;27137;540,9;-10,1;
2022-11-19 15:28:48;-36,79991;-73,05883;4,4;65,8;8433,6;0;0;0;1;;27137;540,9;-10,1;
2022-11-19 15:29:18;-36,79991;-73,05883;4,4;65,9;8433,6;0;0;0;1;;27268;540,9;-10,6;
2022-11-19 15:29:48;-36,79991;-73,05883;4,4;65,9;8433,6;0;0;0;1;;27137;540,9;-10,1;
2022-11-19 15:30:18;-36,79991;-73,05883;4,4;65,9;8433,6;0;0;0;1;;27137;540,9;-10,1;
2022-11-19 15:30:48;-36,79991;-73,05883;4,4;66;8433,6;0;0;0;1;;27137;540,9;-10,1;
2022-11-19 15:31:18;-36,79991;-73,05883;4,4;66;8433,6;0;0;0;1;;27137;540,9;-10,1;
2022-11-19 15:31:48;-36,79991;-73,05883;4,4;66,1;8433,6;0;0;0;1;;27137;541,4;-10,6;
2022-11-19 15:32:18;-36,79991;-73,05883;4,4;66,1;8433,6;0;0;0;1;;27137;541,4;-10,1;
2022-11-19 15:32:48;-36,79991;-73,05883;4,4;66,1;8433,6;0;0;0;1;;27137;541,4;-10,1;
2022-11-19 15:33:18;-36,79991;-73,05883;4,4;66,2;8433,6;0;0;0;1;;27137;541,4;-10,3;
2022-11-19 15:33:48;-36,79991;-73,05883;4,4;66,2;8433,6;0;0;0;1;;27137;541,4;-10,3;
2022-11-19 15:34:18;-36,79991;-73,05883;4,4;66,3;8433,6;0;0;0;1;;27137;541,4;-10,1;
2022-11-19 15:34:48;-36,79991;-73,05883;4,4;66,3;8433,6;0;0;0;1;;27137;541,4;-10,1;
2022-11-19 15:35:18;-36,79991;-73,05883;4,4;66,3;8433,6;0;0;0;1;;27137;541,4;-10,6;
2022-11-19 15:35:48;-36,79991;-73,05883;4,4;66,4;8433,6;0;0;0;1;;27137;541,4;-10,3;
2022-11-19 15:36:18;-36,79991;-73,05883;4,4;66,4;8433,6;0;0;0;1;;27268;541,4;-10,6;
2022-11-19 15:36:48;-36,79991;-73,05883;4,4;66,5;8433,6;0;0;0;1;;27137;541,4;-10,6;
2022-11-19 15:37:18;-36,79991;-73,05883;4,4;66,5;8433,6;0;0;0;1;;27137;541,4;-10,3;
2022-11-19 15:37:48;-36,79991;-73,05883;4,4;66,5;8433,6;0;0;0;1;;27137;541,4;-10,6;
2022-11-19 15:38:18;-36,79991;-73,05883;4,4;66,6;8433,6;0;0;0;1;;27137;541,4;-10,1;
2022-11-19 15:38:48;-36,79991;-73,05883;4,4;66,6;8433,6;0;0;0;1;;27137;541,4;-10,6;
2022-11-19 15:39:18;-36,79991;-73,05883;4,4;66,7;8433,6;0;0;0;1;;27137;541,4;-10,1;
2022-11-19 15:39:48;-36,79991;-73,05883;4,4;66,7;8433,6;0;0;0;1;;27137;541,4;-10,1;
2022-11-19 15:40:18;-36,79991;-73,05883;4,4;66,7;8433,6;0;0;0;1;;27137;541,4;-10,3;
2022-11-19 15:40:48;-36,79991;-73,05883;4,4;66,8;8433,6;0;0;0;1;;27137;541,4;-10,1;
2022-11-19 15:41:18;-36,79991;-73,05883;4,4;66,8;8433,6;0;0;0;1;;27137;541,4;-10,1;
2022-11-19 15:41:48;-36,79991;-73,05883;4,4;66,9;8433,6;0;0;0;1;;27137;541,4;-10,3;
2022-11-19 15:42:18;-36,79991;-73,05883;4,4;66,9;8433,6;0;0;0;1;;27137;541,4;-10,3;
2022-11-19 15:42:48;-36,79991;-73,05883;4,4;66,9;8433,6;0;0;0;1;;27268;541,4;-10,1;
2022-11-19 15:43:18;-36,79991;-73,05883;4,4;67;8433,6;0;0;0;1;;27137;541,4;-10,6;
2022-11-19 15:43:48;-36,79991;-73,05883;4,4;67;8433,6;0;0;0;1;;27137;541,4;-10,6;
2022-11-19 15:44:18;-36,79991;-73,05883;4,4;67,1;8433,6;0;0;0;1;;27137;541,4;-10,1;
2022-11-19 15:44:48;-36,79991;-73,05883;4,4;67,1;8433,6;0;0;0;1;;27137;541,4;-10,3;
2022-11-19 15:45:18;-36,79991;-73,05883;4,4;67,1;8433,6;0;0;0;1;;27137;542;-10,3;
2022-11-19 15:45:48;-36,79991;-73,05883;4,4;67,2;8433,6;0;0;0;1;;27137;542;-10,6;
2022-11-19 15:46:18;-36,79991;-73,05883;4,4;67,2;8433,6;0;0;0;1;;27137;542;-10,3;
2022-11-19 15:46:48;-36,79991;-73,05883;4,4;67,2;8433,6;0;0;0;1;;27137;542;-10,1;
2022-11-19 15:47:18;-36,79991;-73,05883;4,4;67,3;8433,6;0;0;0;1;;27137;542;-10,3;
2022-11-19 15:47:48;-36,79991;-73,05883;4,4;67,3;8433,6;0;0;0;1;;27137;542;-10,1;
2022-11-19 15:48:18;-36,79991;-73,05883;4,4;67,4;8433,6;0;0;0;1;;27137;542;-10,1;
2022-11-19 15:48:48;-36,79991;-73,05883;4,4;67,4;8433,6;0;0;0;1;;27137;542;-10,1;
2022-11-19 15:49:18;-36,79991;-73,05883;4,4;67,4;8433,6;0;0;0;1;;27268;542;-10,1;
2022-11-19 15:49:48;-36,79991;-73,05883;4,4;67,5;8433,6;0;0;0;1;;27268;542;-10,6;
2022-11-19 15:50:18;-36,79991;-73,05883;4,4;67,5;8433,6;0;0;0;1;;27137;542;-10,3;
2022-11-19 15:50:48;-36,79991;-73,05883;4,4;67,6;8433,6;0;0;0;1;;27137;542;-10,6;
2022-11-19 15:51:18;-36,79991;-73,05883;4,4;67,6;8433,6;0;0;0;1;;27137;542;-10,3;
2022-11-19 15:51:48;-36,79991;-73,05883;4,4;67,6;8433,6;0;0;0;1;;27268;542;-10,1;
2022-11-19 15:52:18;-36,79991;-73,05883;4,4;67,7;8433,6;0;0;0;1;;27137;542;-10,6;
2022-11-19 15:52:48;-36,79991;-73,05883;4,4;67,7;8433,6;0;0;0;1;;27137;542;-10,1;
2022-11-19 15:53:18;-36,79991;-73,05883;4,4;67,8;8433,6;0;0;0;1;;27137;542;-10,1;
2022-11-19 15:53:48;-36,79991;-73,05883;4,4;67,8;8433,6;0;0;0;1;;27137;542;-10,1;
2022-11-19 15:54:18;-36,79991;-73,05883;4,4;67,8;8433,6;0;0;0;1;;27137;542;-10,1;
2022-11-19 15:54:48;-36,79991;-73,05883;4,4;67,9;8433,6;0;0;0;1;;27268;542;-10,3;
2022-11-19 15:55:18;-36,79991;-73,05883;4,4;67,9;8433,6;0;0;0;1;;27137;542;-10,1;
2022-11-19 15:55:48;-36,79991;-73,05883;4,4;68;8433,6;0;0;0;1;;27137;542;-10,3;
2022-11-19 15:56:18;-36,79991;-73,05883;4,4;68;8433,6;0;0;0;1;;27268;542;-10,1;
2022-11-19 15:56:48;-36,79991;-73,05883;4,4;68;8433,6;0;0;0;1;;27137;542;-10,6;
2022-11-19 15:57:18;-36,79991;-73,05883;4,4;68,1;8433,6;0;0;0;1;;27137;542;-10,6;
2022-11-19 15:57:48;-36,79991;-73,05883;4,4;68,1;8433,6;0;0;0;1;;27137;542;-10,1;
2022-11-19 15:58:18;-36,79991;-73,05883;4,4;68,2;8433,6;0;0;0;1;;27137;542;-10,3;
2022-11-19 15:58:48;-36,79991;-73,05883;4,4;68,2;8433,6;0;0;0;1;;27137;542;-10,3;
2022-11-19 15:59:18;-36,79991;-73,05883;4,4;68,2;8433,6;0;0;0;1;;27268;542;-10,3;
2022-11-19 15:59:48;-36,79991;-73,05883;4,4;68,3;8433,6;0;0;0;1;;27137;542;-10,6;
2022-11-19 16:00:18;-36,79991;-73,05883;4,4;68,3;8433,6;0;0;0;1;;27137;542;-10,9;
2022-11-19 16:00:48;-36,79991;-73,05883;4,4;68,4;8433,6;0;0;0;1;;27137;542;-10,9;
2022-11-19 16:01:18;-36,79991;-73,05883;4,4;68,4;8433,6;0;0;0;1;;27137;542;-10,9;
2022-11-19 16:01:48;-36,79991;-73,05883;4,4;68,4;8433,6;0;0;0;1;;27137;542;-10,6;
2022-11-19 16:02:16;-36,79991;-73,05883;4,4;68,5;8433,6;0;0;0;1;;27137;542;-10,1;
2022-11-19 16:02:46;-36,79991;-73,05883;4,4;68,5;8433,6;0;0;0;1;;27137;542;-10,1;
2022-11-19 16:03:16;-36,79991;-73,05883;4,4;68,6;8433,6;0;0;0;1;;27137;542;-10,3;
2022-11-19 16:03:46;-36,79991;-73,05883;4,4;68,6;8433,6;0;0;0;1;;27137;542;-10,1;
2022-11-19 16:04:16;-36,79991;-73,05883;4,4;68,6;8433,6;0;0;0;1;;27137;542;-10,3;
2022-11-19 16:04:46;-36,79991;-73,05883;4,4;68,7;8433,6;0;0;0;1;;27268;542;-10,6;
2022-11-19 16:05:16;-36,79991;-73,05883;4,4;68,7;8433,6;0;0;0;1;;27137;542;-10,3;
2022-11-19 16:05:46;-36,79991;-73,05883;4,4;68,8;8433,6;0;0;0;1;;27137;542;-10,1;
2022-11-19 16:06:16;-36,79991;-73,05883;4,4;68,8;8433,6;0;0;0;1;;27137;542;-10,6;
2022-11-19 16:06:46;-36,79991;-73,05883;4,4;68,8;8433,6;0;0;0;1;;27137;542;-10,3;
2022-11-19 16:07:16;-36,79991;-73,05883;4,4;68,9;8433,6;0;0;0;1;;27137;542;-10,1;
2022-11-19 16:07:46;-36,79991;-73,05883;4,4;68,9;8433,6;0;0;0;1;;27137;542;-10,1;
2022-11-19 16:08:16;-36,79991;-73,05883;4,4;69;8433,6;0;0;0;1;;27137;542;-10,3;
2022-11-19 16:08:46;-36,79991;-73,05883;4,4;69;8433,6;0;0;0;1;;27137;542;-10,6;
2022-11-19 16:09:16;-36,79991;-73,05883;4,4;69;8433,6;0;0;0;1;;27137;542;-10,3;
2022-11-19 16:09:46;-36,79991;-73,05883;4,4;69,1;8433,6;0;0;0;1;;27268;542;-10,3;
2022-11-19 16:10:16;-36,79991;-73,05883;4,4;69,1;8433,6;0;0;0;1;;27137;542;-10,1;
2022-11-19 16:10:46;-36,79991;-73,05883;4,4;69,2;8433,6;0;0;0;1;;27137;542;-10,6;
2022-11-19 16:11:16;-36,79991;-73,05883;4,4;69,2;8433,6;0;0;0;1;;27137;542;-10,3;
2022-11-19 16:11:46;-36,79991;-73,05883;4,4;69,2;8433,6;0;0;0;1;;27137;542;-10,1;
2022-11-19 16:12:16;-36,79991;-73,05883;4,4;69,3;8433,6;0;0;0;1;;27137;542;-10,3;
2022-11-19 16:12:46;-36,79991;-73,05883;4,4;69,3;8433,6;0;0;0;1;;27137;542;-10,6;
2022-11-19 16:13:16;-36,79991;-73,05883;4,4;69,4;8433,6;0;0;0;1;;27137;542;-10,3;
2022-11-19 16:13:46;-36,79991;-73,05883;4,4;69,4;8433,6;0;0;0;1;;27268;542;-10,6;
2022-11-19 16:14:16;-36,79991;-73,05883;4,4;69,4;8433,6;0;0;0;1;;27137;542;-10,1;
2022-11-19 16:14:46;-36,79991;-73,05883;4,4;69,5;8433,6;0;0;0;1;;27137;542;-10,6;
2022-11-19 16:15:16;-36,79991;-73,05883;4,4;69,5;8433,6;0;0;0;1;;27137;542;-10,3;
2022-11-19 16:15:46;-36,79991;-73,05883;4,4;69,6;8433,6;0;0;0;1;;27137;542;-10,3;
2022-11-19 16:16:16;-36,79991;-73,05883;4,4;69,6;8433,6;0;0;0;1;;27137;542;-10,3;
2022-11-19 16:16:46;-36,79991;-73,05883;4,4;69,6;8433,6;0;0;0;1;;27137;542;-10,1;
2022-11-19 16:17:16;-36,79991;-73,05883;4,4;69,7;8433,6;0;0;0;1;;27137;542;-10,6;
2022-11-19 16:17:46;-36,79991;-73,05883;4,4;69,7;8433,6;0;0;0;1;;27137;542;-10,3;
2022-11-19 16:18:16;-36,79991;-73,05883;4,4;69,8;8433,6;0;0;0;1;;27268;542,5;-10,1;
2022-11-19 16:18:46;-36,79991;-73,05883;4,4;69,8;8433,6;0;0;0;1;;27137;542;-10,3;
2022-11-19 16:19:16;-36,79991;-73,05883;4,4;69,8;8433,6;0;0;0;1;;27268;542,5;-10,1;
2022-11-19 16:19:46;-36,79991;-73,05883;4,4;69,9;8433,6;0;0;0;1;;27137;542,5;-10,3;
2022-11-19 16:20:16;-36,79991;-73,05883;4,4;69,9;8433,6;0;0;0;1;;27268;542,5;-10,1;
2022-11-19 16:20:46;-36,79991;-73,05883;4,4;69,9;8433,6;0;0;0;1;;27137;542,5;-10,6;
2022-11-19 16:21:16;-36,79991;-73,05883;4,4;70;8433,6;0;0;0;1;;27137;542,5;-10,3;
2022-11-19 16:21:46;-36,79991;-73,05883;4,4;70;8433,6;0;0;0;1;;27137;542,5;-10,3;
2022-11-19 16:22:16;-36,79991;-73,05883;4,4;70,1;8433,6;0;0;0;1;;27137;542,5;-10,6;
2022-11-19 16:22:46;-36,79991;-73,05883;4,4;70,1;8433,6;0;0;0;1;;27137;542,5;-10,1;
2022-11-19 16:23:16;-36,79991;-73,05883;4,4;70,1;8433,6;0;0;0;1;;27268;542,5;-10,3;
2022-11-19 16:23:46;-36,79991;-73,05883;4,4;70,2;8433,6;0;0;0;1;;27137;542,5;-10,6;
2022-11-19 16:24:16;-36,79991;-73,05883;4,4;70,2;8433,6;0;0;0;1;;27137;542,5;-10,6;
2022-11-19 16:24:46;-36,79991;-73,05883;4,4;70,3;8433,6;0;0;0;1;;27268;542,5;-10,3;
2022-11-19 16:25:16;-36,79991;-73,05883;4,4;70,3;8433,6;0;0;0;1;;27137;542,5;-10,1;
2022-11-19 16:25:46;-36,79991;-73,05883;4,4;70,4;8433,6;0;0;0;1;;27137;542,5;-10,3;
2022-11-19 16:26:16;-36,79991;-73,05883;4,4;70,4;8433,6;0;0;0;1;;27268;542,5;-10,3;
2022-11-19 16:26:46;-36,79991;-73,05883;4,4;70,4;8433,6;0;0;0;1;;27137;542,5;-10,3;
2022-11-19 16:27:16;-36,79991;-73,05883;4,4;70,5;8433,6;0;0;0;1;;27137;542,5;-10,3;
2022-11-19 16:27:46;-36,79991;-73,05883;4,4;70,5;8433,6;0;0;0;1;;27268;542,5;-10,6;
2022-11-19 16:28:16;-36,79991;-73,05883;4,4;70,5;8433,6;0;0;0;1;;27137;542,5;-10,1;
2022-11-19 16:28:46;-36,79991;-73,05883;4,4;70,6;8433,6;0;0;0;1;;27137;542,5;-10,6;
2022-11-19 16:29:16;-36,79991;-73,05883;4,4;70,6;8433,6;0;0;0;1;;27137;542,5;-10,1;
2022-11-19 16:29:46;-36,79991;-73,05883;4,4;70,7;8433,6;0;0;0;1;;27137;542,5;-10,3;
2022-11-19 16:30:16;-36,79991;-73,05883;4,4;70,7;8433,6;0;0;0;1;;27137;542,5;-10,6;
2022-11-19 16:30:46;-36,79991;-73,05883;4,4;70,7;8433,6;0;0;0;1;;27137;542,5;-10,1;
2022-11-19 16:31:16;-36,79991;-73,05883;4,4;70,8;8433,6;0;0;0;1;;27268;542,5;-10,1;
2022-11-19 16:31:46;-36,79991;-73,05883;4,4;70,8;8433,6;0;0;0;1;;27137;542,5;-10,1;
2022-11-19 16:32:16;-36,79991;-73,05883;4,4;70,9;8433,6;0;0;0;1;;27137;542,5;-10,1;
2022-11-19 16:32:46;-36,79991;-73,05883;4,4;70,9;8433,6;0;0;0;1;;27137;542,5;-10,6;
2022-11-19 16:33:16;-36,79991;-73,05883;4,4;70,9;8433,6;0;0;0;1;;27137;542,5;-10,1;
2022-11-19 16:33:46;-36,79991;-73,05883;4,4;71;8433,6;0;0;0;1;;27137;542,5;-10,1;
2022-11-19 16:34:16;-36,79991;-73,05883;4,4;71;8433,6;0;0;0;1;;27137;542,5;-10,6;
2022-11-19 16:34:46;-36,79991;-73,05883;4,4;71,1;8433,6;0;0;0;1;;27137;542,5;-10,3;
2022-11-19 16:35:16;-36,79991;-73,05883;4,4;71,1;8433,6;0;0;0;1;;27137;542,5;-10,3;
2022-11-19 16:35:46;-36,79991;-73,05883;4,4;71,1;8433,6;0;0;0;1;;27137;542,5;-10,6;
2022-11-19 16:36:16;-36,79991;-73,05883;4,4;71,2;8433,6;0;0;0;1;;27268;542,5;-10,6;
2022-11-19 16:36:46;-36,79991;-73,05883;4,4;71,2;8433,6;0;0;0;1;;27137;542,5;-10,6;
2022-11-19 16:37:16;-36,79991;-73,05883;4,4;71,3;8433,6;0;0;0;1;;27137;542,5;-10,1;
2022-11-19 16:37:46;-36,79991;-73,05883;4,4;71,3;8433,6;0;0;0;1;;27137;542,5;-10,3;
2022-11-19 16:38:16;-36,79991;-73,05883;4,4;71,3;8433,6;0;0;0;1;;27137;542,5;-10,6;
2022-11-19 16:38:46;-36,79991;-73,05883;4,4;71,4;8433,6;0;0;0;1;;27137;542,5;-10,1;
2022-11-19 16:39:16;-36,79991;-73,05883;4,4;71,4;8433,6;0;0;0;1;;27137;542,5;-10,1;
2022-11-19 16:39:46;-36,79991;-73,05883;4,4;71,5;8433,6;0;0;0;1;;27268;542,5;-10,3;
2022-11-19 16:40:16;-36,79991;-73,05883;4,4;71,5;8433,6;0;0;0;1;;27268;542,5;-10,1;
2022-11-19 16:40:46;-36,79991;-73,05883;4,4;71,5;8433,6;0;0;0;1;;27137;542,5;-10,3;
2022-11-19 16:41:16;-36,79991;-73,05883;4,4;71,6;8433,6;0;0;0;1;;27268;542,5;-10,3;
2022-11-19 16:41:46;-36,79991;-73,05883;4,4;71,6;8433,6;0;0;0;1;;27268;542,5;-10,3;
2022-11-19 16:42:16;-36,79991;-73,05883;4,4;71,7;8433,6;0;0;0;1;;27137;542,5;-10,6;
2022-11-19 16:42:46;-36,79991;-73,05883;4,4;71,7;8433,6;0;0;0;1;;27137;542,5;-10,3;
2022-11-19 16:43:16;-36,79991;-73,05883;4,4;71,7;8433,6;0;0;0;1;;27137;542,5;-10,3;
2022-11-19 16:43:46;-36,79991;-73,05883;4,4;71,8;8433,6;0;0;0;1;;27268;542,5;-10,6;
2022-11-19 16:44:16;-36,79991;-73,05883;4,4;71,8;8433,6;0;0;0;1;;27137;542,5;-10,6;
2022-11-19 16:44:46;-36,79991;-73,05883;4,4;71,9;8433,6;0;0;0;1;;27137;542,5;-10,6;
2022-11-19 16:45:16;-36,79991;-73,05883;4,4;71,9;8433,6;0;0;0;1;;27268;542,5;-10,6;
2022-11-19 16:45:46;-36,79991;-73,05883;4,4;71,9;8433,6;0;0;0;1;;27137;542,5;-10,3;
2022-11-19 16:46:16;-36,79991;-73,05883;4,4;72;8433,6;0;0;0;1;;27268;542,5;-10,1;
2022-11-19 16:46:46;-36,79991;-73,05883;4,4;72;8433,6;0;0;0;1;;27137;542,5;-10,6;
2022-11-19 16:47:16;-36,79991;-73,05883;4,4;72,1;8433,6;0;0;0;1;;27137;542,5;-10,3;
2022-11-19 16:47:46;-36,79991;-73,05883;4,4;72,1;8433,6;0;0;0;1;;27268;542,5;-10,1;
2022-11-19 16:48:16;-36,79991;-73,05883;4,4;72,1;8433,6;0;0;0;1;;27137;542,5;-10,3;
2022-11-19 16:48:46;-36,79991;-73,05883;4,4;72,2;8433,6;0;0;0;1;;27137;542,5;-10,1;
2022-11-19 16:49:16;-36,79991;-73,05883;4,4;72,2;8433,6;0;0;0;1;;27137;542,5;-10,6;
2022-11-19 16:49:46;-36,79991;-73,05883;4,4;72,3;8433,6;0;0;0;1;;27137;542,5;-10,3;
2022-11-19 16:50:16;-36,79991;-73,05883;4,4;72,3;8433,6;0;0;0;1;;27137;542,5;-10,6;
2022-11-19 16:50:46;-36,79991;-73,05883;4,4;72,3;8433,6;0;0;0;1;;27137;542,5;-10,6;
2022-11-19 16:51:16;-36,79991;-73,05883;4,4;72,4;8433,6;0;0;0;1;;27137;542,5;-10,6;
2022-11-19 16:51:46;-36,79991;-73,05883;4,4;72,4;8433,6;0;0;0;1;;27137;542,5;-10,1;
2022-11-19 16:52:16;-36,79991;-73,05883;4,4;72,5;8433,6;0;0;0;1;;27137;542,5;-10,3;
2022-11-19 16:52:46;-36,79991;-73,05883;4,4;72,5;8433,6;0;0;0;1;;27137;542,5;-10,3;
2022-11-19 16:53:16;-36,79991;-73,05883;4,4;72,5;8433,6;0;0;0;1;;27137;542,5;-10,3;
2022-11-19 16:53:46;-36,79991;-73,05883;4,4;72,6;8433,6;0;0;0;1;;27137;542,5;-10,6;
2022-11-19 16:54:16;-36,79991;-73,05883;4,4;72,6;8433,6;0;0;0;1;;27137;542,5;-10,3;
2022-11-19 16:54:46;-36,79991;-73,05883;4,4;72,6;8433,6;0;0;0;1;;27137;542,5;-10,3;
2022-11-19 16:55:16;-36,79991;-73,05883;4,4;72,7;8433,6;0;0;0;1;;27137;542,5;-10,3;
2022-11-19 16:55:46;-36,79991;-73,05883;4,4;72,7;8433,6;0;0;0;1;;27137;542,5;-10,6;
2022-11-19 16:56:16;-36,79991;-73,05883;4,4;72,8;8433,6;0;0;0;1;;27137;542,5;-10,6;
2022-11-19 16:56:46;-36,79991;-73,05883;4,4;72,8;8433,6;0;0;0;1;;27137;542,5;-10,6;
2022-11-19 16:57:16;-36,79991;-73,05883;4,4;72,8;8433,6;0;0;0;1;;27137;542,5;-10,3;
2022-11-19 16:57:46;-36,79991;-73,05883;4,4;72,9;8433,6;0;0;0;1;;27137;542,5;-10,6;
2022-11-19 16:58:16;-36,79991;-73,05883;4,4;72,9;8433,6;0;0;0;1;;27137;543;-10,6;
2022-11-19 16:58:46;-36,79991;-73,05883;4,4;73;8433,6;0;0;0;1;;27268;543;-10,3;
2022-11-19 16:59:16;-36,79991;-73,05883;4,4;73;8433,6;0;0;0;1;;27268;543;-10,3;
2022-11-19 16:59:46;-36,79991;-73,05883;4,4;73,1;8433,6;0;0;0;1;;27137;542,5;-10,3;
2022-11-19 17:00:16;-36,79991;-73,05883;4,4;73,1;8433,6;0;0;0;1;;27268;543;-10,6;
2022-11-19 17:00:46;-36,79991;-73,05883;4,4;73,1;8433,6;0;0;0;1;;27268;543;-10,3;
2022-11-19 17:01:16;-36,79991;-73,05883;4,4;73,2;8433,6;0;0;0;1;;27137;543;-10,6;
2022-11-19 17:01:46;-36,79991;-73,05883;4,4;73,2;8433,6;0;0;0;1;;27137;543;-10,3;
2022-11-19 17:02:16;-36,79991;-73,05883;4,4;73,2;8433,6;0;0;0;1;;27137;543;-10,3;
2022-11-19 17:02:46;-36,79991;-73,05883;4,4;73,3;8433,6;0;0;0;1;;27137;543;-10,1;
2022-11-19 17:03:16;-36,79991;-73,05883;4,4;73,3;8433,6;0;0;0;1;;27137;543;-10,3;
2022-11-19 17:03:46;-36,79991;-73,05883;4,4;73,4;8433,6;0;0;0;1;;27137;543;-10,6;
2022-11-19 17:04:16;-36,79991;-73,05883;4,4;73,4;8433,6;0;0;0;1;;27268;543;-10,3;
2022-11-19 17:04:46;-36,79991;-73,05883;4,4;73,4;8433,6;0;0;0;1;;27268;543;-10,6;
2022-11-19 17:05:16;-36,79991;-73,05883;4,4;73,5;8433,6;0;0;0;1;;27137;543;-10,6;
2022-11-19 17:05:46;-36,79991;-73,05883;4,4;73,5;8433,6;0;0;0;1;;27268;543;-10,3;
2022-11-19 17:06:16;-36,79991;-73,05883;4,4;73,6;8433,6;0;0;0;1;;27268;543;-10,3;
2022-11-19 17:06:46;-36,79991;-73,05883;4,4;73,6;8433,6;0;0;0;1;;27137;543;-10,6;
2022-11-19 17:07:16;-36,79991;-73,05883;4,4;73,7;8433,6;0;0;0;1;;27137;543;-10,6;
2022-11-19 17:07:46;-36,79991;-73,05883;4,4;73,7;8433,6;0;0;0;1;;27137;543;-10,3;
2022-11-19 17:08:16;-36,79991;-73,05883;4,4;73,7;8433,6;0;0;0;1;;27137;543;-10,1;
2022-11-19 17:08:46;-36,79991;-73,05883;4,4;73,8;8433,6;0;0;0;1;;27137;543;-10,9;
2022-11-19 17:09:16;-36,79991;-73,05883;4,4;73,8;8433,6;0;0;0;1;;27137;543;-10,6;
2022-11-19 17:09:46;-36,79991;-73,05883;4,4;73,8;8433,6;0;0;0;1;;27137;543;-10,3;
2022-11-19 17:10:16;-36,79991;-73,05883;4,4;73,9;8433,6;0;0;0;1;;27137;543;-10,9;
2022-11-19 17:10:46;-36,79991;-73,05883;4,4;73,9;8433,6;0;0;0;1;;27268;543;-10,3;
2022-11-19 17:11:16;-36,79991;-73,05883;4,4;74;8433,6;0;0;0;1;;27268;543;-10,3;
2022-11-19 17:11:46;-36,79991;-73,05883;4,4;74;8433,6;0;0;0;1;;27137;543;-10,6;
2022-11-19 17:12:16;-36,79991;-73,05883;4,4;74,1;8433,6;0;0;0;1;;27137;543;-10,3;
2022-11-19 17:12:46;-36,79991;-73,05883;4,4;74,1;8433,6;0;0;0;1;;27268;543;-10,6;
2022-11-19 17:13:16;-36,79991;-73,05883;4,4;74,1;8433,6;0;0;0;1;;27268;543;-10,9;
2022-11-19 17:13:46;-36,79991;-73,05883;4,4;74,2;8433,6;0;0;0;1;;27268;543;-10,1;
2022-11-19 17:14:16;-36,79991;-73,05883;4,4;74,2;8433,6;0;0;0;1;;27137;543;-10,6;
2022-11-19 17:14:46;-36,79991;-73,05883;4,4;74,3;8433,6;0;0;0;1;;27137;543;-10,6;
2022-11-19 17:15:16;-36,79991;-73,05883;4,4;74,3;8433,6;0;0;0;1;;27137;543;-10,9;
2022-11-19 17:15:46;-36,79991;-73,05883;4,4;74,3;8433,6;0;0;0;1;;27268;543;-10,9;
2022-11-19 17:16:16;-36,79991;-73,05883;4,4;74,4;8433,6;0;0;0;1;;27137;543;-10,6;
2022-11-19 17:16:46;-36,79991;-73,05883;4,4;74,4;8433,6;0;0;0;1;;27137;543;-10,3;
2022-11-19 17:17:16;-36,79991;-73,05883;4,4;74,5;8433,6;0;0;0;1;;27137;543;-10,6;
2022-11-19 17:17:46;-36,79991;-73,05883;4,4;74,5;8433,6;0;0;0;1;;27137;543;-10,6;
2022-11-19 17:18:16;-36,79991;-73,05883;4,4;74,5;8433,6;0;0;0;1;;27137;543;-10,6;
2022-11-19 17:18:46;-36,79991;-73,05883;4,4;74,6;8433,6;0;0;0;1;;27137;543;-10,9;
2022-11-19 17:19:16;-36,79991;-73,05883;4,4;74,6;8433,6;0;0;0;1;;27137;543;-10,6;
2022-11-19 17:19:46;-36,79991;-73,05883;4,4;74,7;8433,6;0;0;0;1;;27137;543;-10,6;
2022-11-19 17:20:16;-36,79991;-73,05883;4,4;74,7;8433,6;0;0;0;1;;27137;543;-10,9;
2022-11-19 17:20:46;-36,79991;-73,05883;4,4;74,7;8433,6;0;0;0;1;;27137;543;-10,6;
2022-11-19 17:21:16;-36,79991;-73,05883;4,4;74,8;8433,6;0;0;0;1;;27137;543;-10,6;
2022-11-19 17:21:46;-36,79991;-73,05883;4,4;74,8;8433,6;0;0;0;1;;27137;543;-10,3;
2022-11-19 17:22:16;-36,79991;-73,05883;4,4;74,9;8433,6;0;0;0;1;;27137;543;-10,9;
2022-11-19 17:22:46;-36,79991;-73,05883;4,4;74,9;8433,6;0;0;0;1;;27137;543;-10,1;
2022-11-19 17:23:16;-36,79991;-73,05883;4,4;74,9;8433,6;0;0;0;1;;27137;543;-10,3;
2022-11-19 17:23:46;-36,79991;-73,05883;4,4;75;8433,6;0;0;0;1;;27137;543;-10,6;
2022-11-19 17:24:16;-36,79991;-73,05883;4,4;75;8433,6;0;0;0;1;;27137;543;-10,3;
2022-11-19 17:24:46;-36,79991;-73,05883;4,4;75,1;8433,6;0;0;0;1;;27137;543;-10,6;
2022-11-19 17:25:16;-36,79991;-73,05883;4,4;75,1;8433,6;0;0;0;1;;27137;543;-10,9;
2022-11-19 17:25:46;-36,79991;-73,05883;4,4;75,1;8433,6;0;0;0;1;;27268;543;-10,3;
2022-11-19 17:26:16;-36,79991;-73,05883;4,4;75,2;8433,6;0;0;0;1;;27137;543;-10,6;
2022-11-19 17:26:46;-36,79991;-73,05883;4,4;75,2;8433,6;0;0;0;1;;27137;543;-10,3;
2022-11-19 17:27:16;-36,79991;-73,05883;4,4;75,3;8433,6;0;0;0;1;;27137;543;-10,6;
2022-11-19 17:27:46;-36,79991;-73,05883;4,4;75,3;8433,6;0;0;0;1;;27137;543;-10,3;
2022-11-19 17:28:16;-36,79991;-73,05883;4,4;75,3;8433,6;0;0;0;1;;27137;543;-10,3;
2022-11-19 17:28:46;-36,79991;-73,05883;4,4;75,4;8433,6;0;0;0;1;;27137;543;-10,3;
2022-11-19 17:29:16;-36,79991;-73,05883;4,4;75,4;8433,6;0;0;0;1;;27137;543;-10,3;
2022-11-19 17:29:46;-36,79991;-73,05883;4,4;75,5;8433,6;0;0;0;1;;27137;543;-10,9;
2022-11-19 17:30:16;-36,79991;-73,05883;4,4;75,5;8433,6;0;0;0;1;;27137;543;-10,6;
2022-11-19 17:30:46;-36,79991;-73,05883;4,4;75,6;8433,6;0;0;0;1;;27137;543;-10,9;
2022-11-19 17:31:16;-36,79991;-73,05883;4,4;75,6;8433,6;0;0;0;1;;27137;543;-10,3;
2022-11-19 17:31:46;-36,79991;-73,05883;4,4;75,6;8433,6;0;0;0;1;;27137;543;-10,3;
2022-11-19 17:32:16;-36,79991;-73,05883;4,4;75,7;8433,6;0;0;0;1;;27137;543;-10,3;
2022-11-19 17:32:46;-36,79991;-73,05883;4,4;75,7;8433,6;0;0;0;1;;27137;543;-10,9;
2022-11-19 17:33:16;-36,79991;-73,05883;4,4;75,8;8433,6;0;0;0;1;;27137;543;-10,9;
2022-11-19 17:33:46;-36,79991;-73,05883;4,4;75,8;8433,6;0;0;0;1;;27137;543;-10,3;
2022-11-19 17:34:16;-36,79991;-73,05883;4,4;75,8;8433,6;0;0;0;1;;27268;543;-10,6;
2022-11-19 17:34:46;-36,79991;-73,05883;4,4;75,9;8433,6;0;0;0;1;;27137;543;-10,3;
2022-11-19 17:35:16;-36,79991;-73,05883;4,4;75,9;8433,6;0;0;0;1;;27137;543;-10,6;
2022-11-19 17:35:46;-36,79991;-73,05883;4,4;76;8433,6;0;0;0;1;;27137;543;-10,3;
2022-11-19 17:36:16;-36,79991;-73,05883;4,4;76;8433,6;0;0;0;1;;27137;543,5;-10,3;
2022-11-19 17:36:46;-36,79991;-73,05883;4,4;76;8433,6;0;0;0;1;;27137;543;-10,6;
2022-11-19 17:37:16;-36,79991;-73,05883;4,4;76,1;8433,6;0;0;0;1;;27137;543,5;-10,6;
2022-11-19 17:37:46;-36,79991;-73,05883;4,4;76,1;8433,6;0;0;0;1;;27137;543,5;-10,6;
2022-11-19 17:38:16;-36,79991;-73,05883;4,4;76,2;8433,6;0;0;0;1;;27137;543,5;-10,3;
2022-11-19 17:38:46;-36,79991;-73,05883;4,4;76,2;8433,6;0;0;0;1;;27137;543,5;-10,6;
2022-11-19 17:39:16;-36,79991;-73,05883;4,4;76,2;8433,6;0;0;0;1;;27137;543,5;-10,6;
2022-11-19 17:39:46;-36,79991;-73,05883;4,4;76,3;8433,6;0;0;0;1;;27137;543,5;-10,6;
2022-11-19 17:40:16;-36,79991;-73,05883;4,4;76,3;8433,6;0;0;0;1;;27137;543,5;-10,3;
2022-11-19 17:40:46;-36,79991;-73,05883;4,4;76,4;8433,6;0;0;0;1;;27137;543,5;-10,3;
2022-11-19 17:41:16;-36,79991;-73,05883;4,4;76,4;8433,6;0;0;0;1;;27137;543,5;-10,3;
2022-11-19 17:41:46;-36,79991;-73,05883;4,4;76,4;8433,6;0;0;0;1;;27137;543,5;-10,1;
2022-11-19 17:42:16;-36,79991;-73,05883;4,4;76,5;8433,6;0;0;0;1;;27137;543,5;-10,6;
2022-11-19 17:42:46;-36,79991;-73,05883;4,4;76,5;8433,6;0;0;0;1;;27137;543,5;-10,1;
2022-11-19 17:43:16;-36,79991;-73,05883;4,4;76,6;8433,6;0;0;0;1;;27268;543,5;-10,3;
2022-11-19 17:43:46;-36,79991;-73,05883;4,4;76,6;8433,6;0;0;0;1;;27137;543,5;-10,6;
2022-11-19 17:44:16;-36,79991;-73,05883;4,4;76,6;8433,6;0;0;0;1;;27268;543,5;-10,3;
2022-11-19 17:44:46;-36,79991;-73,05883;4,4;76,7;8433,6;0;0;0;1;;27137;543,5;-10,3;
2022-11-19 17:45:16;-36,79991;-73,05883;4,4;76,7;8433,6;0;0;0;1;;27137;543,5;-10,6;
2022-11-19 17:45:46;-36,79991;-73,05883;4,4;76,8;8433,6;0;0;0;1;;27268;543,5;-10,6;
2022-11-19 17:46:16;-36,79991;-73,05883;4,4;76,8;8433,6;0;0;0;1;;27137;543,5;-10,3;
2022-11-19 17:46:46;-36,79991;-73,05883;4,4;76,8;8433,6;0;0;0;1;;27137;543,5;-10,3;
2022-11-19 17:47:16;-36,79991;-73,05883;4,4;76,9;8433,6;0;0;0;1;;27137;543,5;-10,3;
2022-11-19 17:47:46;-36,79991;-73,05883;4,4;76,9;8433,6;0;0;0;1;;27137;543,5;-10,3;
2022-11-19 17:48:16;-36,79991;-73,05883;4,4;77;8433,6;0;0;0;1;;27268;543,5;-10,6;
2022-11-19 17:48:46;-36,79991;-73,05883;4,4;77;8433,6;0;0;0;1;;27137;543,5;-10,3;
2022-11-19 17:49:16;-36,79991;-73,05883;4,4;77;8433,6;0;0;0;1;;27137;543,5;-10,6;
2022-11-19 17:49:46;-36,79991;-73,05883;4,4;77,1;8433,6;0;0;0;1;;27268;543,5;-10,9;
2022-11-19 17:50:16;-36,79991;-73,05883;4,4;77,1;8433,6;0;0;0;1;;27268;543,5;-10,6;
2022-11-19 17:50:46;-36,79991;-73,05883;4,4;77,2;8433,6;0;0;0;1;;27268;543,5;-10,9;
2022-11-19 17:51:16;-36,79991;-73,05883;4,4;77,2;8433,6;0;0;0;1;;27137;543,5;-10,6;
2022-11-19 17:51:46;-36,79991;-73,05883;4,4;77,3;8433,6;0;0;0;1;;27137;543,5;-10,6;
2022-11-19 17:52:16;-36,79991;-73,05883;4,4;77,3;8433,6;0;0;0;1;;27137;543,5;-10,6;
2022-11-19 17:52:46;-36,79991;-73,05883;4,4;77,3;8433,6;0;0;0;1;;27137;543,5;-10,6;
2022-11-19 17:53:16;-36,79991;-73,05883;4,4;77,4;8433,6;0;0;0;1;;27137;543,5;-10,6;
