fecha_hora;lat;lon;altitud;SOC;odometro;vel;AC;calefaccion;cargando;km_restantes;carga_bat_aux;voltaje;corriente;rpm
2022-11-22 08:19:34;-36,80024;-73,05968;31,5;100;8541,9;0;0;0;0;;25184;543,5;2,5;
2022-11-22 08:20:04;-36,80024;-73,05968;31,5;100;8541,9;0;0;0;0;;27005;543;7,7;
2022-11-22 08:20:34;-36,8003;-73,05965;27;100;8542;18;0;0;0;;27005;541,4;1,4;
2022-11-22 08:21:04;-36,80008;-73,05904;18,6;99,9;8542;8;0;0;0;;27005;542;1,4;
2022-11-22 08:21:34;-36,80008;-73,05904;14,3;99,9;8542,1;0;0;0;0;;27005;542;1,7;
2022-11-22 08:22:04;-36,79973;-73,05849;16,4;99,9;8542,1;0;0;0;0;;27137;542;1,4;
2022-11-22 08:22:34;-36,80024;-73,05752;14,4;99,9;8542,3;36;0;0;0;;27137;538,9;10,5;
2022-11-22 08:23:04;-36,80024;-73,05752;13;99,8;8542,4;35;0;0;0;;27137;536,3;5,5;
2022-11-22 08:23:34;-36,80245;-73,05588;10,7;99,8;8542,6;18;0;0;0;;27005;538,9;2,8;
2022-11-22 08:24:04;-36,80375;-73,0557;0,4;99,8;8542,7;0;0;0;0;;27005;538,9;2,8;
2022-11-22 08:24:34;-36,80375;-73,0557;1,6;99,7;8542,7;0;0;0;0;;27005;538,4;2,5;
2022-11-22 08:25:04;-36,80395;-73,05524;1,6;99,7;8542,7;0;1;0;0;;27005;538,4;4,7;
2022-11-22 08:25:34;-36,80363;-73,0548;5,2;99,6;8542,9;28;0;0;0;;27005;532,7;55,9;
2022-11-22 08:26:04;-36,80363;-73,0548;7,7;99,6;8543;0;0;0;0;;27005;536,8;2,5;
2022-11-22 08:26:34;-36,80212;-73,05577;10,4;99,4;8543,2;49;0;0;0;;27005;526,1;129,3;
2022-11-22 08:27:04;-36,79899;-73,05865;20;99,3;8543,5;12;0;0;0;;27005;531,7;49,5;
2022-11-22 08:27:34;-36,79899;-73,05865;25,4;99,1;8543,7;16;0;0;0;;27005;532,2;17,6;
2022-11-22 08:28:04;-36,79776;-73,06125;26,4;99;8543,8;19;0;0;0;;27005;534,3;2,5;
2022-11-22 08:28:34;-36,79653;-73,06396;18,1;98,9;8544,1;48;0;0;0;;27005;534,3;2;
2022-11-22 08:29:04;-36,79653;-73,06396;6,9;98,7;8544,6;73;0;0;0;;27005;527,6;68;
2022-11-22 08:29:34;-36,79181;-73,07001;4,1;98,6;8545,2;63;0;0;0;;27137;530,7;37,4;
2022-11-22 08:30:04;-36,78534;-73,073;8,4;98,4;8545,6;60;0;0;0;;27137;522,8;156;
2022-11-22 08:30:34;-36,78534;-73,073;3,3;98,2;8546,2;71;0;0;0;;27137;531,2;26,4;
2022-11-22 08:31:04;-36,78385;-73,08235;12,9;97,9;8546,8;70;0;0;0;;27137;531,7;2,8;
2022-11-22 08:31:34;-36,78135;-73,09184;6,7;97,7;8547,4;68;0;0;0;;27137;532,2;2,5;
2022-11-22 08:32:04;-36,78135;-73,09184;9,9;97,7;8547,8;19;0;0;0;;27137;534,3;2;
2022-11-22 08:32:34;-36,77995;-73,09772;8,5;97,6;8547,9;38;0;0;0;;27137;529,2;61,6;
2022-11-22 08:33:04;-36,77903;-73,1014;4,6;97,5;8548,3;43;0;0;0;;27137;534,3;1,1;
2022-11-22 08:33:34;-36,77903;-73,1014;2,7;97,5;8548,4;0;0;0;0;;27005;535,3;2;
2022-11-22 08:34:04;-36,77836;-73,10412;3;97,5;8548,5;1;0;0;0;;27137;535,3;3,3;
2022-11-22 08:34:34;-36,77768;-73,10445;9,4;97,5;8548,6;0;0;0;0;;27137;535,8;1,7;
2022-11-22 08:35:04;-36,77768;-73,10445;9,7;97,5;8548,6;0;0;0;0;;27137;535,8;1,7;
2022-11-22 08:35:34;-36,77754;-73,10443;9,7;97,5;8548,6;0;0;0;0;;27137;535,8;1,7;
2022-11-22 08:36:04;-36,77754;-73,10443;9,7;97,5;8548,6;0;0;0;0;;27137;536,3;1,7;
2022-11-22 08:36:34;-36,77754;-73,10443;9,7;97,5;8548,6;0;0;0;0;;27137;536,3;1,7;
2022-11-22 08:37:04;-36,77754;-73,10443;9,7;97,5;8548,6;0;0;0;0;;27137;536,3;1,7;
2022-11-22 08:37:34;-36,77754;-73,10443;9,7;97,4;8548,6;6;0;0;0;;27005;535,3;12,7;
2022-11-22 09:14:40;-36,77722;-73,10398;12,2;97,5;8548,6;0;0;0;0;;25053;537,9;2;
2022-11-22 09:15:10;-36,77722;-73,10398;13,3;97,5;8548,7;0;0;0;0;;27137;537,3;1,1;
2022-11-22 09:15:40;-36,77757;-73,10445;13,3;97,5;8548,7;0;0;0;0;;27137;537,3;1,1;
2022-11-22 09:16:10;-36,77757;-73,10445;13,3;97,5;8548,7;0;0;0;0;;27137;537,3;1,1;
2022-11-22 09:16:40;-36,77757;-73,10445;13,3;97,5;8548,7;0;0;0;0;;27137;537,9;1,1;
2022-11-22 09:17:10;-36,77757;-73,10445;13,3;97,5;8548,7;0;0;0;0;;27137;537,9;1,1;
2022-11-22 09:17:40;-36,77757;-73,10445;13,3;97,5;8548,7;0;0;0;0;;27137;537,9;1,1;
2022-11-22 09:18:10;-36,77757;-73,10445;13,3;97,5;8548,7;0;0;0;0;;27137;537,9;1,1;
2022-11-22 09:18:40;-36,77757;-73,10445;18,6;97,4;8548,7;15;0;0;0;;27137;536,3;15,2;
2022-11-22 09:19:10;-36,77796;-73,10467;18;97,4;8548,7;0;0;0;0;;27137;537,3;1,1;
2022-11-22 09:19:40;-36,77796;-73,10467;18,3;97,4;8548,8;0;0;0;0;;27137;536,8;1,7;
2022-11-22 09:20:10;-36,77821;-73,105;15,3;97,3;8548,8;19;0;0;0;;27005;533,2;48,4;
2022-11-22 09:20:40;-36,77886;-73,10285;10,7;97;8549,2;58;0;0;0;;27137;536,3;-51,9;
2022-11-22 09:21:10;-36,77886;-73,10285;13,4;97;8549,4;0;0;0;0;;27137;534,8;0,6;
2022-11-22 09:21:40;-36,77992;-73,09849;13,9;96,9;8549,4;27;0;0;0;;27137;528,6;99,6;
2022-11-22 09:22:10;-36,78043;-73,09634;13,6;96,8;8549,6;0;0;0;0;;27137;534,8;0,9;
2022-11-22 09:22:40;-36,78043;-73,09634;13;96,7;8549,8;37;0;0;0;;27137;528,1;112,2;
2022-11-22 09:23:10;-36,78109;-73,09334;8,6;96,3;8550,3;70;0;0;0;;27137;528,1;59,2;
2022-11-22 09:23:40;-36,78341;-73,08478;6,3;96,1;8550,9;78;0;0;0;;27137;535,3;-60,1;
2022-11-22 09:24:10;-36,78341;-73,08478;4,7;96;8551,5;64;0;0;0;;27137;536,8;-54,3;
2022-11-22 09:24:40;-36,7855;-73,07508;5,9;95,9;8551,9;51;0;0;0;;27137;533,8;19;
2022-11-22 09:25:10;-36,79129;-73,07064;8,1;95,5;8552,5;70;0;0;0;;27137;528,1;42,4;
2022-11-22 09:25:40;-36,79129;-73,07064;18,4;95,1;8553,1;74;0;0;0;;27137;522,2;126,3;
2022-11-22 09:26:10;-36,79685;-73,06338;25,1;94,9;8553,6;53;0;0;0;;27137;535,8;-58,2;
2022-11-22 09:26:40;-36,7996;-73,05672;21,2;94,7;8554,1;74;0;0;0;;27137;521,7;138,6;
2022-11-22 09:27:10;-36,7996;-73,05672;22,9;94,5;8554,7;61;0;0;0;;27137;522,8;159,8;
2022-11-22 09:27:40;-36,79899;-73,04706;17,7;94,3;8555,2;74;0;0;0;;27137;529,2;64,9;
2022-11-22 09:28:10;-36,80397;-73,03982;18,6;94,2;8555,9;60;0;0;0;;27137;529,7;60,3;
2022-11-22 09:28:40;-36,80397;-73,03982;21,1;94;8556,4;72;0;0;0;;27137;531,2;21,2;
2022-11-22 09:29:10;-36,808;-73,03258;10,6;93,9;8556,9;70;0;0;0;;27137;533,8;21,8;
2022-11-22 09:29:40;-36,81232;-73,02501;12,2;93,8;8557,5;62;0;0;0;;27137;531,7;23,4;
2022-11-22 09:30:10;-36,81232;-73,02501;8,7;93,9;8557,7;0;0;0;0;;27137;535,8;0,6;
2022-11-22 09:30:40;-36,81457;-73,02148;8,7;93,9;8557,7;0;0;0;0;;27005;535,8;2,2;
2022-11-22 09:31:10;-36,81457;-73,02148;8,7;93,9;8557,7;0;1;0;0;;27005;535,8;2,2;
2022-11-22 09:31:40;-36,81457;-73,02148;8,7;93,9;8557,7;0;1;0;0;;27005;535,8;2;
2022-11-22 09:32:10;-36,81457;-73,02148;8,7;93,9;8557,7;0;1;0;0;;27005;535,8;2;
2022-11-22 09:32:40;-36,81457;-73,02148;8,7;93,9;8557,7;0;1;0;0;;27005;535,8;2;
2022-11-22 09:33:10;-36,81457;-73,02148;8,7;93,9;8557,7;0;1;0;0;;27005;535,8;2;
2022-11-22 09:33:40;-36,81457;-73,02148;8,7;93,9;8557,7;0;0;0;0;;27005;536,3;2,5;
2022-11-22 09:34:10;-36,81457;-73,02148;8,7;93,9;8557,7;0;0;0;0;;27005;536,3;2,2;
2022-11-22 09:34:40;-36,81457;-73,02148;8,7;93,9;8557,7;0;0;0;0;;27005;536,3;2,2;
2022-11-22 09:35:10;-36,81457;-73,02148;8,7;93,9;8557,7;0;0;0;0;;27005;536,3;2;
2022-11-22 09:35:40;-36,81457;-73,02148;8,7;93,9;8557,7;0;0;0;0;;27005;536,3;2,2;
2022-11-22 09:36:10;-36,81457;-73,02148;8,7;93,9;8557,7;0;0;0;0;;27005;536,3;2;
2022-11-22 09:36:40;-36,81457;-73,02148;8,7;93,9;8557,7;0;0;0;0;;27005;536,3;2;
2022-11-22 09:37:10;-36,81457;-73,02148;8,7;93,9;8557,7;0;0;0;0;;27005;536,3;2;
2022-11-22 09:37:40;-36,81457;-73,02148;8,7;93,9;8557,7;0;0;0;0;;27005;536,3;2;
2022-11-22 09:38:10;-36,81457;-73,02148;8,7;93,9;8557,7;0;0;0;0;;27005;536,3;2;
2022-11-22 09:38:40;-36,81457;-73,02148;8,7;93,9;8557,7;0;0;0;0;;27005;536,3;2,2;
2022-11-22 09:39:10;-36,81457;-73,02148;8,7;93,9;8557,7;0;0;0;0;;27005;536,3;2,2;
2022-11-22 09:39:40;-36,81457;-73,02148;8,7;93,9;8557,7;0;0;0;0;;27005;536,3;2,2;
2022-11-22 09:40:10;-36,81457;-73,02148;8,7;93,9;8557,7;0;0;0;0;;27005;536,3;2,2;
2022-11-22 09:40:40;-36,81457;-73,02148;8,7;93,9;8557,7;0;0;0;0;;27005;536,8;2,2;
2022-11-22 09:41:10;-36,81457;-73,02148;8,7;93,9;8557,7;0;0;0;0;;27005;536,8;2;
2022-11-22 09:41:40;-36,81457;-73,02148;8,7;93,9;8557,7;0;0;0;0;;27005;536,8;2;
2022-11-22 09:42:10;-36,81457;-73,02148;8,7;93,9;8557,7;0;0;0;0;;27005;536,8;2;
2022-11-22 09:42:40;-36,81457;-73,02148;7,9;93,6;8557,8;36;0;0;0;;27005;526,6;128,5;
2022-11-22 09:43:10;-36,81659;-73,01807;7,8;93,4;8558,2;30;0;0;0;;27005;536,3;-15;
2022-11-22 09:43:40;-36,81659;-73,01807;7,2;93,3;8558,4;44;0;0;0;;27005;530,2;79;
2022-11-22 09:44:10;-36,81614;-73,0183;6,6;92,8;8559;81;0;0;0;;27005;535,8;-82,9;
2022-11-22 09:44:40;-36,81147;-73,02602;5,8;92,8;8559,4;3;0;0;0;;27005;534,3;18,2;
2022-11-22 09:45:10;-36,81147;-73,02602;5,3;92,8;8559,5;0;0;0;0;;27005;535,3;3,6;
2022-11-22 09:45:40;-36,81119;-73,02652;4,7;92,8;8559,5;8;0;0;0;;27005;535,8;2,2;
2022-11-22 09:46:10;-36,81061;-73,02719;3,9;92,7;8559,6;31;0;0;0;;27005;525,1;178,2;
2022-11-22 09:46:40;-36,81061;-73,02719;5,4;92,5;8559,9;42;0;0;0;;27005;537,3;-61,5;
2022-11-22 09:47:10;-36,81353;-73,03012;6,3;92,6;8560;0;0;0;0;;27005;535,8;2,2;
2022-11-22 09:47:40;-36,81457;-73,03138;5,1;92,3;8560,2;49;0;0;0;;27005;532,2;86,7;
2022-11-22 09:48:10;-36,81457;-73,03138;1,6;92,3;8560,5;0;0;0;0;;27005;535,3;2;
2022-11-22 09:48:40;-36,81618;-73,03505;3,1;92,2;8560,6;37;0;0;0;;27005;521,7;185,9;
2022-11-22 09:49:10;-36,81752;-73,03826;3,1;92,1;8560,9;42;0;0;0;;27005;522,2;159,3;
2022-11-22 09:49:40;-36,81752;-73,03826;0,8;92;8561,3;22;0;0;0;;27005;536,3;-9,8;
2022-11-22 09:50:10;-36,81933;-73,04259;2,2;92;8561,3;0;0;0;0;;27005;535,8;2,2;
2022-11-22 09:50:40;-36,81941;-73,04282;1,5;92;8561,3;19;0;0;0;;27005;535,8;-1,8;
2022-11-22 09:51:10;-36,81941;-73,04282;6,1;91,8;8561,5;42;0;0;0;;27005;532,2;-1,5;
2022-11-22 09:51:40;-36,82067;-73,04588;6,8;91,9;8561,7;0;0;0;0;;27005;535,8;2;
2022-11-22 09:52:10;-36,82106;-73,04678;7,7;91,8;8561,8;23;0;0;0;;27005;536,3;-10,9;
2022-11-22 09:52:40;-36,82106;-73,04678;8,6;91,6;8562;36;0;0;0;;27005;537,3;-42,5;
2022-11-22 09:53:10;-36,82256;-73,05036;8,1;91,6;8562,1;0;0;0;0;;27005;535,8;2;
2022-11-22 09:53:40;-36,82257;-73,05038;8,4;91,5;8562,1;44;0;0;0;;27005;520,7;186,8;
2022-11-22 09:54:10;-36,82257;-73,05038;6,6;91,4;8562,5;23;0;0;0;;27005;535,8;-10,3;
2022-11-22 09:54:40;-36,82449;-73,05505;7;91,4;8562,5;0;0;0;0;;27005;535,8;2;
2022-11-22 09:55:10;-36,82457;-73,05524;6,4;91,3;8562,6;35;0;0;0;;27005;536,3;-23,8;
2022-11-22 09:55:40;-36,82457;-73,05524;2,7;91,2;8562,9;32;0;0;0;;27005;533,8;36,3;
2022-11-22 09:56:10;-36,82624;-73,05931;0;91,1;8563,2;50;0;0;0;;27005;537,9;-57,4;
2022-11-22 09:56:40;-36,82861;-73,06479;3,5;91;8563,6;33;0;0;0;;27005;534,3;-9,2;
2022-11-22 09:57:10;-36,82861;-73,06479;5,5;90,9;8563,8;30;0;0;0;;27005;532,2;40,7;
2022-11-22 09:57:40;-36,82861;-73,06479;2,5;90,6;8564,1;66;0;0;0;;27005;519,2;176,3;
2022-11-22 09:58:10;-36,83198;-73,0654;-2,5;90,7;8564,4;0;0;0;0;;27005;535,3;2;
2022-11-22 09:58:40;-36,83198;-73,0654;-0,6;90,3;8564,6;67;0;0;0;;27005;527,6;63,8;
2022-11-22 09:59:10;-36,83504;-73,06297;2,1;90,2;8565,1;61;0;0;0;;27005;532,2;-15,6;
2022-11-22 09:59:40;-36,8408;-73,05899;1,1;90,1;8565,6;54;0;0;0;;27005;523,8;172,7;
2022-11-22 10:00:10;-36,8408;-73,05899;3;90,1;8565,8;19;0;0;0;;27005;535,3;-6,5;
2022-11-22 10:00:40;-36,84367;-73,05684;7,9;89,5;8566,2;74;0;0;0;;27005;519,2;160,6;
2022-11-22 10:01:10;-36,8499;-73,05341;2,8;89,4;8566,7;65;0;0;0;;27005;533,2;14,1;
2022-11-22 10:01:40;-36,8499;-73,05341;4,7;89,2;8567,3;61;0;0;0;;27005;536,8;-67,5;
2022-11-22 10:02:10;-36,85705;-73,05044;5,2;89;8567,9;65;0;0;0;;27005;528,6;74;
2022-11-22 10:02:40;-36,86345;-73,04615;9,7;88,8;8568,4;63;0;0;0;;27005;528,1;74,6;
2022-11-22 10:03:10;-36,86345;-73,04615;13,1;88,8;8568,8;3;0;0;0;;27005;534,8;1,7;
2022-11-22 10:03:40;-36,86806;-73,04399;11,5;88,7;8568,9;26;0;0;0;;27005;535,8;-16,9;
2022-11-22 10:04:10;-36,86808;-73,04292;10,4;88,7;8568,9;0;0;0;0;;27005;535,3;2,2;
2022-11-22 10:04:40;-36,86808;-73,04292;7,7;88,6;8569,1;29;0;0;0;;27005;535,8;-10,6;
2022-11-22 10:05:10;-36,86735;-73,04046;5,7;88,5;8569,3;7;0;0;0;;27005;534,8;4,2;
2022-11-22 10:05:40;-36,86598;-73,03992;-4,3;88,4;8569,4;4;0;0;0;;27005;534,8;9,9;
2022-11-22 10:06:10;-36,86598;-73,03992;8,8;88,3;8569,5;8;0;0;0;;27005;534,8;4,2;
2022-11-22 10:51:58;-36,8653;-73,04137;8,5;88,4;8569,5;0;1;0;0;;24922;537,9;2,8;
2022-11-22 10:52:28;-36,8653;-73,04137;12,5;88,4;8569,5;1;0;0;0;;27005;537,9;1,7;
2022-11-22 10:52:58;-36,8653;-73,04137;17,6;88,3;8569,6;16;0;0;0;;27005;534,3;36,1;
2022-11-22 10:53:28;-36,86581;-73,04021;12,6;88,3;8569,7;19;0;0;0;;27005;535,3;22,9;
2022-11-22 10:53:58;-36,86581;-73,04021;9,9;88,3;8569,7;0;0;0;0;;27005;537,3;1,1;
2022-11-22 10:54:28;-36,86621;-73,04;9,9;88,3;8569,7;0;0;0;0;;27137;537,9;1,1;
2022-11-22 10:54:58;-36,86621;-73,04;9,9;88,3;8569,7;0;0;0;0;;27137;537,9;1,1;
2022-11-22 10:55:28;-36,86621;-73,04;3,8;88,2;8569,9;10;0;0;0;;26743;536,3;17,6;
2022-11-22 10:55:58;-36,86725;-73,04016;1,7;88,1;8570,1;17;0;0;0;;26874;536,8;-1;
2022-11-22 10:56:28;-36,86789;-73,04239;4;88,1;8570,1;0;0;0;0;;26874;536,8;7,2;
2022-11-22 10:56:58;-36,86789;-73,04239;8,6;87,6;8570,4;74;0;0;0;;26874;519,2;182,4;
2022-11-22 10:57:28;-36,8718;-73,04216;14,8;87,3;8571;77;0;0;0;;26874;526,1;91,3;
2022-11-22 10:57:58;-36,87879;-73,03815;5,5;87,3;8571,5;17;0;0;0;;26874;535,8;0;
2022-11-22 10:58:28;-36,87879;-73,03815;2,8;87,2;8571,6;22;0;0;0;;26874;533,2;16,5;
2022-11-22 10:58:58;-36,87946;-73,03743;-5,6;87,2;8571,8;1;0;0;0;;26874;535,3;3,3;
2022-11-22 10:59:28;-36,87895;-73,03789;-3;87,1;8571,8;0;1;0;0;;26874;535,8;2,8;
2022-11-22 10:59:58;-36,87895;-73,03789;-3;87,1;8571,8;0;1;0;0;;26874;536,3;2,8;
2022-11-22 11:00:28;-36,87895;-73,03789;-3;87,1;8571,8;0;1;0;0;;26874;536,3;3,1;
2022-11-22 11:00:58;-36,87895;-73,03789;-3;87,1;8571,8;0;1;0;0;;26874;536,3;3,1;
2022-11-22 11:01:28;-36,87895;-73,03789;-3;87,1;8571,8;0;1;0;0;;26874;536,8;3,1;
2022-11-22 11:01:58;-36,87895;-73,03789;-3;87,1;8571,8;0;1;0;0;;26874;536,8;2,8;
2022-11-22 11:02:28;-36,87895;-73,03789;-3;87,1;8571,8;0;1;0;0;;26874;536,8;3,3;
2022-11-22 11:02:58;-36,87895;-73,03789;-3;87,1;8571,8;0;1;0;0;;26874;536,8;3,3;
2022-11-22 11:03:28;-36,87895;-73,03789;-3;87;8571,8;0;1;0;0;;26874;536,8;3,3;
2022-11-22 11:03:58;-36,87895;-73,03789;-3;87;8571,8;0;1;0;0;;26874;536,8;3,3;
2022-11-22 11:04:28;-36,87895;-73,03789;-3;87;8571,8;0;1;0;0;;26874;536,8;3,1;
2022-11-22 11:04:58;-36,87895;-73,03789;-3;87;8571,8;0;1;0;0;;26874;536,8;2,8;
2022-11-22 11:05:28;-36,87895;-73,03789;-3;87;8571,8;0;1;0;0;;26874;536,8;2,8;
2022-11-22 11:05:58;-36,87895;-73,03789;-3;87;8571,8;0;1;0;0;;26874;537,3;2,8;
2022-11-22 11:06:28;-36,87895;-73,03789;-3;87;8571,8;0;1;0;0;;26874;537,3;2,8;
2022-11-22 11:06:58;-36,87895;-73,03789;-3;87;8571,8;0;1;0;0;;26874;537,3;2,8;
2022-11-22 11:07:28;-36,87895;-73,03789;-3;87;8571,8;0;1;0;0;;26874;537,3;3,1;
2022-11-22 11:07:58;-36,87895;-73,03789;-3;87;8571,8;0;1;0;0;;26874;537,3;2,8;
2022-11-22 11:08:28;-36,87895;-73,03789;-3;86,9;8571,8;0;1;0;0;;26874;537,3;3,3;
2022-11-22 11:08:58;-36,87895;-73,03789;-3;86,9;8571,8;0;1;0;0;;26874;537,3;3,1;
2022-11-22 11:09:28;-36,87895;-73,03789;-3;86,9;8571,8;0;1;0;0;;26874;537,3;3,3;
2022-11-22 11:09:58;-36,87895;-73,03789;-3;86,9;8571,8;0;1;0;0;;26874;537,3;2,8;
2022-11-22 11:10:28;-36,87895;-73,03789;-3;86,9;8571,8;0;1;0;0;;26874;537,3;3,3;
2022-11-22 11:10:58;-36,87895;-73,03789;-3;86,9;8571,8;0;1;0;0;;26874;537,3;3,1;
2022-11-22 11:11:28;-36,87895;-73,03789;-3;86,9;8571,8;0;1;0;0;;26874;537,3;3,1;
2022-11-22 11:11:58;-36,87895;-73,03789;-3;86,9;8571,8;0;1;0;0;;26874;537,3;3,1;
2022-11-22 11:12:28;-36,87895;-73,03789;-3;86,9;8571,8;0;1;0;0;;26874;537,3;3,1;
2022-11-22 11:12:58;-36,87895;-73,03789;-3;86,8;8571,8;0;1;0;0;;26874;537,3;3,1;
2022-11-22 11:13:28;-36,87895;-73,03789;-3;86,8;8571,8;0;1;0;0;;26874;537,3;3,6;
2022-11-22 11:13:58;-36,87895;-73,03789;-3;86,8;8571,8;0;1;0;0;;26874;537,3;2,8;
2022-11-22 11:14:28;-36,87895;-73,03789;-3;86,8;8571,8;0;1;0;0;;26874;537,3;3,3;
2022-11-22 11:14:58;-36,87895;-73,03789;-3;86,8;8571,8;0;1;0;0;;26874;537,3;3,1;
2022-11-22 11:15:28;-36,87895;-73,03789;-3;86,8;8571,8;0;1;0;0;;26874;537,3;3,1;
2022-11-22 11:15:58;-36,87895;-73,03789;-3;86,8;8571,8;0;1;0;0;;26874;537,3;3,3;
2022-11-22 11:16:28;-36,87895;-73,03789;-3;86,8;8571,8;0;1;0;0;;26874;537,3;3,3;
2022-11-22 11:16:58;-36,87895;-73,03789;-3;86,7;8571,8;0;1;0;0;;26874;537,3;3,3;
2022-11-22 11:17:28;-36,87895;-73,03789;-3;86,7;8571,8;0;1;0;0;;26874;537,3;3,1;
2022-11-22 11:17:58;-36,87895;-73,03789;-3;86,7;8571,8;0;1;0;0;;26874;537,3;3,1;
2022-11-22 11:18:28;-36,87895;-73,03789;-3;86,7;8571,8;0;1;0;0;;26874;537,3;3,1;
2022-11-22 11:18:58;-36,87895;-73,03789;-3;86,7;8571,8;0;1;0;0;;26874;537,3;3,3;
2022-11-22 11:19:28;-36,87895;-73,03789;-3;86,7;8571,8;0;1;0;0;;26874;537,3;3,3;
2022-11-22 11:19:58;-36,87895;-73,03789;-3;86,7;8571,8;0;1;0;0;;26874;537,3;3,1;
2022-11-22 11:20:28;-36,87895;-73,03789;-3;86,7;8571,8;0;1;0;0;;26874;537,3;3,1;
2022-11-22 11:20:58;-36,87895;-73,03789;7,5;86,6;8571,8;17;0;0;0;;27005;536,8;-0,7;
2022-11-22 11:21:28;-36,8792;-73,03753;6,2;86,6;8571,9;19;0;0;0;;27005;537,3;-3,7;
2022-11-22 11:21:58;-36,88006;-73,0379;9,5;86,5;8572;18;0;0;0;;27005;533,2;51,2;
2022-11-22 11:22:28;-36,88006;-73,0379;8,9;86,1;8572,4;74;0;0;0;;27005;522,2;147,2;
2022-11-22 11:22:58;-36,88503;-73,0376;9,9;85,9;8573;70;0;0;0;;27005;528,6;143,6;
2022-11-22 11:23:25;-36,89265;-73,03557;12,8;85,9;8573,5;33;0;0;0;;27005;538,4;-34;
2022-11-22 11:23:57;-36,89265;-73,03557;9,3;85,5;8573,9;70;0;0;0;;27005;521,2;177,1;
2022-11-22 11:24:27;-36,89783;-73,03198;12,5;85,3;8574,5;57;0;0;0;;27005;539,4;-94,8;
2022-11-22 11:24:57;-36,90246;-73,03016;13,7;85,4;8574,6;1;0;0;0;;27005;535,3;3,9;
2022-11-22 11:25:27;-36,90246;-73,03016;13;85,1;8574,9;50;0;0;0;;27005;535,8;-47,5;
2022-11-22 11:25:57;-36,90647;-73,02987;14,9;85;8575,4;51;0;0;0;;27005;536,8;-46,4;
2022-11-22 11:26:27;-36,91167;-73,0294;17,7;85;8575,7;0;0;0;0;;27005;535,3;2,5;
2022-11-22 11:26:57;-36,91167;-73,0294;20;84,9;8575,8;37;0;0;0;;27005;536,3;-29,6;
2022-11-22 11:27:27;-36,91437;-73,02905;15;84,7;8576,2;41;0;0;0;;27005;538,9;-60,1;
2022-11-22 11:27:57;-36,91825;-73,028;11,4;84,7;8576,5;33;0;0;0;;27005;535,8;-19,4;
2022-11-22 11:28:27;-36,91825;-73,028;13,3;84,7;8576,6;0;0;0;0;;27005;535,8;2,5;
2022-11-22 11:28:57;-36,91979;-73,02758;19,2;84,5;8576,8;37;0;0;0;;27005;531,2;55,3;
2022-11-22 11:29:27;-36,92395;-73,02611;24,1;84,4;8577,1;41;0;0;0;;27005;526,6;112,5;
2022-11-22 11:29:57;-36,92395;-73,02611;26,1;84,2;8577,5;48;0;0;0;;27005;536,3;-46,1;
2022-11-22 11:30:27;-36,92851;-73,02415;27,1;84,3;8577,7;2;0;0;0;;27005;535,3;6,6;
2022-11-22 11:30:57;-36,93168;-73,02276;27,7;84;8578;3;0;0;0;;26874;533,8;12,4;
2022-11-22 11:31:27;-36,93168;-73,02276;27,2;84;8578;0;1;0;0;;27005;535,3;2,5;
2022-11-22 11:31:57;-36,93212;-73,02254;27,2;84;8578;0;1;0;0;;27005;535,8;2,2;
2022-11-22 11:32:27;-36,93212;-73,02254;27,2;84;8578;0;1;0;0;;27005;536,3;2,8;
2022-11-22 11:32:57;-36,93212;-73,02254;27,2;84;8578;0;1;0;0;;27005;536,3;2,2;
2022-11-22 11:33:27;-36,93212;-73,02254;27,2;84;8578;0;1;0;0;;27005;536,3;2,5;
2022-11-22 11:33:57;-36,93212;-73,02254;27,2;84;8578;0;1;0;0;;27005;536,3;2,2;
2022-11-22 11:34:27;-36,93212;-73,02254;27,2;84;8578;0;1;0;0;;27005;536,8;2,5;
2022-11-22 11:34:57;-36,93212;-73,02254;27,2;84;8578;0;1;0;0;;27005;536,8;2,5;
2022-11-22 11:35:27;-36,93212;-73,02254;27,2;84;8578;0;1;0;0;;27005;536,8;2,8;
2022-11-22 11:35:57;-36,93212;-73,02254;27,7;83,8;8578,2;0;0;0;0;;27005;535,8;2;
2022-11-22 11:36:27;-36,93346;-73,02196;25,1;83,7;8578,4;39;0;0;0;;27005;536,8;-29;
2022-11-22 11:36:57;-36,93473;-73,02473;24,6;83,7;8578,5;0;1;0;0;;27005;535,8;2,5;
2022-11-22 11:37:27;-36,93473;-73,02473;24,6;83,7;8578,5;0;1;0;0;;27005;536,3;2,2;
2022-11-22 11:37:57;-36,93473;-73,02473;24,6;83,7;8578,5;0;1;0;0;;27005;536,8;2,2;
2022-11-22 11:38:27;-36,93473;-73,02473;24,6;83,7;8578,5;0;1;0;0;;27005;536,8;2,2;
2022-11-22 11:38:57;-36,93473;-73,02473;24,6;83,7;8578,5;0;1;0;0;;27005;536,8;2,2;
2022-11-22 11:39:27;-36,93473;-73,02473;24,6;83,7;8578,5;0;1;0;0;;27005;536,8;2,5;
2022-11-22 11:39:57;-36,93473;-73,02473;24,6;83,7;8578,5;0;1;0;0;;27005;536,8;2,2;
2022-11-22 11:40:27;-36,93473;-73,02473;24,6;83,7;8578,5;0;1;0;0;;27005;536,8;2,2;
2022-11-22 11:40:57;-36,93473;-73,02473;24,6;83,7;8578,5;0;1;0;0;;27005;536,8;2,5;
2022-11-22 11:41:27;-36,93473;-73,02473;24,6;83,7;8578,5;0;1;0;0;;27005;537,3;2,5;
2022-11-22 11:41:57;-36,93473;-73,02473;24,6;83,7;8578,5;0;1;0;0;;27005;537,3;2,2;
2022-11-22 11:42:27;-36,93473;-73,02473;24,6;83,7;8578,5;0;1;0;0;;27005;537,3;2,2;
2022-11-22 11:42:57;-36,93473;-73,02473;24,6;83,7;8578,5;0;1;0;0;;27005;537,3;2,2;
2022-11-22 11:43:27;-36,93473;-73,02473;24,6;83,7;8578,5;0;1;0;0;;27005;537,3;2,5;
2022-11-22 11:43:57;-36,93473;-73,02473;24,6;83,7;8578,5;0;1;0;0;;27005;537,3;2,5;
2022-11-22 11:44:27;-36,93473;-73,02473;24,6;83,7;8578,5;0;1;0;0;;27005;537,3;2,2;
2022-11-22 11:44:57;-36,93473;-73,02473;24,6;83,7;8578,5;0;1;0;0;;27005;537,3;2,2;
2022-11-22 11:45:27;-36,93473;-73,02473;24,6;83,7;8578,5;0;1;0;0;;27005;537,3;2,5;
2022-11-22 11:45:57;-36,93473;-73,02473;24,6;83,7;8578,5;0;1;0;0;;27005;537,3;2,5;
2022-11-22 11:46:27;-36,93473;-73,02473;24,6;83,7;8578,5;0;1;0;0;;27005;537,3;2,2;
2022-11-22 11:46:57;-36,93473;-73,02473;24,6;83,7;8578,5;0;1;0;0;;27005;537,3;2,2;
2022-11-22 11:47:27;-36,93473;-73,02473;24,6;83,7;8578,5;0;1;0;0;;27005;537,3;2,2;
2022-11-22 11:47:57;-36,93473;-73,02473;24,6;83,5;8578,5;0;0;0;0;;27005;537,3;5,3;
2022-11-22 11:48:27;-36,93473;-73,02473;24,6;83,4;8578,6;4;0;0;0;;27005;536,3;2,8;
2022-11-22 11:48:57;-36,93544;-73,0264;24,4;83,4;8578,6;0;1;0;0;;27005;536,8;2,2;
2022-11-22 11:49:27;-36,93544;-73,0264;24,4;83,4;8578,6;0;1;0;0;;27005;537,3;2,2;
2022-11-22 11:49:57;-36,93544;-73,0264;24,4;83,4;8578,6;0;1;0;0;;27005;537,3;2,5;
2022-11-22 11:50:27;-36,93544;-73,0264;24,4;83,4;8578,6;0;1;0;0;;27005;537,3;2,2;
2022-11-22 11:50:57;-36,93544;-73,0264;24,4;83,4;8578,6;0;1;0;0;;27005;537,3;2,2;
2022-11-22 11:51:27;-36,93544;-73,0264;24,4;83,4;8578,6;0;1;0;0;;27005;537,3;2,2;
2022-11-22 11:51:57;-36,93544;-73,0264;24,4;83,4;8578,6;0;1;0;0;;27005;537,3;2,5;
2022-11-22 11:52:27;-36,93544;-73,0264;24,4;83,4;8578,6;0;1;0;0;;27005;537,3;2,2;
2022-11-22 11:52:57;-36,93544;-73,0264;24,4;83,4;8578,6;0;1;0;0;;27005;537,3;2;
2022-11-22 11:53:27;-36,93544;-73,0264;24,4;83,4;8578,6;0;0;0;0;;27005;537,3;1,4;
2022-11-22 11:53:57;-36,93544;-73,0264;24,4;83,4;8578,6;0;0;0;0;;27137;537,3;0,6;
2022-11-22 11:54:27;-36,93544;-73,0264;24,4;83,4;8578,6;0;0;0;0;;27137;537,9;0,6;
2022-11-22 11:54:57;-36,93544;-73,0264;24,4;83,4;8578,6;0;0;0;0;;27137;537,9;0,6;
2022-11-22 11:55:27;-36,93544;-73,0264;24,4;83,4;8578,6;0;0;0;0;;27137;537,9;0,6;
2022-11-22 11:55:57;-36,93544;-73,0264;24,4;83,4;8578,6;0;0;0;0;;27137;537,9;0,6;
2022-11-22 11:56:27;-36,93544;-73,0264;24,4;83,4;8578,6;0;0;0;0;;27137;537,9;0,9;
2022-11-22 11:56:57;-36,93544;-73,0264;24,4;83,4;8578,6;0;0;0;0;;27137;537,9;0,9;
2022-11-22 11:57:27;-36,93544;-73,0264;24,4;83,4;8578,6;0;0;0;0;;27137;537,9;0,6;
2022-11-22 11:57:57;-36,93544;-73,0264;24,4;83,4;8578,6;0;0;0;0;;27137;537,9;1,1;
2022-11-22 11:58:27;-36,93544;-73,0264;26,7;83,2;8578,7;4;0;0;0;;26874;537,3;3,3;
2022-11-22 11:58:57;-36,93552;-73,02646;24,4;83,1;8578,9;8;0;0;0;;27005;536,3;3,1;
2022-11-22 11:59:27;-36,93387;-73,02257;20,4;83;8579,1;18;0;0;0;;26874;535,8;-4,6;
2022-11-22 11:59:57;-36,93387;-73,02257;25,9;83;8579,2;0;0;0;0;;26874;536,3;2,8;
2022-11-22 12:00:27;-36,93396;-73,02192;25,9;83;8579,2;0;0;0;0;;27005;536,8;2,8;
2022-11-22 12:00:57;-36,93396;-73,02192;25,9;83;8579,2;0;0;0;0;;27005;536,8;2,8;
2022-11-22 12:01:27;-36,93396;-73,02192;25,9;83;8579,2;0;0;0;0;;27005;537,3;2,8;
2022-11-22 12:01:57;-36,93396;-73,02192;25,9;83;8579,2;0;0;0;0;;27005;537,3;2,8;
2022-11-22 12:02:27;-36,93396;-73,02192;25,9;82,9;8579,2;0;0;0;0;;27005;537,3;2,8;
2022-11-22 12:02:57;-36,93396;-73,02192;25,9;82,9;8579,2;0;0;0;0;;27005;537,3;2,8;
2022-11-22 12:03:27;-36,93396;-73,02192;25,9;82,9;8579,2;0;0;0;0;;27005;537,3;2,8;
2022-11-22 12:03:57;-36,93396;-73,02192;25,9;82,9;8579,2;0;0;0;0;;27005;537,3;2,8;
2022-11-22 12:04:27;-36,93396;-73,02192;25,9;82,9;8579,2;0;0;0;0;;27005;537,3;2,8;
2022-11-22 12:04:57;-36,93396;-73,02192;25,9;82,9;8579,2;0;0;0;0;;27005;537,3;2,8;
2022-11-22 12:05:27;-36,93396;-73,02192;25,9;82,9;8579,2;0;0;0;0;;27005;537,3;5,3;
2022-11-22 12:05:57;-36,93396;-73,02192;30,2;82,8;8579,3;16;0;0;0;;26874;537,3;0;
2022-11-22 12:06:27;-36,93522;-73,02123;31,6;82,7;8579,4;43;0;0;0;;27005;529,2;94,9;
2022-11-22 12:06:57;-36,93731;-73,02085;30,9;82,7;8579,6;15;0;0;0;;26874;536,3;-0,7;
2022-11-22 12:07:27;-36,93731;-73,02085;30;82,6;8579,7;0;1;0;0;;26874;536,8;2,8;
2022-11-22 12:07:57;-36,93802;-73,02112;30;82,6;8579,7;0;1;0;0;;27005;536,8;2,5;
2022-11-22 12:08:27;-36,93802;-73,02112;30;82,6;8579,7;0;1;0;0;;27005;536,8;2,5;
2022-11-22 12:08:57;-36,93802;-73,02112;30;82,6;8579,7;0;1;0;0;;27005;537,3;2,5;
2022-11-22 12:09:27;-36,93802;-73,02112;30;82,6;8579,7;0;1;0;0;;27005;537,3;2,5;
2022-11-22 12:09:57;-36,93802;-73,02112;30;82,6;8579,7;0;1;0;0;;27005;537,3;2,5;
2022-11-22 12:10:27;-36,93802;-73,02112;30;82,6;8579,7;0;1;0;0;;27005;537,3;2,5;
2022-11-22 12:10:57;-36,93802;-73,02112;30;82,6;8579,7;0;1;0;0;;27005;537,3;2,8;
2022-11-22 12:11:27;-36,93802;-73,02112;30;82,6;8579,7;0;1;0;0;;26874;537,3;2,8;
2022-11-22 12:11:57;-36,93802;-73,02112;30;82,6;8579,7;0;1;0;0;;27005;537,3;2,8;
2022-11-22 12:12:27;-36,93802;-73,02112;30;82,5;8579,7;3;0;0;0;;27005;537,3;3,1;
2022-11-22 12:12:57;-36,93766;-73,02143;29,3;82,4;8579,8;40;0;0;0;;27005;536,8;-44,4;
2022-11-22 12:13:27;-36,93766;-73,02143;29,3;82,2;8580;56;0;0;0;;27005;528,6;2,8;
2022-11-22 12:13:57;-36,93918;-73,02514;31,2;82,2;8580,3;27;0;0;0;;27005;535,8;-13,6;
2022-11-22 12:14:27;-36,94089;-73,02487;30,6;82,1;8580,4;27;0;0;0;;26874;536,8;-15,8;
2022-11-22 12:14:57;-36,94089;-73,02487;29,5;82,1;8580,6;21;0;0;0;;27005;535,8;-4,8;
2022-11-22 12:15:27;-36,94247;-73,02535;29,9;82;8580,7;6;0;0;0;;27005;535,3;3,1;
2022-11-22 12:15:57;-36,94326;-73,02563;29,4;82;8580,7;0;1;0;0;;27005;536,3;2,5;
2022-11-22 12:16:27;-36,94326;-73,02563;29,4;82;8580,7;0;1;0;0;;27005;536,3;2,5;
2022-11-22 12:16:57;-36,94326;-73,02563;29,4;82;8580,7;0;1;0;0;;27005;536,8;2,5;
2022-11-22 12:17:27;-36,94326;-73,02563;29,4;82;8580,7;0;1;0;0;;27005;536,8;2,5;
2022-11-22 12:17:57;-36,94326;-73,02563;29,4;82;8580,7;0;1;0;0;;27005;536,8;2,5;
2022-11-22 12:18:27;-36,94326;-73,02563;29,4;82;8580,7;0;1;0;0;;27005;536,8;2,5;
2022-11-22 12:18:57;-36,94326;-73,02563;29,4;82;8580,7;0;1;0;0;;27005;537,3;2,5;
2022-11-22 12:19:27;-36,94326;-73,02563;29,4;82;8580,7;0;1;0;0;;27005;537,3;2,5;
2022-11-22 12:19:57;-36,94327;-73,02566;26,4;81,8;8580,9;11;0;0;0;;27005;535,3;21,2;
2022-11-22 12:20:27;-36,94553;-73,02643;26,8;81,7;8581,1;13;0;0;0;;27005;533,8;59,7;
2022-11-22 12:20:57;-36,94553;-73,02643;28,9;81,6;8581,3;11;0;0;0;;26874;533,8;52,6;
2022-11-22 12:21:27;-36,9455;-73,02371;30,6;81,5;8581,5;11;0;0;0;;26874;533,2;38,8;
2022-11-22 12:21:57;-36,94691;-73,02417;27,4;81,4;8581,6;0;0;0;0;;27005;534,8;6,1;
2022-11-22 12:22:27;-36,94691;-73,02417;30,9;81,3;8581,7;0;1;0;0;;26874;535,3;2,5;
2022-11-22 12:22:57;-36,94675;-73,02384;30,9;81,3;8581,7;0;1;0;0;;27005;536,3;2,5;
2022-11-22 12:23:27;-36,94675;-73,02384;30,9;81,3;8581,7;0;1;0;0;;27005;536,3;2,8;
2022-11-22 12:23:57;-36,94675;-73,02384;31,3;81,2;8581,8;10;0;0;0;;27005;535,3;4,2;
2022-11-22 12:24:27;-36,94636;-73,02275;31,7;81,2;8581,9;8;0;0;0;;26874;535,8;5,5;
2022-11-22 12:24:57;-36,94538;-73,02185;29,8;81,1;8582;4;0;0;0;;27005;535,8;2,5;
2022-11-22 12:25:27;-36,94538;-73,02185;32,2;81,1;8582;0;1;0;0;;27005;536,3;2,8;
2022-11-22 12:25:57;-36,94527;-73,02194;32,9;81,1;8582;0;1;0;0;;27005;536,3;2,8;
2022-11-22 12:26:27;-36,94527;-73,02194;32,9;81,1;8582;0;1;0;0;;27005;536,8;2,8;
2022-11-22 12:26:57;-36,94527;-73,02194;32,9;81,1;8582;0;1;0;0;;27005;536,8;2,8;
2022-11-22 12:27:27;-36,94527;-73,02194;32,9;81,1;8582;0;1;0;0;;27005;536,8;2,8;
2022-11-22 12:27:57;-36,94527;-73,02194;32,9;81,1;8582;0;1;0;0;;27005;536,8;2,8;
2022-11-22 12:28:27;-36,94527;-73,02194;32,9;81,1;8582;0;1;0;0;;27005;536,8;2,8;
2022-11-22 12:28:57;-36,94527;-73,02194;32,9;81;8582;0;1;0;0;;27005;537,3;2,8;
2022-11-22 12:29:27;-36,94528;-73,02194;36,5;81;8582;21;0;0;0;;27005;536,8;4,2;
2022-11-22 12:29:57;-36,94528;-73,02194;32,3;80,9;8582,2;12;0;0;0;;26874;535,8;3,1;
2022-11-22 12:30:27;-36,94542;-73,02031;33;80,9;8582,2;0;0;0;0;;27005;536,3;2,8;
2022-11-22 12:30:57;-36,94542;-73,02031;33;80,9;8582,2;0;1;0;0;;27005;536,8;2,8;
2022-11-22 12:31:27;-36,94542;-73,02031;33;80,8;8582,2;0;1;0;0;;27005;536,8;2,8;
2022-11-22 12:31:57;-36,94542;-73,02031;33;80,8;8582,2;0;1;0;0;;27005;537,3;2,5;
2022-11-22 12:32:27;-36,94542;-73,02031;33;80,8;8582,2;0;1;0;0;;27005;537,3;2,5;
2022-11-22 12:32:57;-36,94542;-73,02031;33;80,8;8582,2;0;1;0;0;;26874;537,3;2,5;
2022-11-22 12:33:27;-36,94542;-73,02031;33;80,8;8582,2;0;1;0;0;;27005;537,3;2,5;
2022-11-22 12:33:57;-36,94529;-73,02002;38;80,6;8582,3;46;0;0;0;;27005;535,8;-41,7;
2022-11-22 12:34:27;-36,94529;-73,02002;32,4;80,6;8582,6;20;0;0;0;;27005;533,8;49,5;
2022-11-22 12:34:57;-36,94293;-73,01923;33,4;80,4;8582,7;0;0;0;0;;26874;535,3;3,1;
2022-11-22 12:35:27;-36,94217;-73,01899;33;80,4;8582,7;0;1;0;0;;27005;536,3;2,8;
2022-11-22 12:35:57;-36,94217;-73,01899;33;80,4;8582,7;0;1;0;0;;27005;536,3;3,3;
2022-11-22 12:36:27;-36,94217;-73,01899;33;80,4;8582,7;0;1;0;0;;27005;536,8;3,3;
2022-11-22 12:36:57;-36,94217;-73,01899;33;80,4;8582,7;0;1;0;0;;27005;536,8;3,3;
2022-11-22 12:37:27;-36,94217;-73,01899;33;80,4;8582,7;0;1;0;0;;27005;536,8;3,1;
2022-11-22 12:37:57;-36,94217;-73,01899;33;80,4;8582,7;0;1;0;0;;26874;536,8;3,3;
2022-11-22 12:38:27;-36,94217;-73,01899;33;80,4;8582,7;0;1;0;0;;27005;537,3;3,1;
2022-11-22 12:38:57;-36,94217;-73,01899;33;80,4;8582,7;0;1;0;0;;27005;537,3;2,8;
2022-11-22 12:39:27;-36,94217;-73,01899;33;80,3;8582,7;0;1;0;0;;26874;537,3;2,8;
2022-11-22 12:39:57;-36,94217;-73,01899;33,5;80,3;8582,7;33;0;0;0;;27005;526,6;149,9;
2022-11-22 12:40:27;-36,94217;-73,01899;33,3;80,3;8582,8;0;0;0;0;;27005;536,8;2,8;
2022-11-22 12:40:57;-36,94193;-73,01837;32,6;80,1;8583;53;0;0;0;;26874;529,7;2,8;
2022-11-22 12:41:27;-36,94413;-73,01724;35,3;80,1;8583,1;0;0;0;0;;27005;536,3;2,8;
2022-11-22 12:41:57;-36,94413;-73,01724;37,2;79,9;8583,2;61;0;0;0;;27005;531,2;-9;
2022-11-22 12:42:27;-36,94314;-73,01441;35;79,9;8583,5;25;0;0;0;;26874;535,8;-13,6;
2022-11-22 12:42:57;-36,94211;-73,01408;35,9;79,9;8583,5;0;1;0;0;;26874;535,8;2,8;
2022-11-22 12:43:27;-36,94211;-73,01408;35,9;79,9;8583,5;0;1;0;0;;27005;536,3;2,8;
2022-11-22 12:43:57;-36,94211;-73,01408;35,9;79,8;8583,5;0;1;0;0;;27005;536,8;2,8;
2022-11-22 12:44:27;-36,94211;-73,01408;35,9;79,8;8583,5;0;1;0;0;;26874;536,8;2,8;
2022-11-22 12:44:57;-36,94211;-73,01408;35,9;79,8;8583,5;0;1;0;0;;27005;536,8;2,8;
2022-11-22 12:45:27;-36,94211;-73,01408;35,9;79,8;8583,5;0;1;0;0;;27005;536,8;2,8;
2022-11-22 12:45:57;-36,94211;-73,01408;35,9;79,8;8583,5;0;1;0;0;;27005;536,8;2,8;
2022-11-22 12:46:27;-36,94211;-73,01408;35,9;79,8;8583,5;0;1;0;0;;27005;537,3;2,5;
2022-11-22 12:46:57;-36,94211;-73,01408;35,9;79,8;8583,5;0;0;0;0;;27005;537,3;1,4;
2022-11-22 12:47:27;-36,94211;-73,01408;37,2;79,7;8583,5;40;0;0;0;;27005;531,2;35,8;
2022-11-22 12:47:57;-36,94211;-73,01408;33,1;79,5;8583,8;44;0;0;0;;26874;538,9;-68,9;
2022-11-22 12:48:27;-36,94164;-73,01046;31,8;79,4;8584,1;37;0;0;0;;26874;537,3;-43,6;
2022-11-22 12:48:57;-36,94459;-73,01278;28,1;79,2;8584,4;26;0;0;0;;27005;532,2;36,6;
2022-11-22 12:49:27;-36,94459;-73,01278;30,7;79,2;8584,5;0;0;0;0;;27005;535,8;2,8;
2022-11-22 12:49:57;-36,94517;-73,01327;30,7;79,2;8584,5;0;0;0;0;;26874;536,3;3,3;
2022-11-22 12:50:27;-36,94517;-73,01327;30,7;79,2;8584,5;0;0;0;0;;26874;536,3;2,8;
2022-11-22 12:50:57;-36,94517;-73,01327;30,7;79,2;8584,5;0;0;0;0;;26874;536,8;3,3;
2022-11-22 12:51:27;-36,94517;-73,01327;30,7;79,2;8584,5;0;0;0;0;;26874;536,8;1,7;
2022-11-22 12:51:57;-36,94517;-73,01327;30,7;79,2;8584,5;0;0;0;0;;27005;537,3;1,1;
2022-11-22 12:52:27;-36,94517;-73,01327;30,7;79,2;8584,5;0;0;0;0;;27005;537,3;1,1;
2022-11-22 12:52:57;-36,94517;-73,01327;31,5;79,1;8584,5;25;0;0;0;;27137;532,2;74,8;
2022-11-22 12:53:27;-36,94659;-73,01275;26,6;79,1;8584,7;19;0;0;0;;27005;535,3;2,8;
2022-11-22 12:53:57;-36,94659;-73,01275;28,4;78,9;8584,9;48;0;0;0;;27005;527,1;113,3;
2022-11-22 12:54:27;-36,94511;-73,0108;29,8;78,8;8585,2;44;0;0;0;;27005;536,8;-35,1;
2022-11-22 12:54:57;-36,94122;-73,01001;27,4;78,7;8585,4;42;0;0;0;;27005;525,6;144,7;
2022-11-22 12:55:27;-36,94122;-73,01001;24,1;78,6;8585,6;34;0;0;0;;27005;532,2;6,1;
2022-11-22 12:55:57;-36,93894;-73,01094;23,9;78,6;8585,8;25;0;0;0;;27005;532,7;49,8;
2022-11-22 12:56:27;-36,93639;-73,0121;21,1;78,4;8586;54;0;0;0;;27005;522,2;187,3;
2022-11-22 12:56:57;-36,93639;-73,0121;22,2;78,3;8586,3;53;0;0;0;;27005;522,2;191,2;
2022-11-22 12:57:27;-36,93213;-73,01502;20,5;78,1;8586,9;14;0;0;0;;26874;534,8;2;
2022-11-22 12:57:57;-36,92701;-73,01996;18,8;77,7;8587,3;61;0;0;0;;26874;536,3;-63,7;
2022-11-22 12:58:27;-36,92701;-73,01996;19,8;77,6;8587,8;29;0;0;0;;27005;534,8;-20,8;
2022-11-22 12:58:57;-36,92267;-73,02372;20,4;77,4;8588;44;0;0;0;;26874;522,2;172,7;
2022-11-22 12:59:27;-36,9176;-73,0271;23,1;77,2;8588,5;29;0;0;0;;26874;526,6;104;
2022-11-22 12:59:57;-36,9176;-73,0271;22,6;77,1;8588,8;27;0;0;0;;27005;534,8;-14,2;
2022-11-22 13:00:27;-36,91441;-73,02899;21,3;77;8589;12;0;0;0;;26874;533,2;42,4;
2022-11-22 13:00:57;-36,91157;-73,02925;21;77;8589,2;24;0;0;0;;27005;535,3;-12,3;
2022-11-22 13:01:27;-36,91157;-73,02925;21,2;76,9;8589,2;4;0;0;0;;26874;534,3;23,4;
2022-11-22 13:01:57;-36,91032;-73,02931;23,9;76,8;8589,5;25;0;0;0;;27005;535,3;-10,9;
2022-11-22 13:02:27;-36,9071;-73,02883;12,2;76,6;8589,7;35;0;0;0;;27005;534,8;-36,5;
2022-11-22 13:02:57;-36,9071;-73,02883;15,9;76,6;8589,8;0;1;0;0;;26874;534,8;2,8;
2022-11-22 13:03:27;-36,9071;-73,02978;15,9;76,6;8589,8;0;1;0;0;;27005;535,8;3,3;
2022-11-22 13:03:57;-36,9071;-73,02978;15,9;76,6;8589,8;0;1;0;0;;27005;535,8;3,3;
2022-11-22 13:04:27;-36,9071;-73,02978;15,9;76,6;8589,8;0;1;0;0;;27005;536,3;3,3;
2022-11-22 13:04:57;-36,9071;-73,02978;15,9;76,5;8589,8;0;1;0;0;;27005;536,3;3,3;
2022-11-22 13:05:27;-36,9071;-73,02978;15,9;76,5;8589,8;0;1;0;0;;27005;536,3;3,3;
2022-11-22 13:05:57;-36,9071;-73,02978;15,9;76,5;8589,8;0;1;0;0;;27005;536,3;3,1;
2022-11-22 13:06:27;-36,9071;-73,02978;15,9;76,5;8589,8;0;1;0;0;;27005;536,3;3,6;
2022-11-22 13:06:57;-36,9071;-73,02978;15,9;76,5;8589,8;0;1;0;0;;27005;536,8;2,8;
2022-11-22 13:07:27;-36,9071;-73,02978;15,9;76,5;8589,8;0;1;0;0;;27005;536,8;3,3;
2022-11-22 13:07:57;-36,9071;-73,02978;15,9;76,5;8589,8;0;1;0;0;;27005;536,8;3,3;
2022-11-22 13:08:27;-36,9071;-73,02978;15,9;76,5;8589,8;0;1;0;0;;27005;536,8;3,3;
2022-11-22 13:08:57;-36,9071;-73,02978;15,9;76,5;8589,8;0;1;0;0;;27005;536,8;3,3;
2022-11-22 13:09:27;-36,9071;-73,02978;15,9;76,4;8589,8;0;1;0;0;;27005;536,8;3,3;
2022-11-22 13:09:57;-36,9071;-73,02978;15,9;76,4;8589,8;0;1;0;0;;27005;536,8;3,3;
2022-11-22 13:10:27;-36,9071;-73,02978;15,9;76,4;8589,8;0;1;0;0;;27005;536,8;3,3;
2022-11-22 13:10:57;-36,9071;-73,02978;15,9;76,4;8589,8;0;0;0;0;;27005;537,3;1,7;
2022-11-22 13:11:27;-36,9071;-73,02978;15,9;76,4;8589,8;0;0;0;0;;27005;537,3;1,1;
2022-11-22 13:11:57;-36,9071;-73,02978;15,9;76,4;8589,8;0;0;0;0;;27137;537,3;1,1;
2022-11-22 13:12:27;-36,9071;-73,02978;15,9;76,4;8589,8;0;0;0;0;;27137;537,3;1,1;
2022-11-22 13:12:57;-36,9071;-73,02978;15,9;76,4;8589,8;0;0;0;0;;27137;537,3;1,1;
2022-11-22 13:13:27;-36,9071;-73,02978;15,9;76,4;8589,8;0;0;0;0;;27137;537,3;1,1;
2022-11-22 13:13:57;-36,9071;-73,02978;15,9;76,4;8589,8;0;0;0;0;;27137;537,3;1,1;
2022-11-22 13:14:27;-36,9071;-73,02978;15,9;76,4;8589,8;0;0;0;0;;27137;537,3;1,1;
2022-11-22 13:14:57;-36,9071;-73,02978;16,6;76,3;8589,9;32;0;0;0;;27005;529,7;104;
2022-11-22 13:15:27;-36,90825;-73,02963;13,3;76,3;8590,1;0;0;0;0;;27005;536,8;3,3;
2022-11-22 13:15:57;-36,91011;-73,02944;15;76,2;8590,2;32;0;0;0;;27005;537,3;-30,7;
2022-11-22 13:16:27;-36,91011;-73,02944;14,8;76,1;8590,4;24;0;0;0;;27005;531,7;75,9;
2022-11-22 13:16:57;-36,9129;-73,02934;16,6;76,1;8590,6;34;0;0;0;;27005;534,8;16;
2022-11-22 13:17:27;-36,9166;-73,02781;18,6;76;8591;13;0;0;0;;27005;536,3;1,4;
2022-11-22 13:17:57;-36,9166;-73,02781;16,8;75,9;8591,1;38;0;0;0;;27005;534,8;19,6;
2022-11-22 13:18:27;-36,91928;-73,02602;18,6;75,8;8591,5;28;0;0;0;;27005;532,2;47,3;
2022-11-22 13:18:57;-36,92269;-73,02371;20,3;75,8;8591,7;16;0;0;0;;27005;531,2;95,5;
2022-11-22 13:19:27;-36,92269;-73,02371;20,7;75,7;8592;21;0;0;0;;27005;536,3;-8,4;
2022-11-22 13:19:57;-36,92564;-73,02128;24,3;75,5;8592,3;44;0;0;0;;27005;529,7;74,8;
2022-11-22 13:20:27;-36,92938;-73,01766;28,6;75,5;8592,6;26;0;0;0;;27005;530,7;96;
2022-11-22 13:20:57;-36,92938;-73,01766;32,8;75,3;8593;40;0;0;0;;27005;531,7;47,1;
2022-11-22 13:21:27;-36,93305;-73,01409;31,4;75,2;8593,3;43;0;0;0;;27005;534,3;-48;
2022-11-22 13:21:57;-36,93672;-73,01199;33,7;75,2;8593,6;23;0;0;0;;26874;529,2;121,9;
2022-11-22 13:22:27;-36,93672;-73,01199;31,8;75,1;8593,9;5;0;0;0;;27005;535,3;2,8;
2022-11-22 13:22:57;-36,93962;-73,01061;35,8;74,9;8594,1;26;0;0;0;;27005;534,3;10,5;
2022-11-22 13:23:27;-36,94273;-73,01005;36,5;74,9;8594,3;26;0;0;0;;27005;535,8;-15,8;
2022-11-22 13:23:57;-36,94273;-73,01005;38,3;74,8;8594,4;1;0;0;0;;27005;534,8;9,7;
2022-11-22 13:24:27;-36,94458;-73,01062;37,4;74,8;8594,5;9;0;0;0;;26874;535,3;2,5;
2022-11-22 13:24:57;-36,94619;-73,01119;35,2;74,7;8594,6;10;0;0;0;;27005;534,3;21,8;
2022-11-22 13:25:27;-36,94619;-73,01119;33,3;74,6;8594,9;22;0;0;0;;27005;536,3;-10,9;
2022-11-22 13:25:57;-36,94379;-73,01069;30,6;74,5;8595,1;30;0;0;0;;26874;532,7;33,9;
2022-11-22 13:26:27;-36,94512;-73,01413;30,3;74,4;8595,4;36;0;0;0;;27005;536,8;-40;
2022-11-22 13:26:57;-36,94512;-73,01413;25,5;74,3;8595,5;20;0;0;0;;27005;533,2;26,7;
2022-11-22 13:27:27;-36,9461;-73,01663;27,1;74,2;8595,7;43;0;0;0;;27005;525,6;92,2;
2022-11-22 13:27:57;-36,94778;-73,02097;24,8;74,1;8596;33;0;0;0;;27005;529,7;167,2;
2022-11-22 13:28:27;-36,94778;-73,02097;28,4;74;8596,1;39;0;0;0;;27005;531,2;38,5;
2022-11-22 13:28:57;-36,94885;-73,02395;17,7;74;8596,4;6;0;0;0;;27005;535,3;12,4;
2022-11-22 13:30:24;-36,94944;-73,025;29,2;74;8596,4;0;1;0;0;;27005;535,8;2,5;
2022-11-22 13:30:30;-36,94944;-73,025;29,2;74;8596,4;0;1;0;0;;27005;536,3;2,5;
2022-11-22 13:30:33;-36,94944;-73,025;29,2;74;8596,4;0;1;0;0;;27005;536,3;2,2;
2022-11-22 13:30:57;-36,94944;-73,025;29,2;74;8596,4;0;1;0;0;;27005;536,3;2,2;
2022-11-22 13:39:15;-36,94944;-73,025;16,8;74;8596,4;0;1;0;0;;27005;536,8;2,2;
2022-11-22 13:39:48;-36,94944;-73,025;17,5;74;8596,4;0;1;0;0;;27005;536,8;2,5;
2022-11-22 13:39:51;-36,94944;-73,025;17,5;74;8596,4;0;1;0;0;;27005;536,8;2,5;
2022-11-22 13:39:54;-36,94944;-73,025;17,5;74;8596,4;0;1;0;0;;27005;536,8;2,5;
2022-11-22 13:39:54;-36,94944;-73,025;17,5;74;8596,4;0;1;0;0;;27005;536,8;2,2;
2022-11-22 13:39:54;-36,94944;-73,025;17,5;74;8596,4;0;1;0;0;;27005;536,8;2,2;
2022-11-22 13:39:57;-36,94944;-73,025;17,5;74;8596,4;0;1;0;0;;27005;536,8;2,5;
2022-11-22 13:40:00;-36,94944;-73,025;17,5;74;8596,4;0;1;0;0;;27005;537,3;2,5;
2022-11-22 13:40:00;-36,94944;-73,025;17,5;74;8596,4;0;1;0;0;;27005;537,3;2,2;
2022-11-22 13:40:03;-36,94944;-73,025;17,5;74;8596,4;0;1;0;0;;27005;537,3;2,2;
2022-11-22 13:40:03;-36,94944;-73,025;17,5;74;8596,4;0;1;0;0;;27005;537,3;2,2;
2022-11-22 13:40:06;-36,94944;-73,025;17,5;74;8596,4;0;1;0;0;;27005;537,3;2,2;
2022-11-22 13:40:06;-36,94944;-73,025;17,5;73,8;8596,4;10;0;0;0;;27005;536,8;5;
2022-11-22 13:40:06;-36,94944;-73,02535;17,5;73,8;8596,5;20;0;0;0;;27005;534,3;47,9;
2022-11-22 13:40:09;-36,95149;-73,02381;17,5;73,6;8596,8;20;0;0;0;;27005;535,8;0,9;
2022-11-22 13:40:12;-36,95149;-73,02381;17,5;73,6;8597;14;0;0;0;;27005;535,8;1,7;
2022-11-22 13:40:12;-36,9523;-73,02199;17,5;73,5;8597;0;0;0;0;;27005;536,3;2,8;
2022-11-22 13:40:15;-36,95231;-73,02197;17,5;73,5;8597;0;0;0;0;;27005;536,8;2,5;
2022-11-22 13:40:27;-36,95231;-73,02197;20,6;73,5;8597;3;0;0;0;;27005;536,8;3,1;
2022-11-22 13:40:57;-36,95239;-73,02202;20;73,5;8597;1;0;0;0;;27005;536,8;4,7;
2022-11-22 13:49:39;-36,95239;-73,02202;20;73,6;8597;0;1;0;0;;25964;537,9;3,1;
2022-11-22 13:50:09;-36,95239;-73,02202;20;73,6;8597;0;1;0;0;;25964;537,9;2,8;
2022-11-22 13:50:39;-36,95239;-73,02202;20;73,5;8597;0;1;0;0;;27005;537,9;2,8;
2022-11-22 13:51:09;-36,95239;-73,02202;20;73,5;8597;0;1;0;0;;27005;537,9;2,5;
2022-11-22 13:51:39;-36,95239;-73,02202;20;73,5;8597;0;1;0;0;;27005;537,3;2,8;
2022-11-22 13:52:09;-36,95239;-73,02202;20;73,5;8597;0;1;0;0;;27005;537,3;2,5;
2022-11-22 13:52:39;-36,95239;-73,02202;20;73,5;8597;0;1;0;0;;27005;537,9;2,5;
2022-11-22 13:53:09;-36,95239;-73,02202;20;73,5;8597;0;1;0;0;;27005;537,3;2,5;
2022-11-22 13:53:39;-36,95239;-73,02202;20;73,5;8597;0;1;0;0;;27005;537,9;2,5;
2022-11-22 13:54:09;-36,95239;-73,02202;20;73,5;8597;0;1;0;0;;27005;537,3;2,5;
2022-11-22 13:54:39;-36,95239;-73,02202;20;73,5;8597;0;1;0;0;;27005;537,9;2,5;
2022-11-22 13:55:09;-36,95239;-73,02202;20;73,5;8597;0;1;0;0;;27005;537,3;2,5;
2022-11-22 13:55:39;-36,95239;-73,02202;20;73,5;8597;0;1;0;0;;27005;537,3;2,5;
2022-11-22 13:56:09;-36,95239;-73,02202;20;73,4;8597;0;1;0;0;;27005;537,9;2,5;
2022-11-22 13:56:39;-36,95239;-73,02202;20;73,4;8597;0;0;0;0;;27005;537,3;2,5;
2022-11-22 13:57:09;-36,95239;-73,02202;18,2;73,4;8597;16;0;0;0;;27005;536,3;16,8;
2022-11-22 13:57:39;-36,95239;-73,02202;11,4;73,3;8597,2;27;0;0;0;;27005;537,3;-21,6;
2022-11-22 13:58:09;-36,95155;-73,02371;21,4;73,1;8597,5;49;0;0;0;;27005;531,7;23,7;
2022-11-22 13:58:39;-36,94934;-73,01963;27,1;73;8597,8;25;0;0;0;;26874;535,8;-15,3;
2022-11-22 13:59:09;-36,94934;-73,01963;27,7;72,9;8597,9;17;0;0;0;;27005;534,8;-2,4;
2022-11-22 13:59:39;-36,94824;-73,0167;28,3;72,7;8598,2;57;0;0;0;;27005;522,2;178,2;
2022-11-22 14:00:09;-36,94525;-73,01656;27,7;72,6;8598,5;17;0;0;0;;27005;533,2;0,9;
2022-11-22 14:00:39;-36,94525;-73,01656;26,3;72,4;8598,7;42;0;0;0;;27005;534,8;-36,5;
2022-11-22 14:01:09;-36,9417;-73,01809;26;72,3;8598,9;60;0;0;0;;27005;523,3;147,7;
2022-11-22 14:01:39;-36,93782;-73,01979;26,4;72,2;8599,3;37;0;0;0;;27005;536,8;-46,1;
2022-11-22 14:02:09;-36,93782;-73,01979;25,1;72,2;8599,6;29;0;0;0;;27005;535,3;-15;
2022-11-22 14:02:39;-36,93441;-73,02125;22,2;71,9;8600;65;0;0;0;;27005;529,2;6,4;
2022-11-22 14:03:09;-36,92965;-73,02335;22,1;72;8600,2;0;0;0;0;;27005;535,3;2,5;
2022-11-22 14:03:39;-36,92965;-73,02335;22,9;72;8600,2;14;0;0;0;;27005;533,8;42,1;
2022-11-22 14:04:09;-36,92886;-73,02366;20,1;71,8;8600,6;35;0;0;0;;27005;536,3;-35,6;
2022-11-22 14:04:39;-36,92562;-73,025;16,2;71,7;8600,8;50;0;0;0;;27005;534,8;-46,4;
2022-11-22 14:05:09;-36,92562;-73,025;13;71,6;8601,2;53;0;0;0;;27005;534,8;51,2;
2022-11-22 14:05:39;-36,92029;-73,02706;12,6;71,6;8601,5;17;0;0;0;;27005;530,7;88,9;
2022-11-22 14:06:09;-36,91641;-73,02844;10;71,4;8601,9;54;0;0;0;;27005;536,3;-59;
2022-11-22 14:06:39;-36,91641;-73,02844;10;71;8602,4;82;0;0;0;;27005;520,7;164,8;
2022-11-22 14:07:09;-36,90921;-73,0317;13;70,7;8603,1;83;0;0;0;;27005;520,7;173,6;
2022-11-22 14:07:39;-36,89962;-73,03209;12,1;70,4;8603,8;71;0;0;0;;27005;536,8;-126,9;
2022-11-22 14:08:09;-36,89962;-73,03209;16,7;70,4;8604,3;49;0;0;0;;27005;531,7;14,3;
2022-11-22 14:08:39;-36,8942;-73,03553;14,3;70,2;8604,7;70;0;0;0;;27005;520,2;179,3;
2022-11-22 14:09:09;-36,88672;-73,03823;10,9;69,6;8605,4;89;0;0;0;;27005;522,2;111,4;
2022-11-22 14:09:39;-36,88672;-73,03823;12;69,2;8606,2;89;0;0;0;;27005;521,2;112;
2022-11-22 14:10:09;-36,87681;-73,04003;12,3;68,8;8606,9;90;0;0;0;;27005;522,2;100,4;
2022-11-22 14:10:39;-36,86753;-73,04395;13,6;68,6;8607,6;59;0;0;0;;27005;533,8;-67,3;
2022-11-22 14:11:09;-36,86753;-73,04395;10,8;68,4;8608,2;70;0;0;0;;27005;526,1;40,2;
2022-11-22 14:11:39;-36,86123;-73,04848;10,2;68,2;8608,7;68;0;0;0;;27005;521,2;133,4;
2022-11-22 14:12:09;-36,85512;-73,05122;7,6;68,1;8609,1;36;0;0;0;;27005;533,8;-41,7;
2022-11-22 14:12:39;-36,85512;-73,05122;6,7;68;8609,5;45;0;0;0;;27005;530,7;-13,9;
2022-11-22 14:13:09;-36,85059;-73,05309;10,5;67,9;8609,9;43;0;0;0;;27005;529,2;25,9;
2022-11-22 14:13:39;-36,84616;-73,05613;9,5;67,8;8610,2;42;0;0;0;;27005;533,8;-31,2;
2022-11-22 14:14:09;-36,84616;-73,05613;7,9;67,8;8610,5;35;0;0;0;;27005;533,2;-23,8;
2022-11-22 14:14:39;-36,84224;-73,05795;7,4;67,7;8610,8;43;0;0;0;;27005;528,6;89,1;
2022-11-22 14:15:09;-36,83814;-73,06103;7,9;67,3;8611,3;79;0;0;0;;27005;520,7;142,2;
2022-11-22 14:15:39;-36,83814;-73,06103;10,3;67,1;8611,9;69;0;0;0;;27005;525,6;-15,3;
2022-11-22 14:16:09;-36,83099;-73,06651;7,3;67,1;8612,2;20;0;0;0;;27005;532,2;-5,4;
2022-11-22 14:16:39;-36,82846;-73,06724;5,3;67;8612,4;14;0;0;0;;27005;528,6;60;
2022-11-22 14:17:09;-36,82846;-73,06724;0,6;66,9;8612,7;29;0;0;0;;26874;532,7;-15,3;
2022-11-22 14:17:39;-36,82616;-73,06833;-1,6;66,8;8612,9;0;0;0;0;;27005;532,2;3,3;
2022-11-22 14:18:09;-36,82512;-73,06996;1,5;66,8;8612,9;0;1;0;0;;27005;532,7;2,5;
2022-11-22 14:18:39;-36,82512;-73,06996;1,5;66,8;8612,9;0;1;0;0;;27005;532,7;2,5;
2022-11-22 14:19:09;-36,82512;-73,06996;3;66,7;8613;30;0;0;0;;27005;534,3;-26;
2022-11-22 14:19:39;-36,82415;-73,07087;-3,2;66,6;8613,1;32;0;0;0;;27005;529,7;41,3;
2022-11-22 14:20:09;-36,82415;-73,07087;-8,3;66,6;8613,4;30;0;0;0;;27005;530,2;31,7;
2022-11-22 14:20:39;-36,82276;-73,06767;-0,6;66,5;8613,5;28;0;0;0;;27005;533,2;-13,6;
2022-11-22 14:21:09;-36,82006;-73,067;-3;66,5;8613,8;25;0;0;0;;27005;531,2;38,3;
2022-11-22 14:21:39;-36,82006;-73,067;-1,2;66,3;8614;33;0;0;0;;27005;529,2;49;
2022-11-22 14:22:09;-36,81836;-73,06888;0,7;66,2;8614,2;31;0;0;0;;27005;533,8;-29;
2022-11-22 14:22:39;-36,81608;-73,07106;3,3;66,1;8614,5;40;0;0;0;;27005;529,7;21,5;
2022-11-22 14:23:09;-36,81608;-73,07106;11,4;66;8614,6;20;0;0;0;;27005;531,7;3,3;
2022-11-22 14:23:39;-36,81531;-73,06909;13,3;65,9;8614,8;7;0;0;0;;26874;532,2;3,6;
2022-11-22 14:24:09;-36,8162;-73,06792;14,3;65,9;8614,8;0;0;0;0;;27005;532,7;2,5;
2022-11-22 14:24:39;-36,8162;-73,06792;14,3;65,9;8614,8;0;0;0;0;;27005;532,7;3,1;
2022-11-22 14:25:09;-36,8162;-73,06792;17,1;65,8;8614,8;30;0;0;0;;27005;531,2;12,1;
2022-11-22 14:25:39;-36,81762;-73,06934;7,3;65,8;8615;34;0;0;0;;27005;527,1;99,9;
2022-11-22 14:26:09;-36,81762;-73,06934;7,2;65,7;8615,2;14;0;0;0;;27005;530,7;38,3;
2022-11-22 14:26:39;-36,81651;-73,07159;2,8;65,6;8615,4;37;0;0;0;;27005;527,6;65,2;
2022-11-22 14:27:09;-36,8182;-73,07035;11,7;65,6;8615,6;8;0;0;0;;27137;532,7;1,4;
2022-11-22 14:27:39;-36,8182;-73,07035;16,7;65,6;8615,6;0;0;0;0;;27137;533,2;1,1;
2022-11-22 14:28:09;-36,81832;-73,07004;16,7;65,6;8615,6;0;0;0;0;;27137;533,2;0,9;
2022-11-22 14:28:39;-36,81832;-73,07004;16,7;65,6;8615,6;0;0;0;0;;27137;533,8;1,1;
2022-11-22 14:29:09;-36,81832;-73,07004;16,7;65,6;8615,6;0;0;0;0;;27137;533,8;1,1;
2022-11-22 14:29:39;-36,81832;-73,07004;16,7;65,6;8615,6;0;0;0;0;;27137;533,8;1,1;
2022-11-22 14:30:09;-36,81832;-73,07004;16,7;65,6;8615,6;0;0;0;0;;27137;533,8;1,1;
2022-11-22 14:30:39;-36,81832;-73,07004;16,7;65,6;8615,6;0;0;0;0;;27137;534,3;1,1;
2022-11-22 14:31:09;-36,81832;-73,07004;16,7;65,6;8615,6;0;0;0;0;;27137;534,3;1,1;
2022-11-22 14:31:39;-36,81832;-73,07004;16,7;65,6;8615,6;0;0;0;0;;27137;534,3;1,1;
2022-11-22 14:32:09;-36,81832;-73,07004;16,7;65,6;8615,6;0;0;0;0;;27137;534,3;1,1;
2022-11-22 14:32:39;-36,81832;-73,07004;16,7;65,6;8615,6;0;0;0;0;;27137;534,3;1,1;
2022-11-22 14:33:09;-36,81832;-73,07004;16,7;65,6;8615,6;0;0;0;0;;27137;534,3;1,1;
2022-11-22 14:33:39;-36,81832;-73,07004;16,7;65,6;8615,6;0;0;0;0;;27137;534,3;1,1;
2022-11-22 14:34:09;-36,81832;-73,07004;16,7;65,6;8615,6;0;0;0;0;;27137;534,8;1,1;
2022-11-22 14:34:39;-36,81832;-73,07004;16,7;65,6;8615,6;0;0;0;0;;27137;534,8;1,1;
2022-11-22 14:35:09;-36,81832;-73,07004;16,7;65,6;8615,6;0;0;0;0;;27137;534,8;1,1;
2022-11-22 14:35:39;-36,81832;-73,07004;16,7;65,6;8615,6;0;0;0;0;;27137;534,8;1,1;
2022-11-22 14:36:09;-36,81832;-73,07004;16,7;65,6;8615,6;0;0;0;0;;27137;534,8;1,1;
2022-11-22 14:36:39;-36,81832;-73,07004;16,7;65,6;8615,6;0;0;0;0;;27137;534,8;1,1;
2022-11-22 14:37:09;-36,81832;-73,07004;16,7;65,6;8615,6;0;0;0;0;;27137;534,8;1,1;
2022-11-22 14:37:39;-36,81832;-73,07004;16,7;65,6;8615,6;0;0;0;0;;27137;534,8;1,1;
2022-11-22 14:38:09;-36,81832;-73,07004;16,7;65,6;8615,6;0;0;0;0;;27137;534,8;1,1;
2022-11-22 14:38:39;-36,81832;-73,07004;16,7;65,6;8615,6;0;0;0;0;;27137;534,8;1,1;
2022-11-22 14:39:09;-36,81832;-73,07004;16,7;65,6;8615,6;0;0;0;0;;27137;534,8;1,1;
2022-11-22 14:39:39;-36,81832;-73,07004;16,7;65,6;8615,6;0;0;0;0;;27137;535,3;1,1;
2022-11-22 14:40:09;-36,81832;-73,07004;16,7;65,6;8615,6;0;0;0;0;;27137;535,3;1,1;
2022-11-22 14:40:39;-36,81832;-73,07004;16,7;65,5;8615,6;5;0;0;0;;27137;534,8;7,2;
2022-11-22 14:41:09;-36,81832;-73,07004;11,5;65,4;8615,8;26;0;0;0;;27137;532,7;33,3;
2022-11-22 14:41:39;-36,81874;-73,06744;6,8;65,3;8616,1;48;0;0;0;;27005;530,7;36,3;
2022-11-22 14:42:09;-36,82261;-73,06755;0,1;65,3;8616,3;37;0;0;0;;27005;526,6;125,7;
2022-11-22 14:42:39;-36,82261;-73,06755;-0,8;65,2;8616,5;12;0;0;0;;27005;533,2;2,8;
2022-11-22 14:43:09;-36,82376;-73,0699;-5,2;65,1;8616,8;41;0;0;0;;27005;531,2;-4;
2022-11-22 14:43:39;-36,82548;-73,07297;-3;65;8616,9;26;0;0;0;;27005;526,6;108,4;
2022-11-22 14:44:09;-36,82548;-73,07297;2,5;64,5;8617,5;78;0;0;0;;27005;524,5;82;
2022-11-22 14:44:39;-36,81969;-73,07769;3,8;64,1;8618,2;85;0;0;0;;27005;532,2;-104,4;
2022-11-22 14:45:09;-36,81223;-73,08494;3,9;63,7;8618,9;89;0;0;0;;27005;519,2;137,5;
2022-11-22 14:45:39;-36,81223;-73,08494;0,6;63,3;8619,7;89;0;0;0;;27005;520,2;122,7;
2022-11-22 14:46:09;-36,80685;-73,09548;-0,3;62,8;8620,4;87;0;0;0;;27005;528,6;-99,2;
2022-11-22 14:46:39;-36,8023;-73,10483;-0,5;62,9;8620,9;32;0;0;0;;27005;525,1;94,6;
2022-11-22 14:47:09;-36,8023;-73,10483;1,2;62,4;8621,5;78;0;0;0;;27005;525,1;39,6;
2022-11-22 14:47:39;-36,80003;-73,11284;-0,5;62,2;8622,1;70;0;0;0;;27005;522,8;105,9;
2022-11-22 14:48:09;-36,79375;-73,11849;-1,6;61,8;8622,8;88;0;0;0;;27005;520,7;128,5;
2022-11-22 14:48:39;-36,79375;-73,11849;-3,8;61,4;8623,5;90;0;0;0;;27005;522,2;92,2;
2022-11-22 14:49:09;-36,78371;-73,11798;-0,9;61,1;8624,2;76;0;0;0;;27005;532,7;-91,7;
2022-11-22 14:49:39;-36,77598;-73,11507;2,3;61,1;8624,7;42;0;0;0;;26874;531,2;-38,1;
2022-11-22 14:50:09;-36,77598;-73,11507;4,9;61,1;8624,8;0;0;0;0;;27005;530,2;2,5;
2022-11-22 14:50:39;-36,77632;-73,11337;4,3;60,7;8625,1;79;0;0;0;;27005;518,7;174,7;
2022-11-22 14:51:09;-36,77832;-73,105;5,3;60,7;8625,6;43;0;0;0;;27005;529,7;13;
2022-11-22 14:51:39;-36,77832;-73,105;10,2;60,6;8626,1;36;0;0;0;;27005;532,7;-46,4;
2022-11-22 14:52:09;-36,77979;-73,09879;11;60,6;8626,1;0;0;0;0;;26874;530,2;2,8;
2022-11-22 14:52:39;-36,77933;-73,09874;7,6;60,5;8626,2;32;0;0;0;;27005;530,2;-20,2;
2022-11-22 14:53:09;-36,77933;-73,09874;6,3;60,3;8626,4;58;0;0;0;;27005;518,1;181,5;
2022-11-22 14:53:39;-36,7789;-73,10213;3,9;60,3;8626,7;0;0;0;0;;27005;530,7;2,2;
2022-11-22 14:54:09;-36,7781;-73,10467;-1,1;60,3;8626,8;0;0;0;0;;27005;530,7;2,2;
2022-11-22 14:54:39;-36,7781;-73,10467;-0,5;60,2;8626,8;7;0;0;0;;27005;530,2;9,7;
2022-11-22 14:55:09;-36,77777;-73,10459;-1,6;60,2;8626,9;7;0;0;0;;27005;530,7;8,6;
2022-11-22 14:55:39;-36,77748;-73,10418;2,3;60,2;8626,9;0;0;0;0;;27005;531,2;1,4;
2022-11-22 14:56:09;-36,77748;-73,10418;2,3;60,2;8626,9;0;0;0;0;;27005;531,2;0,6;
2022-11-22 14:56:39;-36,77748;-73,10418;2,3;60,2;8626,9;0;0;0;0;;27137;531,2;0,6;
2022-11-22 14:57:09;-36,77748;-73,10418;2,3;60,2;8626,9;0;0;0;0;;27137;531,2;0,6;
2022-11-22 14:57:39;-36,77748;-73,10418;2,3;60,2;8626,9;0;0;0;0;;27137;531,7;0,9;
2022-11-22 14:58:09;-36,77748;-73,10418;2,3;60,2;8626,9;0;0;0;0;;27137;531,7;0,9;
2022-11-22 14:58:39;-36,77748;-73,10418;2,3;60,2;8626,9;0;0;0;0;;27137;531,7;0,9;
2022-11-22 14:59:09;-36,77748;-73,10418;2,3;60,2;8626,9;0;0;0;0;;27137;531,7;0,6;
2022-11-22 14:59:39;-36,77748;-73,10418;2,3;60,2;8626,9;0;0;0;0;;27137;531,7;0,9;
2022-11-22 15:00:09;-36,77748;-73,10418;2,3;60,2;8626,9;0;0;0;0;;27137;531,7;0,9;
2022-11-22 15:00:39;-36,77748;-73,10418;2,3;60,2;8626,9;0;0;0;0;;27137;531,7;0,6;
2022-11-22 15:01:09;-36,77748;-73,10418;2,3;60,2;8626,9;0;0;0;0;;27137;531,7;0,6;
2022-11-22 15:01:39;-36,77748;-73,10418;2,3;60,2;8626,9;0;0;0;0;;27137;531,7;0,6;
2022-11-22 15:02:09;-36,77748;-73,10418;2,3;60,2;8626,9;0;0;0;0;;27137;531,7;0,6;
2022-11-22 15:02:39;-36,77748;-73,10418;2,3;60,2;8626,9;0;0;0;0;;27137;531,7;0,6;
2022-11-22 15:03:09;-36,77748;-73,10418;2,3;60,2;8626,9;0;0;0;0;;27137;531,7;0,6;
2022-11-22 15:03:39;-36,77748;-73,10418;2,3;60,2;8626,9;0;0;0;0;;27137;532,2;0,6;
2022-11-22 15:04:09;-36,77748;-73,10418;2,3;60,2;8626,9;0;0;0;0;;27137;532,2;0,6;
2022-11-22 15:04:39;-36,77748;-73,10418;2,3;60,2;8626,9;0;0;0;0;;27137;532,2;0,9;
2022-11-22 15:05:09;-36,77748;-73,10418;2,3;60,2;8626,9;0;0;0;0;;27137;532,2;0,9;
2022-11-22 15:05:39;-36,77748;-73,10418;2,3;60,2;8626,9;0;0;0;0;;27137;532,2;0,9;
2022-11-22 15:06:09;-36,77748;-73,10418;2,3;60,2;8626,9;0;0;0;0;;27137;532,2;0,6;
2022-11-22 15:06:39;-36,77748;-73,10418;2,3;60,2;8626,9;0;0;0;0;;27137;532,2;0,6;
2022-11-22 15:07:09;-36,77748;-73,10418;2,3;60,2;8626,9;0;0;0;0;;27137;532,2;0,9;
2022-11-22 15:07:39;-36,77748;-73,10418;2,3;60,2;8626,9;0;0;0;0;;27137;532,2;0,6;
2022-11-22 15:08:09;-36,77748;-73,10418;2,3;60,2;8626,9;0;0;0;0;;27137;532,2;0,6;
2022-11-22 15:08:39;-36,77748;-73,10418;2,3;60,2;8626,9;0;0;0;0;;27137;532,2;0,6;
2022-11-22 15:09:09;-36,77748;-73,10418;2,3;60,2;8626,9;0;0;0;0;;27137;532,2;0,9;
2022-11-22 15:09:39;-36,77748;-73,10418;2,3;60,2;8626,9;0;0;0;0;;27137;532,2;0,9;
2022-11-22 15:10:09;-36,77748;-73,10418;2,3;60,2;8626,9;0;0;0;0;;27137;532,2;0,6;
2022-11-22 15:10:39;-36,77748;-73,10418;2,3;60,2;8626,9;0;0;0;0;;27137;532,2;0,6;
2022-11-22 15:11:09;-36,77748;-73,10418;2,3;60,2;8626,9;0;0;0;0;;27137;532,2;0,9;
2022-11-22 15:11:39;-36,77748;-73,10418;2,3;60,2;8626,9;0;0;0;0;;27137;532,2;0,6;
2022-11-22 15:12:09;-36,77748;-73,10418;2,3;60,2;8626,9;0;0;0;0;;27137;532,2;0,6;
2022-11-22 15:12:39;-36,77748;-73,10418;2,3;60,2;8626,9;0;0;0;0;;27137;532,2;0,9;
2022-11-22 15:13:09;-36,77748;-73,10418;2,3;60,2;8626,9;0;0;0;0;;27137;532,2;0,6;
2022-11-22 15:13:39;-36,77748;-73,10418;2,3;60,2;8626,9;0;0;0;0;;27137;532,2;0,9;
2022-11-22 15:14:09;-36,77748;-73,10418;2,3;60,2;8626,9;0;0;0;0;;27137;532,2;0,9;
2022-11-22 15:14:39;-36,77748;-73,10418;2,3;60,2;8626,9;0;0;0;0;;27137;532,2;0,6;
2022-11-22 15:15:09;-36,77748;-73,10418;2,3;60,2;8626,9;0;0;0;0;;27137;532,2;0,6;
2022-11-22 15:15:39;-36,77748;-73,10418;2,3;60,2;8626,9;0;0;0;0;;27137;532,2;0,6;
2022-11-22 15:16:09;-36,77748;-73,10418;2,3;60,2;8626,9;0;0;0;0;;27137;532,2;0,9;
2022-11-22 15:16:39;-36,77748;-73,10418;2,3;60,2;8626,9;0;0;0;0;;27137;532,2;0,6;
2022-11-22 15:17:09;-36,77748;-73,10418;2,3;60,2;8626,9;0;0;0;0;;27137;532,2;0,6;
2022-11-22 15:17:39;-36,77748;-73,10418;2,3;60,2;8626,9;0;0;0;0;;27137;532,2;0,9;
2022-11-22 15:18:09;-36,77748;-73,10418;2,3;60,2;8626,9;0;0;0;0;;27137;532,2;0,9;
2022-11-22 15:18:39;-36,77748;-73,10418;2,3;60,2;8626,9;0;0;0;0;;27137;532,2;0,6;
2022-11-22 15:19:09;-36,77748;-73,10418;2,3;60,2;8626,9;0;0;0;0;;27137;532,2;0,6;
2022-11-22 15:19:39;-36,77748;-73,10418;2,3;60,2;8626,9;0;0;0;0;;27137;532,2;0,6;
2022-11-22 15:20:09;-36,77748;-73,10418;2,3;60,2;8626,9;0;0;0;0;;27137;532,2;0,6;
2022-11-22 15:20:39;-36,77748;-73,10418;2,3;60,2;8626,9;0;0;0;0;;27137;532,2;0,6;
2022-11-22 15:21:09;-36,77748;-73,10418;2,3;60,2;8626,9;0;0;0;0;;27137;532,2;0,6;
2022-11-22 15:21:39;-36,77748;-73,10418;2,3;60,2;8626,9;0;0;0;0;;27137;532,2;0,6;
2022-11-22 15:22:09;-36,77748;-73,10418;2,3;60,2;8626,9;0;0;0;0;;27137;532,2;1,1;
2022-11-22 15:22:39;-36,77748;-73,10418;2,3;60,2;8626,9;0;0;0;0;;27137;532,2;1,1;
2022-11-22 15:23:09;-36,77748;-73,10418;2,3;60,1;8626,9;4;0;0;0;;27137;532,2;0,9;
2022-11-22 15:23:39;-36,77748;-73,10418;2,3;60,1;8626,9;2;0;0;0;;27137;532,2;0,6;
2022-11-22 15:24:09;-36,77748;-73,10418;2,3;60,1;8626,9;0;0;0;0;;27137;532,2;1,1;
2022-11-22 15:26:36;-36,77761;-73,10426;6,4;60,1;8626,9;0;0;0;0;;25832;532,7;2,8;
2022-11-22 15:27:06;-36,77761;-73,10426;3,1;60;8627;11;0;0;0;;27137;531,2;19;
2022-11-22 15:27:36;-36,77751;-73,10447;1,9;60;8627;0;0;0;0;;27137;532,2;0,9;
2022-11-22 15:28:06;-36,77758;-73,10449;1,9;60;8627;0;0;0;0;;27137;532,2;1,1;
2022-11-22 15:28:36;-36,77758;-73,10449;1,9;60;8627;0;0;0;0;;27137;532,2;0,9;
2022-11-22 15:29:06;-36,77758;-73,10449;1,9;60;8627;0;0;0;0;;27137;532,2;0,9;
2022-11-22 15:29:36;-36,77758;-73,10449;1,9;60;8627;0;0;0;0;;27137;532,2;1,1;
2022-11-22 15:30:06;-36,77758;-73,10449;1,9;60;8627;0;0;0;0;;27137;532,2;0,9;
2022-11-22 15:30:36;-36,77758;-73,10449;1,9;60;8627;0;0;0;0;;27137;532,2;0,9;
2022-11-22 15:31:06;-36,77769;-73,10455;4,6;60;8627,1;5;0;0;0;;27137;531,7;14,1;
2022-11-22 15:31:36;-36,77769;-73,10455;5,6;60;8627,1;0;0;0;0;;27137;532,2;0,9;
2022-11-22 15:32:06;-36,77792;-73,10469;5,6;60;8627,1;0;0;0;0;;27137;532,2;0,9;
2022-11-22 15:32:36;-36,77792;-73,10469;5,6;60;8627,1;0;0;0;0;;27137;532,2;1,4;
2022-11-22 15:33:06;-36,77792;-73,10469;7,1;60;8627,1;0;0;0;0;;27137;532,2;1,4;
2022-11-22 15:33:36;-36,77805;-73,10473;6,9;60;8627,1;14;0;0;0;;27137;532,2;0;
2022-11-22 15:34:06;-36,77784;-73,10651;4,9;59,7;8627,4;58;0;0;0;;27137;528,1;-51;
2022-11-22 15:34:36;-36,77784;-73,10651;2,4;59,7;8627,6;12;0;0;0;;27005;530,7;10,5;
2022-11-22 15:35:06;-36,77726;-73,10965;-4,1;59,7;8627,8;34;0;0;0;;27137;529,7;3,1;
2022-11-22 15:35:36;-36,77816;-73,10593;-3,5;59,6;8628;0;0;0;0;;27137;531,2;1,4;
2022-11-22 15:36:06;-36,77816;-73,10593;-1;59,3;8628,4;64;0;0;0;;27137;532,2;-70;
2022-11-22 15:36:36;-36,77951;-73,10014;2,7;59,4;8628,6;0;0;0;0;;27005;530,7;2,5;
2022-11-22 15:37:06;-36,78014;-73,09758;1;59,3;8628,8;30;0;0;0;;27005;527,1;49,5;
2022-11-22 15:37:36;-36,78014;-73,09758;-1,8;59,1;8629,3;46;0;0;0;;27005;534,3;-73,9;
2022-11-22 15:38:06;-36,78176;-73,09081;5,9;58,8;8629,7;60;0;0;0;;27005;523,3;69,9;
2022-11-22 15:38:36;-36,78383;-73,08318;-2,7;58,7;8630,2;65;0;0;0;;27005;525,1;63;
2022-11-22 15:39:06;-36,78383;-73,08318;-1,2;58,6;8630,7;52;0;0;0;;27005;528,1;38;
2022-11-22 15:39:36;-36,7856;-73,07482;-1,4;58,4;8631,2;76;0;0;0;;27005;520,2;96,8;
2022-11-22 15:40:06;-36,79171;-73,07045;2,4;58,2;8631,8;62;0;0;0;;27005;525,1;46,8;
2022-11-22 15:40:36;-36,79171;-73,07045;8,5;58;8632,2;57;0;0;0;;27005;521,7;141,4;
2022-11-22 15:41:06;-36,79614;-73,06512;19;57,9;8632,6;35;0;0;0;;27005;530,2;-2,1;
2022-11-22 15:41:36;-36,79833;-73,06052;12,8;57,9;8632,8;11;0;0;0;;27005;530,2;3,6;
2022-11-22 15:42:06;-36,79833;-73,06052;11,7;57,9;8632,9;0;0;0;0;;27005;530,2;2,5;
2022-11-22 15:42:36;-36,79865;-73,05998;11,7;57,9;8632,9;0;0;0;0;;27005;530,7;2,5;
2022-11-22 15:43:06;-36,79865;-73,05998;11,7;57,9;8632,9;1;0;0;0;;27005;530,7;2,5;
2022-11-22 15:43:36;-36,79865;-73,05998;11,7;57,9;8632,9;1;0;0;0;;26874;530,7;2,5;
2022-11-22 15:44:06;-36,79865;-73,05998;15,3;57,9;8632,9;4;0;0;0;;27005;531,2;3,1;
2022-11-22 15:44:36;-36,7988;-73,05983;15,3;57,9;8632,9;0;0;0;0;;26874;531,2;2,8;
2022-11-22 15:45:06;-36,7988;-73,05983;15,3;57,8;8633;5;0;0;0;;27005;531,2;2,8;
2022-11-22 15:45:37;-36,7988;-73,05983;20,2;57,8;8633;0;1;0;0;;27005;531,2;2,5;
2022-11-22 15:46:07;-36,79975;-73,05845;20,2;57,8;8633;0;1;0;0;;27005;531,2;2,5;
2022-11-22 15:46:37;-36,79975;-73,05845;20,2;57,8;8633;0;1;0;0;;27005;531,2;2,2;
2022-11-22 15:47:07;-36,79975;-73,05845;23,2;57,8;8633,1;10;0;0;0;;27005;530,7;4,7;
2022-11-22 15:47:37;-36,80001;-73,05879;14,6;57,7;8633,1;13;0;0;0;;27005;531,2;2;
2022-11-22 15:48:07;-36,80001;-73,05879;15,4;57,7;8633,1;0;0;0;0;;27005;531,2;3,1;
2022-11-22 15:48:37;-36,80036;-73,05918;15,4;57,7;8633,1;12;0;0;0;;26874;530,7;3,9;
2022-11-22 15:49:07;-36,80024;-73,05972;11;57,7;8633,2;0;0;0;0;;27005;531,2;2,8;
2022-11-22 15:51:55;-36,80022;-73,05972;11;57,7;8633,2;0;0;0;1;;25701;532,2;-3,2;
2022-11-22 15:52:25;-36,80022;-73,05972;11;57,8;8633,2;0;0;0;1;;27137;535,8;-36,7;
2022-11-22 15:52:55;-36,80022;-73,05972;11;58;8633,2;0;0;0;1;;27137;536,3;-36,7;
2022-11-22 15:53:25;-36,80022;-73,05972;11;58,1;8633,2;0;0;0;1;;27137;536,8;-36,7;
2022-11-22 15:53:55;-36,80022;-73,05972;11;58,3;8633,2;0;0;0;1;;27137;537,3;-36,5;
2022-11-22 15:54:25;-36,80022;-73,05972;11;58,4;8633,2;0;0;0;1;;27137;537,3;-36,2;
2022-11-22 15:54:55;-36,80022;-73,05972;11;58,5;8633,2;0;0;0;1;;27137;537,9;-36,5;
2022-11-22 15:55:25;-36,80022;-73,05972;11;58,7;8633,2;0;0;0;1;;27137;537,9;-36,5;
2022-11-22 15:55:55;-36,80022;-73,05972;11;58,8;8633,2;0;0;0;1;;27137;538,4;-36,5;
2022-11-22 15:56:25;-36,80022;-73,05972;11;59;8633,2;0;0;0;1;;27137;538,4;-36,2;
2022-11-22 15:56:55;-36,80022;-73,05972;11;59,1;8633,2;0;0;0;1;;27137;538,4;-36,5;
2022-11-22 15:57:25;-36,80022;-73,05972;11;59,3;8633,2;0;0;0;1;;27137;538,9;-36,5;
2022-11-22 15:57:55;-36,80022;-73,05972;11;59,4;8633,2;0;0;0;1;;27137;538,9;-36,2;
2022-11-22 15:58:25;-36,80022;-73,05972;11;59,5;8633,2;0;0;0;1;;27137;538,9;-36,2;
2022-11-22 15:58:55;-36,80022;-73,05972;11;59,7;8633,2;0;0;0;1;;27137;538,9;-36,5;
2022-11-22 15:59:25;-36,80022;-73,05972;11;59,8;8633,2;0;0;0;1;;27137;539,4;-36,2;
2022-11-22 15:59:55;-36,80022;-73,05972;11;59,9;8633,2;0;0;0;1;;27137;539,4;-36,2;
2022-11-22 16:00:25;-36,80022;-73,05972;11;60,1;8633,2;0;0;0;1;;27137;539,4;-36,2;
2022-11-22 16:00:55;-36,80022;-73,05972;11;60,2;8633,2;0;0;0;1;;27137;539,4;-36,5;
2022-11-22 16:01:25;-36,80022;-73,05972;11;60,4;8633,2;0;0;0;1;;27137;539,4;-36,2;
2022-11-22 16:01:55;-36,80022;-73,05972;11;60,5;8633,2;0;0;0;1;;27137;539,4;-36,2;
2022-11-22 16:02:25;-36,80022;-73,05972;11;60,6;8633,2;0;0;0;1;;27137;539,9;-36,2;
2022-11-22 16:02:55;-36,80022;-73,05972;11;60,8;8633,2;0;0;0;1;;27137;539,9;-36,2;
2022-11-22 16:03:25;-36,80022;-73,05972;11;60,9;8633,2;0;0;0;1;;27137;539,9;-36,2;
2022-11-22 16:03:55;-36,80022;-73,05972;11;61,1;8633,2;0;0;0;1;;27137;539,9;-36,2;
2022-11-22 16:04:25;-36,80022;-73,05972;11;61,2;8633,2;0;0;0;1;;27137;539,9;-36,5;
2022-11-22 16:04:55;-36,80022;-73,05972;11;61,3;8633,2;0;0;0;1;;27137;539,9;-35,9;
2022-11-22 16:05:25;-36,80022;-73,05972;11;61,5;8633,2;0;0;0;1;;27137;539,9;-35,9;
2022-11-22 16:05:55;-36,80022;-73,05972;11;61,6;8633,2;0;0;0;1;;27137;540,4;-36,2;
2022-11-22 16:06:25;-36,80022;-73,05972;11;61,8;8633,2;0;0;0;1;;27137;540,4;-35,9;
2022-11-22 16:06:55;-36,80022;-73,05972;11;61,9;8633,2;0;0;0;1;;27137;540,4;-36,2;
2022-11-22 16:07:25;-36,80022;-73,05972;11;62;8633,2;0;0;0;1;;27137;540,4;-35,9;
2022-11-22 16:07:55;-36,80022;-73,05972;11;62,2;8633,2;0;0;0;1;;27137;540,4;-36,2;
2022-11-22 16:08:25;-36,80022;-73,05972;11;62,3;8633,2;0;0;0;1;;27137;540,4;-35,9;
2022-11-22 16:08:55;-36,80022;-73,05972;11;62,5;8633,2;0;0;0;1;;27137;540,9;-35,9;
2022-11-22 16:09:25;-36,80022;-73,05972;11;62,6;8633,2;0;0;0;1;;27137;540,9;-35,9;
2022-11-22 16:09:55;-36,80022;-73,05972;11;62,7;8633,2;0;0;0;1;;27137;540,9;-35,9;
2022-11-22 16:10:25;-36,80022;-73,05972;11;62,9;8633,2;0;0;0;1;;27137;540,9;-36,2;
2022-11-22 16:10:55;-36,80022;-73,05972;11;63;8633,2;0;0;0;1;;27137;540,9;-35,9;
2022-11-22 16:11:25;-36,80022;-73,05972;11;63,2;8633,2;0;0;0;1;;27137;540,9;-36,2;
2022-11-22 16:11:55;-36,80022;-73,05972;11;63,3;8633,2;0;0;0;1;;27137;541,4;-35,9;
2022-11-22 16:12:25;-36,80022;-73,05972;11;63,4;8633,2;0;0;0;1;;27137;541,4;-35,9;
2022-11-22 16:12:55;-36,80022;-73,05972;11;63,6;8633,2;0;0;0;1;;27137;541,4;-35,9;
2022-11-22 16:13:25;-36,80022;-73,05972;11;63,7;8633,2;0;0;0;1;;27137;541,4;-35,9;
2022-11-22 16:13:55;-36,80022;-73,05972;11;63,8;8633,2;0;0;0;1;;27137;542;-35,9;
2022-11-22 16:14:25;-36,80022;-73,05972;11;64;8633,2;0;0;0;1;;27137;542;-35,9;
2022-11-22 16:14:55;-36,80022;-73,05972;11;64,1;8633,2;0;0;0;1;;27137;542;-35,9;
2022-11-22 16:15:25;-36,80022;-73,05972;11;64,3;8633,2;0;0;0;1;;27137;542,5;-35,9;
2022-11-22 16:15:55;-36,80022;-73,05972;11;64,4;8633,2;0;0;0;1;;27137;542,5;-35,9;
2022-11-22 16:16:25;-36,80022;-73,05972;11;64,5;8633,2;0;0;0;1;;27137;542,5;-35,9;
2022-11-22 16:16:55;-36,80022;-73,05972;11;64,7;8633,2;0;0;0;1;;27137;543;-35,9;
2022-11-22 16:17:25;-36,80022;-73,05972;11;64,8;8633,2;0;0;0;1;;27137;543;-35,9;
2022-11-22 16:17:55;-36,80022;-73,05972;11;65;8633,2;0;0;0;1;;27137;543;-35,9;
2022-11-22 16:18:25;-36,80022;-73,05972;11;65,1;8633,2;0;0;0;1;;27137;543,5;-35,9;
2022-11-22 16:18:55;-36,80022;-73,05972;11;65,2;8633,2;0;0;0;1;;27137;543,5;-35,9;
2022-11-22 16:19:25;-36,80022;-73,05972;11;65,4;8633,2;0;0;0;1;;27137;544;-35,9;
2022-11-22 16:19:55;-36,80022;-73,05972;11;65,5;8633,2;0;0;0;1;;27137;544;-35,9;
2022-11-22 16:20:25;-36,80022;-73,05972;11;65,6;8633,2;0;0;0;1;;27137;544;-35,9;
2022-11-22 16:20:55;-36,80022;-73,05972;11;65,8;8633,2;0;0;0;1;;27137;544,5;-35,6;
2022-11-22 16:21:25;-36,80022;-73,05972;11;65,9;8633,2;0;0;0;1;;27137;544,5;-35,9;
2022-11-22 16:21:55;-36,80022;-73,05972;11;66,1;8633,2;0;0;0;1;;27137;544,5;-35,9;
2022-11-22 16:22:25;-36,80022;-73,05972;11;66,2;8633,2;0;0;0;1;;27137;544,5;-35,6;
2022-11-22 16:22:55;-36,80022;-73,05972;11;66,3;8633,2;0;0;0;1;;27137;545;-35,6;
2022-11-22 16:23:25;-36,80022;-73,05972;11;66,5;8633,2;0;0;0;1;;27137;545;-35,6;
2022-11-22 16:23:55;-36,80022;-73,05972;11;66,6;8633,2;0;0;0;1;;27137;545;-35,6;
2022-11-22 16:24:25;-36,80022;-73,05972;11;66,7;8633,2;0;0;0;1;;27137;545;-35,9;
2022-11-22 16:24:55;-36,80022;-73,05972;11;66,9;8633,2;0;0;0;1;;27137;545;-35,6;
2022-11-22 16:25:25;-36,80022;-73,05972;11;67;8633,2;0;0;0;1;;27137;545;-35,6;
2022-11-22 16:25:55;-36,80022;-73,05972;11;67,2;8633,2;0;0;0;1;;27137;545;-35,6;
2022-11-22 16:26:25;-36,80022;-73,05972;11;67,3;8633,2;0;0;0;1;;27137;545;-35,6;
2022-11-22 16:26:55;-36,80022;-73,05972;11;67,4;8633,2;0;0;0;1;;27137;545;-35,9;
2022-11-22 16:27:25;-36,80022;-73,05972;11;67,6;8633,2;0;0;0;1;;27137;545;-35,9;
2022-11-22 16:27:55;-36,80022;-73,05972;11;67,7;8633,2;0;0;0;1;;27137;545;-35,6;
2022-11-22 16:28:25;-36,80022;-73,05972;11;67,8;8633,2;0;0;0;1;;27137;545;-35,6;
2022-11-22 16:28:55;-36,80022;-73,05972;11;68;8633,2;0;0;0;1;;27137;545,5;-35,9;
2022-11-22 16:29:25;-36,80022;-73,05972;11;68,1;8633,2;0;0;0;1;;27137;545,5;-35,6;
2022-11-22 16:29:55;-36,80022;-73,05972;11;68,3;8633,2;0;0;0;1;;27137;545,5;-35,9;
2022-11-22 16:30:25;-36,80022;-73,05972;11;68,4;8633,2;0;0;0;1;;27137;545,5;-35,6;
2022-11-22 16:30:55;-36,80022;-73,05972;11;68,5;8633,2;0;0;0;1;;27137;545,5;-35,6;
2022-11-22 16:31:25;-36,80022;-73,05972;11;68,7;8633,2;0;0;0;1;;27137;545,5;-35,6;
2022-11-22 16:31:55;-36,80022;-73,05972;11;68,8;8633,2;0;0;0;1;;27137;545,5;-35,9;
2022-11-22 16:32:25;-36,80022;-73,05972;11;68,9;8633,2;0;0;0;1;;27137;545,5;-35,6;
2022-11-22 16:32:55;-36,80022;-73,05972;11;69,1;8633,2;0;0;0;1;;27137;545,5;-35,6;
2022-11-22 16:33:25;-36,80022;-73,05972;11;69,2;8633,2;0;0;0;1;;27137;545,5;-35,9;
2022-11-22 16:33:55;-36,80022;-73,05972;11;69,4;8633,2;0;0;0;1;;27137;545,5;-35,9;
2022-11-22 16:34:25;-36,80022;-73,05972;11;69,5;8633,2;0;0;0;1;;27137;545,5;-35,6;
2022-11-22 16:34:55;-36,80022;-73,05972;11;69,6;8633,2;0;0;0;1;;27137;545,5;-35,9;
2022-11-22 16:35:25;-36,80022;-73,05972;11;69,8;8633,2;0;0;0;1;;27137;545,5;-35,6;
2022-11-22 16:35:55;-36,80022;-73,05972;11;69,9;8633,2;0;0;0;1;;27137;545,5;-35,6;
2022-11-22 16:36:25;-36,80022;-73,05972;11;70;8633,2;0;0;0;1;;27137;545,5;-35,6;
2022-11-22 16:36:55;-36,80022;-73,05972;11;70,2;8633,2;0;0;0;1;;27137;545,5;-35,9;
2022-11-22 16:37:25;-36,80022;-73,05972;11;70,3;8633,2;0;0;0;1;;27137;545,5;-35,6;
2022-11-22 16:37:55;-36,80022;-73,05972;11;70,5;8633,2;0;0;0;1;;27137;545,5;-35,6;
2022-11-22 16:38:25;-36,80022;-73,05972;11;70,6;8633,2;0;0;0;1;;27137;545,5;-35,6;
2022-11-22 16:38:55;-36,80022;-73,05972;11;70,7;8633,2;0;0;0;1;;27137;545,5;-35,9;
2022-11-22 16:39:25;-36,80022;-73,05972;11;70,9;8633,2;0;0;0;1;;27137;545,5;-35,6;
2022-11-22 16:39:55;-36,80022;-73,05972;11;71;8633,2;0;0;0;1;;27137;545,5;-35,6;
2022-11-22 16:40:25;-36,80022;-73,05972;11;71,1;8633,2;0;0;0;1;;27137;545,5;-35,6;
2022-11-22 16:40:55;-36,80022;-73,05972;11;71,3;8633,2;0;0;0;1;;27137;545,5;-35,9;
2022-11-22 16:41:25;-36,80022;-73,05972;11;71,4;8633,2;0;0;0;1;;27137;545,5;-35,6;
2022-11-22 16:41:55;-36,80022;-73,05972;11;71,6;8633,2;0;0;0;1;;27137;545,5;-35,9;
2022-11-22 16:42:25;-36,80022;-73,05972;11;71,7;8633,2;0;0;0;1;;27137;545,5;-35,6;
2022-11-22 16:42:55;-36,80022;-73,05972;11;71,8;8633,2;0;0;0;1;;27137;545,5;-35,6;
2022-11-22 16:43:25;-36,80022;-73,05972;11;72;8633,2;0;0;0;1;;27137;545,5;-35,6;
2022-11-22 16:43:55;-36,80022;-73,05972;11;72,1;8633,2;0;0;0;1;;27137;545,5;-35,9;
2022-11-22 16:44:25;-36,80022;-73,05972;11;72,2;8633,2;0;0;0;1;;27137;545,5;-35,6;
2022-11-22 16:44:55;-36,80022;-73,05972;11;72,4;8633,2;0;0;0;1;;27137;545,5;-35,6;
2022-11-22 16:45:25;-36,80022;-73,05972;11;72,5;8633,2;0;0;0;1;;27137;545,5;-35,6;
2022-11-22 16:45:55;-36,80022;-73,05972;11;72,7;8633,2;0;0;0;1;;27137;545,5;-35,9;
2022-11-22 16:46:25;-36,80022;-73,05972;11;72,8;8633,2;0;0;0;1;;27137;545,5;-35,6;
2022-11-22 16:46:55;-36,80022;-73,05972;11;72,9;8633,2;0;0;0;1;;27137;545,5;-35,9;
2022-11-22 16:47:25;-36,80022;-73,05972;11;73,1;8633,2;0;0;0;1;;27137;545,5;-35,6;
2022-11-22 16:47:55;-36,80022;-73,05972;11;73,2;8633,2;0;0;0;1;;27137;545,5;-35,6;
2022-11-22 16:48:25;-36,80022;-73,05972;11;73,3;8633,2;0;0;0;1;;27137;545,5;-35,6;
2022-11-22 16:48:55;-36,80022;-73,05972;11;73,5;8633,2;0;0;0;1;;27137;545,5;-35,9;
2022-11-22 16:49:25;-36,80022;-73,05972;11;73,6;8633,2;0;0;0;1;;27137;545,5;-35,6;
2022-11-22 16:49:55;-36,80022;-73,05972;11;73,8;8633,2;0;0;0;1;;27137;545,5;-35,9;
2022-11-22 16:50:25;-36,80022;-73,05972;11;73,9;8633,2;0;0;0;1;;27137;545,5;-35,9;
2022-11-22 16:50:55;-36,80022;-73,05972;11;74;8633,2;0;0;0;1;;27137;545,5;-35,9;
2022-11-22 16:51:25;-36,80022;-73,05972;11;74,2;8633,2;0;0;0;1;;27137;545,5;-35,6;
2022-11-22 16:51:55;-36,80022;-73,05972;11;74,3;8633,2;0;0;0;1;;27137;545,5;-35,9;
2022-11-22 16:52:25;-36,80022;-73,05972;11;74,4;8633,2;0;0;0;1;;27137;545,5;-35,9;
2022-11-22 16:52:55;-36,80022;-73,05972;11;74,6;8633,2;0;0;0;1;;27137;545,5;-35,9;
2022-11-22 16:53:25;-36,80022;-73,05972;11;74,7;8633,2;0;0;0;1;;27137;545,5;-35,6;
2022-11-22 16:53:55;-36,80022;-73,05972;11;74,9;8633,2;0;0;0;1;;27137;545,5;-35,6;
2022-11-22 16:54:25;-36,80022;-73,05972;11;75;8633,2;0;0;0;1;;27137;545,5;-35,9;
2022-11-22 16:54:55;-36,80022;-73,05972;11;75,1;8633,2;0;0;0;1;;27137;545,5;-35,6;
2022-11-22 16:55:25;-36,80022;-73,05972;11;75,3;8633,2;0;0;0;1;;27137;545,5;-35,6;
2022-11-22 16:55:55;-36,80022;-73,05972;11;75,4;8633,2;0;0;0;1;;27137;545,5;-35,6;
2022-11-22 16:56:25;-36,80022;-73,05972;11;75,5;8633,2;0;0;0;1;;27137;545,5;-35,6;
2022-11-22 16:56:55;-36,80022;-73,05972;11;75,7;8633,2;0;0;0;1;;27137;545,5;-35,6;
2022-11-22 16:57:25;-36,80022;-73,05972;11;75,8;8633,2;0;0;0;1;;27137;545,5;-35,9;
2022-11-22 16:57:55;-36,80022;-73,05972;11;75,9;8633,2;0;0;0;1;;27137;545,5;-35,9;
2022-11-22 16:58:25;-36,80022;-73,05972;11;76,1;8633,2;0;0;0;1;;27137;545,5;-35,9;
2022-11-22 16:58:55;-36,80022;-73,05972;11;76,2;8633,2;0;0;0;1;;27137;545,5;-35,6;
2022-11-22 16:59:25;-36,80022;-73,05972;11;76,4;8633,2;0;0;0;1;;27137;545,5;-35,6;
2022-11-22 16:59:55;-36,80022;-73,05972;11;76,5;8633,2;0;0;0;1;;27137;545,5;-35,6;
2022-11-22 17:00:25;-36,80022;-73,05972;11;76,6;8633,2;0;0;0;1;;27137;545,5;-35,6;
2022-11-22 17:00:55;-36,80022;-73,05972;11;76,8;8633,2;0;0;0;1;;27137;545,5;-35,6;
2022-11-22 17:01:25;-36,80022;-73,05972;11;76,9;8633,2;0;0;0;1;;27137;545,5;-35,6;
2022-11-22 17:01:55;-36,80022;-73,05972;11;77,1;8633,2;0;0;0;1;;27137;545,5;-35,6;
2022-11-22 17:02:25;-36,80022;-73,05972;11;77,2;8633,2;0;0;0;1;;27137;545,5;-35,6;
2022-11-22 17:02:55;-36,80022;-73,05972;11;77,3;8633,2;0;0;0;1;;27137;545,5;-35,9;
2022-11-22 17:03:25;-36,80022;-73,05972;11;77,5;8633,2;0;0;0;1;;27137;545,5;-35,9;
2022-11-22 17:03:55;-36,80022;-73,05972;11;77,6;8633,2;0;0;0;1;;27137;545,5;-35,6;
2022-11-22 17:04:25;-36,80022;-73,05972;11;77,7;8633,2;0;0;0;1;;27137;546;-35,9;
2022-11-22 17:04:55;-36,80022;-73,05972;11;77,9;8633,2;0;0;0;1;;27137;546;-35,6;
2022-11-22 17:05:25;-36,80022;-73,05972;11;78;8633,2;0;0;0;1;;27137;546;-35,9;
2022-11-22 17:05:55;-36,80022;-73,05972;11;78,2;8633,2;0;0;0;1;;27137;546;-35,6;
2022-11-22 17:06:25;-36,80022;-73,05972;11;78,3;8633,2;0;0;0;1;;27137;546;-35,6;
2022-11-22 17:06:55;-36,80022;-73,05972;11;78,4;8633,2;0;0;0;1;;27137;546;-35,6;
2022-11-22 17:07:25;-36,80022;-73,05972;11;78,6;8633,2;0;0;0;1;;27137;546;-35,9;
2022-11-22 17:07:55;-36,80022;-73,05972;11;78,7;8633,2;0;0;0;1;;27137;546;-35,9;
2022-11-22 17:08:25;-36,80022;-73,05972;11;78,8;8633,2;0;0;0;1;;27137;546;-35,9;
2022-11-22 17:08:55;-36,80022;-73,05972;11;79;8633,2;0;0;0;1;;27137;546;-35,6;
2022-11-22 17:09:25;-36,80022;-73,05972;11;79,1;8633,2;0;0;0;1;;27137;546;-35,6;
2022-11-22 17:09:55;-36,80022;-73,05972;11;79,3;8633,2;0;0;0;1;;27137;546;-35,6;
2022-11-22 17:10:25;-36,80022;-73,05972;11;79,4;8633,2;0;0;0;1;;27137;546;-35,6;
2022-11-22 17:10:55;-36,80022;-73,05972;11;79,5;8633,2;0;0;0;1;;27137;546;-35,6;
2022-11-22 17:11:25;-36,80022;-73,05972;11;79,7;8633,2;0;0;0;1;;27137;546;-35,9;
2022-11-22 17:11:55;-36,80022;-73,05972;11;79,8;8633,2;0;0;0;1;;27137;546;-35,6;
2022-11-22 17:12:25;-36,80022;-73,05972;11;79,9;8633,2;0;0;0;1;;27137;546;-35,6;
2022-11-22 17:12:55;-36,80022;-73,05972;11;80,1;8633,2;0;0;0;1;;27137;546;-35,6;
2022-11-22 17:13:25;-36,80022;-73,05972;11;80,2;8633,2;0;0;0;1;;27137;546;-35,6;
2022-11-22 17:13:55;-36,80022;-73,05972;11;80,4;8633,2;0;0;0;1;;27137;546;-35,6;
2022-11-22 17:14:25;-36,80022;-73,05972;11;80,5;8633,2;0;0;0;1;;27137;546;-35,6;
2022-11-22 17:14:55;-36,80022;-73,05972;11;80,6;8633,2;0;0;0;1;;27137;546;-35,9;
2022-11-22 17:15:25;-36,80022;-73,05972;11;80,8;8633,2;0;0;0;1;;27137;546;-35,6;
2022-11-22 17:15:55;-36,80022;-73,05972;11;80,9;8633,2;0;0;0;1;;27137;546;-35,6;
2022-11-22 17:16:25;-36,80022;-73,05972;11;81;8633,2;0;0;0;1;;27137;546;-35,9;
2022-11-22 17:16:55;-36,80022;-73,05972;11;81,2;8633,2;0;0;0;1;;27137;546;-35,6;
2022-11-22 17:17:25;-36,80022;-73,05972;11;81,3;8633,2;0;0;0;1;;27137;546;-35,9;
2022-11-22 17:17:55;-36,80022;-73,05972;11;81,5;8633,2;0;0;0;1;;27137;546;-35,6;
2022-11-22 17:18:25;-36,80022;-73,05972;11;81,6;8633,2;0;0;0;1;;27137;546;-35,6;
2022-11-22 17:18:55;-36,80022;-73,05972;11;81,7;8633,2;0;0;0;1;;27137;546;-35,9;
2022-11-22 17:19:25;-36,80022;-73,05972;11;81,9;8633,2;0;0;0;1;;27137;546;-35,6;
2022-11-22 17:19:55;-36,80022;-73,05972;11;82;8633,2;0;0;0;1;;27137;546;-35,6;
2022-11-22 17:20:25;-36,80022;-73,05972;11;82,1;8633,2;0;0;0;1;;27137;546;-35,6;
2022-11-22 17:20:55;-36,80022;-73,05972;11;82,3;8633,2;0;0;0;1;;27137;546;-35,6;
2022-11-22 17:21:25;-36,80022;-73,05972;11;82,4;8633,2;0;0;0;1;;27137;546;-35,6;
2022-11-22 17:21:55;-36,80022;-73,05972;11;82,6;8633,2;0;0;0;1;;27137;546;-35,9;
2022-11-22 17:22:25;-36,80022;-73,05972;11;82,7;8633,2;0;0;0;1;;27137;546;-35,9;
2022-11-22 17:22:55;-36,80022;-73,05972;11;82,8;8633,2;0;0;0;1;;27137;546;-35,6;
2022-11-22 17:23:25;-36,80022;-73,05972;11;83;8633,2;0;0;0;1;;27137;546;-35,9;
2022-11-22 17:23:55;-36,80022;-73,05972;11;83,1;8633,2;0;0;0;1;;27137;546;-35,6;
2022-11-22 17:24:25;-36,80022;-73,05972;11;83,2;8633,2;0;0;0;1;;27137;546;-35,6;
2022-11-22 17:24:55;-36,80022;-73,05972;11;83,4;8633,2;0;0;0;1;;27137;546;-35,9;
2022-11-22 17:25:25;-36,80022;-73,05972;11;83,5;8633,2;0;0;0;1;;27137;546;-35,6;
2022-11-22 17:25:55;-36,80022;-73,05972;11;83,7;8633,2;0;0;0;1;;27137;546;-35,6;
2022-11-22 17:26:25;-36,80022;-73,05972;11;83,8;8633,2;0;0;0;1;;27137;546,6;-35,6;
2022-11-22 17:26:55;-36,80022;-73,05972;11;83,9;8633,2;0;0;0;1;;27137;546,6;-35,6;
2022-11-22 17:27:25;-36,80022;-73,05972;11;84,1;8633,2;0;0;0;1;;27137;546,6;-35,9;
2022-11-22 17:27:55;-36,80022;-73,05972;11;84,2;8633,2;0;0;0;1;;27137;546,6;-35,6;
2022-11-22 17:28:25;-36,80022;-73,05972;11;84,3;8633,2;0;0;0;1;;27137;546,6;-35,9;
2022-11-22 17:28:55;-36,80022;-73,05972;11;84,5;8633,2;0;0;0;1;;27137;546,6;-35,6;
2022-11-22 17:29:25;-36,80022;-73,05972;11;84,6;8633,2;0;0;0;1;;27137;546,6;-35,6;
2022-11-22 17:29:55;-36,80022;-73,05972;11;84,8;8633,2;0;0;0;1;;27137;546,6;-35,9;
2022-11-22 17:30:25;-36,80022;-73,05972;11;84,9;8633,2;0;0;0;1;;27137;546,6;-35,6;
2022-11-22 17:30:55;-36,80022;-73,05972;11;85;8633,2;0;0;0;1;;27137;546,6;-35,6;
2022-11-22 17:31:25;-36,80022;-73,05972;11;85,2;8633,2;0;0;0;1;;27137;546,6;-35,6;
2022-11-22 17:31:55;-36,80022;-73,05972;11;85,3;8633,2;0;0;0;1;;27137;546,6;-35,6;
2022-11-22 17:32:25;-36,80022;-73,05972;11;85,4;8633,2;0;0;0;1;;27137;546,6;-35,6;
2022-11-22 17:32:55;-36,80022;-73,05972;11;85,6;8633,2;0;0;0;1;;27137;546,6;-35,6;
2022-11-22 17:33:25;-36,80022;-73,05972;11;85,7;8633,2;0;0;0;1;;27137;546,6;-35,6;
2022-11-22 17:33:55;-36,80022;-73,05972;11;85,8;8633,2;0;0;0;1;;27137;546,6;-35,6;
2022-11-22 17:34:25;-36,80022;-73,05972;11;86;8633,2;0;0;0;1;;27137;546,6;-35,6;
2022-11-22 17:34:55;-36,80022;-73,05972;11;86,1;8633,2;0;0;0;1;;27137;546,6;-35,6;
2022-11-22 17:35:25;-36,80022;-73,05972;11;86,3;8633,2;0;0;0;1;;27137;546,6;-35,6;
2022-11-22 17:35:55;-36,80022;-73,05972;11;86,4;8633,2;0;0;0;1;;27137;546,6;-35,6;
2022-11-22 17:36:25;-36,80022;-73,05972;11;86,5;8633,2;0;0;0;1;;27137;546,6;-35,6;
2022-11-22 17:36:55;-36,80022;-73,05972;11;86,7;8633,2;0;0;0;1;;27137;546,6;-35,6;
2022-11-22 17:37:25;-36,80022;-73,05972;11;86,8;8633,2;0;0;0;1;;27137;546,6;-35,6;
2022-11-22 17:37:55;-36,80022;-73,05972;11;86,9;8633,2;0;0;0;1;;27137;546,6;-35,6;
2022-11-22 17:38:25;-36,80022;-73,05972;11;87,1;8633,2;0;0;0;1;;27137;547,1;-35,6;
2022-11-22 17:38:55;-36,80022;-73,05972;11;87,2;8633,2;0;0;0;1;;27137;547,1;-35,6;
2022-11-22 17:39:25;-36,80022;-73,05972;11;87,4;8633,2;0;0;0;1;;27137;547,1;-35,6;
2022-11-22 17:39:55;-36,80022;-73,05972;11;87,5;8633,2;0;0;0;1;;27137;547,1;-35,6;
2022-11-22 17:40:25;-36,80022;-73,05972;11;87,6;8633,2;0;0;0;1;;27137;547,1;-35,6;
2022-11-22 17:40:55;-36,80022;-73,05972;11;87,8;8633,2;0;0;0;1;;27137;547,1;-35,6;
2022-11-22 17:41:25;-36,80022;-73,05972;11;87,9;8633,2;0;0;0;1;;27137;547,1;-35,6;
2022-11-22 17:41:55;-36,80022;-73,05972;11;88,1;8633,2;0;0;0;1;;27137;547,1;-35,6;
2022-11-22 17:42:25;-36,80022;-73,05972;11;88,2;8633,2;0;0;0;1;;27137;547,1;-35,6;
2022-11-22 17:42:55;-36,80022;-73,05972;11;88,3;8633,2;0;0;0;1;;27137;547,1;-35,6;
2022-11-22 17:43:25;-36,80022;-73,05972;11;88,5;8633,2;0;0;0;1;;27137;547,1;-35,6;
2022-11-22 17:43:55;-36,80022;-73,05972;11;88,6;8633,2;0;0;0;1;;27137;547,1;-35,6;
2022-11-22 17:44:25;-36,80022;-73,05972;11;88,7;8633,2;0;0;0;1;;27137;547,1;-35,6;
2022-11-22 17:44:55;-36,80022;-73,05972;11;88,9;8633,2;0;0;0;1;;27137;547,1;-35,6;
2022-11-22 17:45:25;-36,80022;-73,05972;11;89;8633,2;0;0;0;1;;27137;547,1;-35,6;
2022-11-22 17:45:55;-36,80022;-73,05972;11;89,1;8633,2;0;0;0;1;;27137;547,1;-35,6;
2022-11-22 17:46:25;-36,80022;-73,05972;11;89,3;8633,2;0;0;0;1;;27137;547,1;-35,6;
2022-11-22 17:46:55;-36,80022;-73,05972;11;89,4;8633,2;0;0;0;1;;27137;547,1;-35,6;
2022-11-22 17:47:25;-36,80022;-73,05972;11;89,6;8633,2;0;0;0;1;;27137;547,1;-35,6;
2022-11-22 17:47:55;-36,80022;-73,05972;11;89,7;8633,2;0;0;0;1;;27137;547,1;-35,6;
2022-11-22 17:48:25;-36,80022;-73,05972;11;89,8;8633,2;0;0;0;1;;27137;547,6;-35,6;
2022-11-22 17:48:55;-36,80022;-73,05972;11;90;8633,2;0;0;0;1;;27137;547,6;-35,6;
2022-11-22 17:49:25;-36,80022;-73,05972;11;90,1;8633,2;0;0;0;1;;27137;547,6;-35,6;
2022-11-22 17:49:55;-36,80022;-73,05972;11;90,2;8633,2;0;0;0;1;;27137;547,6;-35,6;
2022-11-22 17:50:25;-36,80022;-73,05972;11;90,4;8633,2;0;0;0;1;;27137;547,6;-35,6;
2022-11-22 17:50:55;-36,80022;-73,05972;11;90,5;8633,2;0;0;0;1;;27137;547,6;-35,6;
2022-11-22 17:51:25;-36,80022;-73,05972;11;90,7;8633,2;0;0;0;1;;27137;547,6;-35,6;
2022-11-22 17:51:55;-36,80022;-73,05972;11;90,8;8633,2;0;0;0;1;;27137;547,6;-35,6;
2022-11-22 17:52:25;-36,80022;-73,05972;11;90,9;8633,2;0;0;0;1;;27137;547,6;-35,6;
2022-11-22 17:52:55;-36,80022;-73,05972;11;91,1;8633,2;0;0;0;1;;27137;547,6;-35,6;
2022-11-22 17:53:25;-36,80022;-73,05972;11;91,2;8633,2;0;0;0;1;;27137;547,6;-35,6;
2022-11-22 17:53:55;-36,80022;-73,05972;11;91,3;8633,2;0;0;0;1;;27137;547,6;-35,6;
2022-11-22 17:54:25;-36,80022;-73,05972;11;91,5;8633,2;0;0;0;1;;27137;547,6;-35,6;
2022-11-22 17:54:55;-36,80022;-73,05972;11;91,6;8633,2;0;0;0;1;;27137;547,6;-35,6;
2022-11-22 17:55:25;-36,80022;-73,05972;11;91,8;8633,2;0;0;0;1;;27137;547,6;-35,6;
2022-11-22 17:55:55;-36,80022;-73,05972;11;91,9;8633,2;0;0;0;1;;27137;547,6;-35,6;
2022-11-22 17:56:25;-36,80022;-73,05972;11;92;8633,2;0;0;0;1;;27137;548,1;-35,6;
2022-11-22 17:56:55;-36,80022;-73,05972;11;92,2;8633,2;0;0;0;1;;27137;548,1;-35,6;
2022-11-22 17:57:25;-36,80022;-73,05972;11;92,3;8633,2;0;0;0;1;;27137;548,1;-35,6;
2022-11-22 17:57:55;-36,80022;-73,05972;11;92,4;8633,2;0;0;0;1;;27137;548,1;-35,6;
2022-11-22 17:58:25;-36,80022;-73,05972;11;92,6;8633,2;0;0;0;1;;27137;548,1;-35,6;
2022-11-22 17:58:55;-36,80022;-73,05972;11;92,7;8633,2;0;0;0;1;;27137;547,6;-35,6;
2022-11-22 17:59:25;-36,80022;-73,05972;11;92,8;8633,2;0;0;0;1;;27137;548,1;-35,6;
2022-11-22 17:59:55;-36,80022;-73,05972;11;92,9;8633,2;0;0;0;1;;27137;548,1;-35,6;
2022-11-22 18:00:25;-36,80022;-73,05972;11;93,1;8633,2;0;0;0;1;;27137;548,1;-35,6;
2022-11-22 18:00:55;-36,80022;-73,05972;11;93,2;8633,2;0;0;0;1;;27137;548,1;-35,6;
2022-11-22 18:01:25;-36,80022;-73,05972;11;93,4;8633,2;0;0;0;1;;27137;548,1;-35,6;
2022-11-22 18:01:55;-36,80022;-73,05972;11;93,5;8633,2;0;0;0;1;;27137;548,6;-35,6;
2022-11-22 18:02:25;-36,80022;-73,05972;11;93,6;8633,2;0;0;0;1;;27137;548,6;-35,6;
2022-11-22 18:02:55;-36,80022;-73,05972;11;93,8;8633,2;0;0;0;1;;27137;548,6;-35,6;
2022-11-22 18:03:25;-36,80022;-73,05972;11;93,9;8633,2;0;0;0;1;;27137;548,6;-35,6;
2022-11-22 18:03:55;-36,80022;-73,05972;11;94,1;8633,2;0;0;0;1;;27137;548,6;-35,6;
2022-11-22 18:04:25;-36,80022;-73,05972;11;94,2;8633,2;0;0;0;1;;27137;548,6;-35,6;
2022-11-22 18:04:55;-36,80022;-73,05972;11;94,3;8633,2;0;0;0;1;;27137;548,6;-35,6;
2022-11-22 18:05:25;-36,80022;-73,05972;11;94,5;8633,2;0;0;0;1;;27137;548,6;-35,6;
2022-11-22 18:05:55;-36,80022;-73,05972;11;94,6;8633,2;0;0;0;1;;27137;549,1;-35,6;
2022-11-22 18:06:25;-36,80022;-73,05972;11;94,7;8633,2;0;0;0;1;;27137;549,1;-35,6;
2022-11-22 18:06:55;-36,80022;-73,05972;11;94,9;8633,2;0;0;0;1;;27137;549,1;-35,6;
2022-11-22 18:07:25;-36,80022;-73,05972;11;95;8633,2;0;0;0;1;;27137;549,1;-35,6;
2022-11-22 18:07:55;-36,80022;-73,05972;11;95,1;8633,2;0;0;0;1;;27137;549,1;-35,6;
2022-11-22 18:08:25;-36,80022;-73,05972;11;95,3;8633,2;0;0;0;1;;27137;549,1;-35,6;
2022-11-22 18:08:55;-36,80022;-73,05972;11;95,4;8633,2;0;0;0;1;;27137;549,1;-35,6;
2022-11-22 18:09:25;-36,80022;-73,05972;11;95,6;8633,2;0;0;0;1;;27137;549,6;-35,6;
2022-11-22 18:09:55;-36,80022;-73,05972;11;95,7;8633,2;0;0;0;1;;27137;549,6;-35,6;
2022-11-22 18:10:25;-36,80022;-73,05972;11;95,8;8633,2;0;0;0;1;;27137;549,6;-35,4;
2022-11-22 18:10:55;-36,80022;-73,05972;11;96;8633,2;0;0;0;1;;27137;549,6;-35,6;
2022-11-22 18:11:25;-36,80022;-73,05972;11;96,1;8633,2;0;0;0;1;;27137;549,6;-35,6;
2022-11-22 18:11:55;-36,80022;-73,05972;11;96,2;8633,2;0;0;0;1;;27137;550,1;-35,6;
2022-11-22 18:12:25;-36,80022;-73,05972;11;96,4;8633,2;0;0;0;1;;27137;550,1;-35,6;
2022-11-22 18:12:55;-36,80022;-73,05972;11;96,5;8633,2;0;0;0;1;;27137;550,1;-35,4;
2022-11-22 18:13:25;-36,80022;-73,05972;11;96,7;8633,2;0;0;0;1;;27137;550,7;-35,4;
2022-11-22 18:13:55;-36,80022;-73,05972;11;96,8;8633,2;0;0;0;1;;27137;550,7;-35,6;
2022-11-22 18:14:25;-36,80022;-73,05972;11;96,9;8633,2;0;0;0;1;;27137;551,2;-35,4;
2022-11-22 18:14:55;-36,80022;-73,05972;11;97,1;8633,2;0;0;0;1;;27137;551,2;-35,4;
2022-11-22 18:15:25;-36,80022;-73,05972;11;97,2;8633,2;0;0;0;1;;27137;551,2;-35,6;
2022-11-22 18:15:55;-36,80022;-73,05972;11;97,3;8633,2;0;0;0;1;;27137;551,7;-35,4;
2022-11-22 18:16:25;-36,80022;-73,05972;11;97,5;8633,2;0;0;0;1;;27137;552,2;-35,4;
2022-11-22 18:16:55;-36,80022;-73,05972;11;97,6;8633,2;0;0;0;1;;27137;552,2;-35,4;
2022-11-22 18:17:25;-36,80022;-73,05972;11;97,8;8633,2;0;0;0;1;;27137;552,7;-35,4;
2022-11-22 18:17:55;-36,80022;-73,05972;11;97,9;8633,2;0;0;0;1;;27137;553,2;-35,4;
2022-11-22 18:18:25;-36,80022;-73,05972;11;98;8633,2;0;0;0;1;;27137;554,2;-35,4;
2022-11-22 18:18:55;-36,80022;-73,05972;11;98,2;8633,2;0;0;0;1;;27137;555,3;-35,1;
2022-11-22 18:19:25;-36,80022;-73,05972;11;98,3;8633,2;0;0;0;1;;27137;556,3;-35,4;
2022-11-22 18:19:55;-36,80022;-73,05972;11;98,4;8633,2;0;0;0;1;;27137;557,8;-35,1;
2022-11-22 18:20:25;-36,80022;-73,05972;11;98,6;8633,2;0;0;0;1;;27137;558,3;-19,1;
2022-11-22 18:20:55;-36,80022;-73,05972;11;98,6;8633,2;0;0;0;1;;27137;558,3;-19,4;
2022-11-22 20:33:23;-36,80022;-73,05972;11;100;8633,2;0;0;0;1;;25701;544,5;1,7;
2022-11-22 20:33:53;-36,80022;-73,05972;11;100;8633,2;0;0;0;1;;27137;544,5;0,6;
