fecha_hora;lat;lon;altitud;SOC;odometro;vel;AC;calefaccion;cargando;km_restantes;carga_bat_aux;voltaje;corriente;rpm
2022-11-09 07:57:38;-36,79999;-73,05879;24,1;100;7461,6;0;0;0;1;;25308;540,4;0;
2022-11-09 07:58:08;-36,79999;-73,05879;26,6;100;7461,6;0;0;0;1;;25308;542,5;-10,3;
2022-11-09 07:58:38;-36,79985;-73,05899;26,6;100;7461,6;0;0;0;1;;27005;543,5;-10,6;
2022-11-09 07:59:08;-36,79985;-73,05899;26,6;100;7461,6;0;0;0;1;;27005;544,5;-10,3;
2022-11-09 07:59:38;-36,79985;-73,05899;26,6;100;7461,6;0;0;0;1;;27005;545,5;-10,3;
2022-11-09 08:01:17;-36,79985;-73,05899;26,6;100;7461,6;0;0;0;0;;25832;544;2;
2022-11-09 08:01:47;-36,79985;-73,05899;26,6;100;7461,7;5;0;0;0;;25832;543,5;1,4;
2022-11-09 08:02:17;-36,79985;-73,05899;26,6;100;7461,7;0;0;0;0;;27005;543;2,5;
2022-11-09 08:13:50;-36,79997;-73,05891;31,9;100;7461,7;0;0;0;0;;25308;543;2,2;
2022-11-09 08:14:20;-36,79997;-73,05891;22,8;100;7461,7;4;0;0;0;;27005;542,5;1,4;
2022-11-09 08:14:50;-36,79973;-73,05855;22,1;100;7461,7;4;0;0;0;;27005;541,4;16,5;
2022-11-09 08:15:20;-36,80049;-73,05735;9,8;99,9;7462;15;0;0;0;;27005;538,9;1,4;
2022-11-09 08:15:50;-36,80049;-73,05735;10,9;99,8;7462;27;0;0;0;;27005;530,2;115,8;
2022-11-09 08:16:20;-36,80152;-73,05656;9,5;99,8;7462,1;11;0;0;0;;27005;537,9;1,4;
2022-11-09 08:16:50;-36,80284;-73,05567;10,2;99,8;7462,2;17;0;0;0;;27005;535,8;21,5;
2022-11-09 08:17:20;-36,80284;-73,05567;7;99,8;7462,2;0;0;0;0;;27005;538,4;1,4;
2022-11-09 08:17:50;-36,80347;-73,05558;7,8;99,7;7462,3;0;0;0;0;;27005;538,4;1,4;
2022-11-09 08:18:20;-36,80384;-73,0557;7,8;99,7;7462,3;0;0;0;0;;27005;538,4;1,4;
2022-11-09 08:18:50;-36,80384;-73,0557;7,2;99,7;7462,3;0;0;0;0;;27005;538,4;1,4;
2022-11-09 08:19:20;-36,80402;-73,05543;7,2;99,7;7462,3;0;0;0;0;;27005;538,4;1,4;
2022-11-09 08:19:50;-36,80405;-73,05505;8,4;99,7;7462,3;0;0;0;0;;27137;537,9;1,4;
2022-11-09 08:20:20;-36,80405;-73,05505;8,4;99,7;7462,3;0;0;0;0;;27005;537,3;11,6;
2022-11-09 08:20:50;-36,80405;-73,05503;7,6;99,5;7462,6;47;0;0;0;;27005;534,3;0;
2022-11-09 08:21:20;-36,80171;-73,05607;10,8;99,5;7462,7;12;0;0;0;;27005;532,7;47,3;
2022-11-09 08:21:50;-36,80171;-73,05607;19,9;99,1;7463,1;69;0;0;0;;27005;521,7;138,9;
2022-11-09 08:22:20;-36,79877;-73,05926;22,5;99;7463,4;15;0;0;0;;27005;532,7;15,7;
2022-11-09 08:22:50;-36,79734;-73,06223;17,5;98,9;7463,5;37;0;0;0;;27137;534,3;1,1;
2022-11-09 08:23:20;-36,79734;-73,06223;7,6;98,8;7463,9;64;0;0;0;;27137;524,5;115,5;
2022-11-09 08:23:50;-36,79504;-73,06721;5,4;98,6;7464,5;59;0;0;0;;27005;533,2;1,1;
2022-11-09 08:24:20;-36,78779;-73,07238;9;98,3;7465,1;54;0;0;0;;27005;532,7;5,5;
2022-11-09 08:24:50;-36,78779;-73,07238;1,8;97,9;7465,7;89;0;0;0;;27137;522,2;122,4;
2022-11-09 08:25:20;-36,78426;-73,08049;10,3;97,4;7466,5;89;0;0;0;;27137;526,6;57,8;
2022-11-09 08:25:50;-36,78149;-73,09144;7,2;97,2;7467,2;69;0;0;0;;27005;531,2;2,5;
2022-11-09 08:26:20;-36,78149;-73,09144;7,7;97;7467,6;44;0;0;0;;27137;532,7;0,9;
2022-11-09 08:26:50;-36,77946;-73,09985;6,8;97;7467,9;0;0;0;0;;27005;534,3;1,7;
2022-11-09 08:27:20;-36,77867;-73,10289;6,8;97;7467,9;0;0;0;0;;27005;534,8;1,4;
2022-11-09 08:28:32;-36,77867;-73,10289;6,8;97;7467,9;0;0;0;0;;25832;535,8;2;
2022-11-09 08:29:02;-36,77867;-73,10289;7,4;96,9;7468;28;0;0;0;;25832;536,3;-21,6;
2022-11-09 08:29:32;-36,77828;-73,10455;-1,9;96,9;7468,2;18;0;0;0;;27137;533,2;20,9;
2022-11-09 09:14:02;-36,77723;-73,10404;2,7;96,9;7468,3;0;0;0;0;;25184;537,9;2,2;
2022-11-09 09:14:32;-36,77723;-73,10404;0,7;96,9;7468,3;6;0;0;0;;27005;537,3;1,4;
2022-11-09 09:15:02;-36,7776;-73,10448;0,6;96,9;7468,3;0;0;0;0;;27137;537,3;1,4;
2022-11-09 09:15:32;-36,77761;-73,10448;0,6;96,9;7468,3;0;0;0;0;;27137;537,3;1,1;
2022-11-09 09:16:02;-36,77761;-73,10448;0,6;96,9;7468,3;0;0;0;0;;27137;537,3;1,1;
2022-11-09 09:16:32;-36,77761;-73,10448;0,6;96,9;7468,3;0;0;0;0;;27137;537,3;0,9;
2022-11-09 09:17:02;-36,77761;-73,10448;0,6;96,9;7468,3;0;0;0;0;;27137;537,3;1,1;
2022-11-09 09:17:32;-36,77761;-73,10448;0,6;96,9;7468,3;0;0;0;0;;27137;537,9;0,9;
2022-11-09 09:18:02;-36,77761;-73,10448;0,6;96,9;7468,3;0;0;0;0;;27137;537,3;1,1;
2022-11-09 09:18:32;-36,77761;-73,10448;0,6;96,9;7468,3;0;0;0;0;;27137;537,9;1,1;
2022-11-09 09:19:02;-36,77761;-73,10448;0,6;96,9;7468,3;0;0;0;0;;27137;537,3;0,9;
2022-11-09 09:19:32;-36,77761;-73,10448;0,6;96,9;7468,3;0;0;0;0;;27137;537,9;0,9;
2022-11-09 09:20:02;-36,77761;-73,10448;0,6;96,9;7468,3;0;0;0;0;;27137;537,9;1,1;
2022-11-09 09:20:32;-36,77761;-73,10448;5,4;96,8;7468,3;0;0;0;0;;27005;537,3;1,4;
2022-11-09 09:21:02;-36,77767;-73,10452;6,6;96,8;7468,3;0;0;0;0;;27137;537,3;1,4;
2022-11-09 09:21:32;-36,77769;-73,10456;6,5;96,8;7468,3;0;0;0;0;;27137;537,3;1,4;
2022-11-09 09:22:02;-36,77769;-73,10456;6,5;96,8;7468,4;3;0;0;0;;27137;537,3;2,8;
2022-11-09 09:22:32;-36,77769;-73,10456;6,5;96,8;7468,4;0;0;0;0;;27137;537,3;1,4;
2022-11-09 09:23:02;-36,77769;-73,10456;6,7;96,8;7468,4;0;0;0;0;;27137;537,3;1,4;
2022-11-09 09:25:05;-36,77769;-73,10456;1;96,8;7468,4;14;0;0;0;;27137;536,8;0;
2022-11-09 09:25:20;-36,77803;-73,10508;2,2;96,4;7468,7;65;0;0;0;;27137;534,8;-53;
2022-11-09 09:25:20;-36,77716;-73,10988;2,2;96,4;7468,9;18;0;0;0;;27137;529,7;79,2;
2022-11-09 09:25:23;-36,77716;-73,10988;2,6;96,2;7469,1;37;0;0;0;;27137;519,7;176,6;
2022-11-09 09:25:32;-36,77801;-73,10642;2,7;96,1;7469,3;0;0;0;0;;27137;534,8;0,9;
2022-11-09 09:26:02;-36,77842;-73,10477;3,9;96;7469,4;41;0;0;0;;27137;519,7;179,3;
2022-11-09 09:26:32;-36,77842;-73,10477;8,1;95,7;7469,9;36;0;0;0;;27137;536,8;-41,7;
2022-11-09 09:27:02;-36,77996;-73,0984;7,7;95,6;7470,1;0;0;0;0;;27137;533,2;0,9;
2022-11-09 09:27:32;-36,78071;-73,09526;6;95,3;7470,3;52;0;0;0;;27005;518,1;190,1;
2022-11-09 09:28:02;-36,78071;-73,09526;4;95,1;7470,9;57;0;0;0;;27137;530,2;23,1;
2022-11-09 09:28:32;-36,78244;-73,08784;9,3;94,9;7471,3;60;0;0;0;;27137;536,3;-52,1;
2022-11-09 09:29:02;-36,78434;-73,08047;0,8;94,7;7471,8;64;0;0;0;;27137;527,1;71,8;
2022-11-09 09:29:32;-36,78434;-73,08047;0,7;94,5;7472,3;70;0;0;0;;27137;523,8;128,7;
2022-11-09 09:30:02;-36,78434;-73,08047;7,3;94,2;7472,9;75;0;0;0;;27137;529,2;-49,9;
2022-11-09 09:30:32;-36,79348;-73,06921;9,6;94,2;7473,2;29;0;0;0;;27137;534,3;-21,3;
2022-11-09 09:31:02;-36,79348;-73,06921;11,1;94,2;7473,4;25;0;0;0;;27137;534,3;-10,6;
2022-11-09 09:31:32;-36,79537;-73,06668;19,3;93,9;7473,7;29;0;0;0;;27137;534,3;-24,6;
2022-11-09 09:32:02;-36,79721;-73,06261;25,7;93,6;7474;53;0;0;0;;27137;525,6;83,1;
2022-11-09 09:32:32;-36,79721;-73,06261;14,8;93,4;7474,5;68;0;0;0;;27137;518,1;182,4;
2022-11-09 09:33:02;-36,79942;-73,05507;18,9;92,8;7475,2;85;0;0;0;;27137;525,1;53,1;
2022-11-09 09:33:32;-36,79934;-73,04478;15,5;92,6;7475,8;88;0;0;0;;27137;518,7;169,2;
2022-11-09 09:34:02;-36,79934;-73,04478;19,3;92,2;7476,5;81;0;0;0;;27137;535,3;-84,9;
2022-11-09 09:34:32;-36,80613;-73,03655;9,6;92,1;7477,2;77;0;0;0;;27137;522,8;154,3;
2022-11-09 09:35:02;-36,81119;-73,02697;5,3;92;7477,8;57;0;0;0;;27137;523,3;117,5;
2022-11-09 09:35:32;-36,81119;-73,02697;6,5;91,9;7478,2;33;0;0;0;;27005;531,2;22;
2022-11-09 09:36:02;-36,81461;-73,0215;5,9;91,9;7478,3;0;1;0;0;;27005;534,8;2;
2022-11-09 09:36:32;-36,81461;-73,02149;5,9;91,9;7478,3;0;1;0;0;;27005;535,3;2,2;
2022-11-09 09:37:02;-36,81461;-73,02149;5,9;91,9;7478,3;0;1;0;0;;27005;535,3;2;
2022-11-09 09:37:32;-36,81461;-73,02149;5,9;91,9;7478,3;0;1;0;0;;27005;535,3;2;
2022-11-09 09:38:02;-36,81461;-73,02149;5,9;91,9;7478,3;0;1;0;0;;27005;535,8;2;
2022-11-09 09:38:32;-36,81461;-73,02149;5,9;91,9;7478,3;0;1;0;0;;27005;535,8;2;
2022-11-09 09:39:02;-36,81461;-73,02149;5,9;91,9;7478,3;0;1;0;0;;27005;535,8;1,7;
2022-11-09 09:39:32;-36,81461;-73,02149;5,9;91,9;7478,3;0;1;0;0;;27005;535,8;2;
2022-11-09 09:40:02;-36,81461;-73,02149;5,9;91,9;7478,3;0;1;0;0;;27005;535,8;2;
2022-11-09 09:40:32;-36,81461;-73,02149;5,9;91,9;7478,3;0;0;0;0;;27137;536,3;1,7;
2022-11-09 09:41:02;-36,81461;-73,02149;5,9;91,9;7478,3;0;0;0;0;;27137;536,3;0,9;
2022-11-09 09:41:32;-36,81461;-73,02149;5,9;91,9;7478,3;0;0;0;0;;27137;536,3;0,9;
2022-11-09 09:42:02;-36,81461;-73,02149;5,9;91,9;7478,3;0;0;0;0;;27137;536,3;0,9;
2022-11-09 09:42:32;-36,81461;-73,02149;5,9;91,9;7478,3;0;0;0;0;;27137;536,3;0,9;
2022-11-09 09:43:02;-36,81461;-73,02149;5,9;91,9;7478,3;0;0;0;0;;27137;536,3;0,9;
2022-11-09 09:43:32;-36,81461;-73,02149;5,9;91,9;7478,3;0;0;0;0;;27137;536,3;0,9;
2022-11-09 09:44:02;-36,81461;-73,02149;5,9;91,9;7478,3;0;0;0;0;;27137;536,3;0,9;
2022-11-09 09:44:32;-36,81461;-73,02149;5,9;91,9;7478,3;0;0;0;0;;27137;536,3;0,9;
2022-11-09 09:45:02;-36,81461;-73,02149;5,9;91,9;7478,3;0;0;0;0;;27137;536,8;0,9;
2022-11-09 09:45:32;-36,81461;-73,02149;5,9;91,9;7478,3;0;0;0;0;;27137;536,8;0,9;
2022-11-09 09:46:02;-36,81461;-73,02149;5,9;91,9;7478,3;0;0;0;0;;27137;536,8;0,9;
2022-11-09 09:46:32;-36,81461;-73,02149;5,9;91,9;7478,3;0;0;0;0;;27137;536,8;0,9;
2022-11-09 09:47:02;-36,81461;-73,02149;5,9;91,9;7478,3;0;0;0;0;;27137;536,8;0,9;
2022-11-09 09:47:32;-36,81461;-73,02149;5,9;91,9;7478,3;0;0;0;0;;27137;536,8;0,9;
2022-11-09 09:48:02;-36,81461;-73,02149;5,9;91,9;7478,3;0;0;0;0;;27137;536,8;0,9;
2022-11-09 09:48:32;-36,81461;-73,02149;5,9;91,9;7478,3;0;0;0;0;;27137;536,8;0,9;
2022-11-09 09:49:02;-36,81461;-73,02149;5,9;91,9;7478,3;0;0;0;0;;27137;536,8;0,9;
2022-11-09 09:49:32;-36,81461;-73,02149;5,9;91,9;7478,3;0;0;0;0;;27137;536,8;0,9;
2022-11-09 09:50:02;-36,81461;-73,02149;5,9;91,9;7478,3;0;0;0;0;;27137;536,8;0,9;
2022-11-09 09:50:32;-36,81461;-73,02149;5,9;91,9;7478,3;0;0;0;0;;27137;536,8;0,9;
2022-11-09 09:51:02;-36,81461;-73,02149;5,9;91,9;7478,3;0;0;0;0;;27137;536,8;0,9;
2022-11-09 09:51:32;-36,81461;-73,02149;5,9;91,9;7478,3;0;0;0;0;;27137;536,8;0,9;
2022-11-09 09:52:02;-36,81461;-73,02149;5,9;91,9;7478,3;0;0;0;0;;27137;536,8;0,9;
2022-11-09 09:52:32;-36,81461;-73,02149;5,9;91,9;7478,3;0;0;0;0;;27137;536,8;1,1;
2022-11-09 09:53:02;-36,81461;-73,02149;5,9;91,9;7478,3;0;0;0;0;;27137;536,8;0,9;
2022-11-09 09:53:32;-36,81461;-73,02149;5,9;91,9;7478,3;0;0;0;0;;27137;536,8;0,9;
2022-11-09 09:54:02;-36,81461;-73,02149;5,9;91,9;7478,3;0;0;0;0;;27137;536,8;0,9;
2022-11-09 09:54:32;-36,81461;-73,02149;5,9;91,9;7478,3;0;0;0;0;;27137;536,8;0,9;
2022-11-09 09:55:02;-36,81461;-73,02149;5,9;91,9;7478,3;0;0;0;0;;27137;536,8;0,9;
2022-11-09 09:55:32;-36,81461;-73,02149;5,9;91,9;7478,3;0;0;0;0;;27137;537,3;0,9;
2022-11-09 09:56:02;-36,81461;-73,02149;5,9;91,9;7478,3;0;0;0;0;;27137;536,8;0,9;
2022-11-09 09:56:32;-36,81461;-73,02149;5,9;91,9;7478,3;0;0;0;0;;27137;537,3;0,9;
2022-11-09 09:57:02;-36,81461;-73,02149;5,9;91,7;7478,3;10;0;0;0;;27137;533,2;58,9;
2022-11-09 09:57:32;-36,81605;-73,01894;5,8;91,4;7478,6;50;0;0;0;;27137;537,3;-48,6;
2022-11-09 09:58:02;-36,81605;-73,01894;11,8;91,4;7478,9;28;0;0;0;;27137;536,8;-1,8;
2022-11-09 09:58:32;-36,81652;-73,01726;4;91;7479,3;74;0;0;0;;27137;523,3;104;
2022-11-09 09:59:02;-36,81215;-73,02487;2,3;90,9;7479,9;49;0;0;0;;27137;537,9;-47,5;
2022-11-09 09:59:32;-36,81215;-73,02487;6,4;90,8;7480,2;52;0;0;0;;27137;525,1;89,1;
2022-11-09 10:00:02;-36,8085;-73,02518;4,7;90,5;7480,7;63;0;0;0;;27137;520,7;170,8;
2022-11-09 10:00:32;-36,80178;-73,02565;4;90,3;7481,2;66;0;0;0;;27137;537,9;-73,3;
2022-11-09 10:01:02;-36,80178;-73,02565;6,2;90,4;7481,7;16;0;0;0;;27137;535,8;-2,6;
2022-11-09 10:01:32;-36,79662;-73,02573;3,7;90,3;7481,8;28;0;0;0;;27137;534,8;1,4;
2022-11-09 10:02:02;-36,79436;-73,02549;2,1;90,3;7481,9;0;0;0;0;;27137;535,8;1,4;
2022-11-09 10:02:32;-36,79436;-73,02549;1,4;90,3;7482;19;0;0;0;;27137;534,3;16,3;
2022-11-09 10:03:02;-36,79368;-73,0254;-1,1;90,3;7482,1;8;0;0;0;;27137;535,8;1,1;
2022-11-09 10:03:32;-36,79289;-73,0253;1,2;90,3;7482,1;0;0;0;0;;27137;536,3;1,4;
2022-11-09 10:04:02;-36,79289;-73,0253;2,3;90,2;7482,1;20;0;0;0;;27137;536,3;-6,5;
2022-11-09 10:04:32;-36,79221;-73,02517;4,7;90,2;7482,3;0;0;0;0;;27137;536,3;1,4;
2022-11-09 10:05:02;-36,79126;-73,02488;3,6;90,2;7482,3;12;0;0;0;;27137;536,3;0,9;
2022-11-09 10:05:32;-36,79126;-73,02488;3,7;90,2;7482,4;2;0;0;0;;27137;536,3;3,9;
2022-11-09 10:06:02;-36,79039;-73,02452;4,6;90,2;7482,4;7;0;0;0;;27137;536,3;1,1;
2022-11-09 10:06:32;-36,78926;-73,02402;5,4;90,1;7482,5;4;0;0;0;;27137;536,3;2;
2022-11-09 10:07:02;-36,78926;-73,02402;5,4;90,1;7482,6;7;0;0;0;;27137;536,3;1,7;
2022-11-09 10:07:32;-36,78869;-73,02378;7,1;89,8;7482,7;57;0;0;0;;27137;518,7;187,3;
2022-11-09 10:08:02;-36,78347;-73,02152;7,3;89,7;7483,3;38;0;0;0;;27137;538,9;-49,1;
2022-11-09 10:08:32;-36,78347;-73,02152;3,6;89,6;7483,4;26;0;0;0;;27137;532,7;25,3;
2022-11-09 10:09:02;-36,78115;-73,02135;2,2;89,6;7483,5;12;0;0;0;;27137;535,3;-1,5;
2022-11-09 10:09:32;-36,77916;-73,02172;-0,3;89,5;7483,7;7;0;0;0;;27137;534,8;1,1;
2022-11-09 10:10:02;-36,77916;-73,02172;-1;89,4;7483,8;0;0;0;0;;27005;535,8;0,9;
2022-11-09 10:10:32;-36,77864;-73,02204;-1;89,4;7483,8;0;0;0;0;;27137;536,3;0,9;
2022-11-09 10:11:02;-36,77864;-73,02204;-1;89,4;7483,8;0;0;0;0;;27137;536,3;1,7;
2022-11-09 10:11:32;-36,77864;-73,02204;-3,1;89,4;7483,8;1;0;0;0;;27137;536,3;2,8;
2022-11-09 10:12:02;-36,77833;-73,02214;-2,7;89,4;7483,8;5;0;0;0;;27137;535,8;8;
2022-11-09 10:12:32;-36,77861;-73,02205;0,9;89,4;7483,9;0;0;0;0;;27137;536,3;0,9;
2022-11-09 10:13:02;-36,77861;-73,02205;0,9;89,4;7483,9;0;0;0;0;;27137;536,8;0,9;
2022-11-09 10:13:32;-36,77861;-73,02205;0,9;89,4;7483,9;0;0;0;0;;27137;536,8;0,9;
2022-11-09 10:14:02;-36,77861;-73,02205;0,9;89,4;7483,9;0;0;0;0;;27137;536,8;0,9;
2022-11-09 10:14:32;-36,77861;-73,02205;0,9;89,4;7483,9;0;0;0;0;;27137;536,8;0,9;
2022-11-09 10:15:02;-36,77861;-73,02205;1,9;89,4;7483,9;9;0;0;0;;27137;536,8;0,6;
2022-11-09 10:15:32;-36,7786;-73,02182;-0,6;89,3;7483,9;30;0;0;0;;27137;530,7;60,3;
2022-11-09 10:16:02;-36,7786;-73,02182;-3,2;89,2;7484,2;24;0;0;0;;27137;536,3;-1,8;
2022-11-09 10:16:32;-36,77588;-73,02251;-0,9;89,2;7484,3;0;0;0;0;;27137;536,3;1,4;
2022-11-09 10:17:02;-36,77502;-73,02327;-0,9;89,2;7484,3;0;0;0;0;;27005;536,3;1,4;
2022-11-09 10:17:32;-36,77502;-73,02327;1,8;89,1;7484,4;17;0;0;0;;27137;534,8;33,3;
2022-11-09 10:18:02;-36,77459;-73,02386;0,6;89,1;7484,5;5;0;0;0;;27137;536,3;1,7;
2022-11-09 10:18:32;-36,77455;-73,02308;0,4;89,1;7484,5;0;0;0;0;;27137;536,3;1,1;
2022-11-09 10:19:02;-36,77455;-73,02308;0,4;89,1;7484,5;0;0;0;0;;27137;536,8;1,1;
2022-11-09 10:19:32;-36,77455;-73,02308;0,4;89,1;7484,5;0;0;0;0;;27137;536,8;1,4;
2022-11-09 10:20:02;-36,77455;-73,02308;0,4;89,1;7484,5;0;0;0;0;;27137;536,8;1,4;
2022-11-09 10:20:32;-36,77455;-73,02308;0,4;89,1;7484,5;0;0;0;0;;27137;536,8;1,4;
2022-11-09 10:21:02;-36,77455;-73,02308;0,4;89,1;7484,5;0;0;0;0;;27137;536,8;1,1;
2022-11-09 10:21:32;-36,77455;-73,02308;0,4;89,1;7484,5;0;0;0;0;;27137;536,8;1,1;
2022-11-09 10:22:02;-36,77455;-73,02308;-4,7;89;7484,6;18;0;0;0;;27137;535,8;-2,1;
2022-11-09 10:22:32;-36,77508;-73,0219;-4,1;89;7484,7;2;0;0;0;;27137;536,3;3,1;
2022-11-09 10:23:02;-36,7751;-73,0219;-4,1;89;7484,7;3;0;0;0;;27137;536,3;3,9;
2022-11-09 10:23:32;-36,7751;-73,0219;0,7;88,9;7484,8;5;0;0;0;;27005;536,3;5,8;
2022-11-09 10:24:02;-36,77446;-73,02249;3,4;88,9;7484,8;0;1;0;0;;27005;536,8;2,2;
2022-11-09 10:24:32;-36,77437;-73,02256;3,4;88,9;7484,8;0;1;0;0;;27005;536,8;2,2;
2022-11-09 10:25:02;-36,77437;-73,02256;3,4;88,9;7484,8;0;1;0;0;;27005;536,8;2,2;
2022-11-09 10:25:32;-36,77437;-73,02256;3,4;88,9;7484,8;0;1;0;0;;27005;536,8;2,2;
2022-11-09 10:26:02;-36,77437;-73,02256;3,4;88,9;7484,8;0;1;0;0;;27005;536,8;2,2;
2022-11-09 10:26:32;-36,77437;-73,02256;3,4;88,9;7484,8;0;1;0;0;;27005;536,8;2,2;
2022-11-09 10:27:02;-36,77437;-73,02256;3,4;88,9;7484,8;0;1;0;0;;27005;536,8;2,2;
2022-11-09 10:27:32;-36,77437;-73,02256;3,4;88,9;7484,8;0;1;0;0;;27005;536,8;2,2;
2022-11-09 10:28:02;-36,77437;-73,02256;3,4;88,9;7484,8;0;1;0;0;;27005;536,8;2,2;
2022-11-09 10:28:32;-36,77437;-73,02256;-1,5;88,8;7484,8;15;0;0;0;;27005;536,8;-4;
2022-11-09 10:29:02;-36,77513;-73,02198;-7,9;88,8;7484,9;10;0;0;0;;27137;533,8;40,5;
2022-11-09 10:29:32;-36,77513;-73,02198;-6,4;88,6;7485,1;46;0;0;0;;26874;519,7;199,7;
2022-11-09 10:30:02;-36,77739;-73,02207;-0,9;88,4;7485,4;43;0;0;0;;26743;522,2;134,8;
2022-11-09 10:30:32;-36,78117;-73,02138;2,4;88,3;7485,6;4;0;0;0;;27137;534,8;0,9;
2022-11-09 10:31:02;-36,78117;-73,02138;1,4;88,3;7485,7;0;0;0;0;;27137;535,3;1,1;
2022-11-09 10:31:32;-36,78182;-73,02113;3,6;88,3;7485,7;0;0;0;0;;27137;536,3;1,4;
2022-11-09 10:32:02;-36,7819;-73,0211;3,6;88,3;7485,7;0;0;0;0;;27137;536,3;1,4;
2022-11-09 10:32:32;-36,7819;-73,0211;7;88,3;7485,7;0;0;0;0;;27137;536,3;1,4;
2022-11-09 10:33:02;-36,78201;-73,02113;7;88,3;7485,7;1;0;0;0;;27137;536,8;1,1;
2022-11-09 10:33:32;-36,78214;-73,02118;10,3;88,2;7485,8;0;0;0;0;;27137;536,8;1,4;
2022-11-09 10:34:02;-36,78214;-73,02118;14,7;88,2;7485,8;2;0;0;0;;27137;536,3;3,3;
2022-11-09 10:34:32;-36,78254;-73,02135;14,5;88,2;7485,8;9;0;0;0;;27137;534,8;32,2;
2022-11-09 10:35:02;-36,78339;-73,02167;6,8;88,2;7485,9;0;0;0;0;;27137;536,8;1,4;
2022-11-09 10:35:32;-36,78339;-73,02167;9,6;88,2;7485,9;7;0;0;0;;27137;536,3;1,1;
2022-11-09 10:36:02;-36,7838;-73,02186;9,4;88,2;7486;0;0;0;0;;27137;536,8;1,4;
2022-11-09 10:36:32;-36,78417;-73,02201;10,2;88,2;7486;9;0;0;0;;27137;535,8;0,6;
2022-11-09 10:37:02;-36,78417;-73,02201;7,1;88,1;7486;0;0;0;0;;27137;536,8;1,1;
2022-11-09 10:37:32;-36,78487;-73,02231;9,2;88,1;7486;2;0;0;0;;27137;536,3;11,6;
2022-11-09 10:38:02;-36,78567;-73,02266;9,9;88,1;7486,1;0;0;0;0;;27137;536,3;2;
2022-11-09 10:38:32;-36,78567;-73,02266;9,9;88,1;7486,1;1;0;0;0;;27005;536,3;8,3;
2022-11-09 10:39:02;-36,78585;-73,02274;8,8;88;7486,2;0;0;0;0;;27005;536,3;0,9;
2022-11-09 10:39:32;-36,78666;-73,0231;8,8;88;7486,2;5;0;0;0;;27137;535,8;6,4;
2022-11-09 10:40:02;-36,78666;-73,0231;7,2;87,9;7486,3;16;0;0;0;;27137;534,3;42,4;
2022-11-09 10:40:32;-36,78784;-73,02356;6,3;87,9;7486,4;0;0;0;0;;27005;536,3;1,4;
2022-11-09 10:41:02;-36,78931;-73,0242;6,9;87,5;7486,7;70;0;0;0;;27137;521,7;150,2;
2022-11-09 10:41:32;-36,78931;-73,0242;6,9;87,2;7487,2;76;0;0;0;;27137;538,4;-126,9;
2022-11-09 10:42:02;-36,79643;-73,02588;5,5;87,2;7487,5;15;0;0;0;;27137;533,8;0,6;
2022-11-09 10:42:32;-36,79855;-73,02613;3,8;87,1;7487,6;16;0;0;0;;27137;530,2;52,6;
2022-11-09 10:43:02;-36,79855;-73,02613;9,1;87;7487,8;15;0;0;0;;27137;534,8;-2,1;
2022-11-09 10:43:32;-36,79926;-73,02701;9,5;87;7487,8;0;0;0;0;;27137;535,8;1,4;
2022-11-09 10:44:02;-36,79926;-73,02701;9,5;87;7487,8;0;0;0;0;;27137;535,8;1,4;
2022-11-09 10:44:32;-36,79926;-73,02701;9,5;87;7487,8;0;0;0;0;;27137;536,3;1,4;
2022-11-09 10:45:02;-36,79926;-73,02701;9,5;87;7487,8;0;0;0;0;;27137;536,3;1,1;
2022-11-09 10:45:32;-36,79926;-73,02701;9,5;87;7487,8;0;0;0;0;;27137;536,3;0,9;
2022-11-09 10:46:02;-36,79926;-73,02701;9,5;87;7487,8;0;0;0;0;;27137;536,8;0,9;
2022-11-09 10:46:32;-36,79926;-73,02701;8,9;86,9;7487,9;17;0;0;0;;27137;534,8;14,6;
2022-11-09 10:47:02;-36,79805;-73,02733;-2,5;86,9;7488;2;0;0;0;;27137;536,3;3,1;
2022-11-09 10:47:32;-36,79805;-73,02733;-2,2;86,9;7488;10;0;0;0;;27137;536,3;1,1;
2022-11-09 10:48:02;-36,79757;-73,02707;-1,3;86,9;7488,1;0;0;0;0;;27005;536,3;1,4;
2022-11-09 10:48:32;-36,79744;-73,02704;-1,3;86,9;7488,1;0;0;0;0;;27137;536,8;1,4;
2022-11-09 11:02:50;-36,79744;-73,02704;-1,3;86,9;7488,1;0;0;0;0;;25570;537,9;2,2;
2022-11-09 11:03:20;-36,79744;-73,02704;-1,3;86,9;7488,1;1;0;0;0;;27137;537,3;2;
2022-11-09 11:03:50;-36,79744;-73,02704;0,9;86,9;7488,1;18;0;0;0;;27137;537,3;-5,4;
2022-11-09 11:04:20;-36,7988;-73,02741;3,2;86,8;7488,3;27;0;0;0;;27005;528,1;119,4;
2022-11-09 11:04:50;-36,7988;-73,02741;3;86,7;7488,5;10;0;0;0;;27005;532,7;44;
2022-11-09 11:05:20;-36,80108;-73,0263;2,5;86,6;7488,6;11;0;0;0;;27005;534,3;18,7;
2022-11-09 11:05:50;-36,80288;-73,02581;6,1;86,4;7488,9;35;0;0;0;;27005;526,1;112,8;
2022-11-09 11:06:20;-36,80288;-73,02581;6,9;86,4;7489;1;0;0;0;;27005;535,3;4,2;
2022-11-09 11:06:50;-36,80433;-73,02579;6,9;86,4;7489;0;1;0;0;;27005;536,3;2,2;
2022-11-09 11:07:20;-36,80433;-73,02579;6,9;86,4;7489;0;1;0;0;;27005;536,3;2,2;
2022-11-09 11:07:50;-36,80433;-73,02579;6,9;86,4;7489;0;1;0;0;;27005;536,8;2,2;
2022-11-09 11:08:20;-36,80433;-73,02579;6,9;86,4;7489;0;1;0;0;;27005;536,8;2,2;
2022-11-09 11:08:50;-36,80433;-73,02579;6,9;86,4;7489;0;1;0;0;;27005;536,8;2,2;
2022-11-09 11:09:20;-36,80433;-73,02579;6,9;86,4;7489;0;1;0;0;;27005;536,8;2,2;
2022-11-09 11:09:50;-36,80433;-73,02579;6,9;86,4;7489;0;1;0;0;;27005;536,8;2;
2022-11-09 11:10:20;-36,80433;-73,02579;6,9;86,4;7489;0;1;0;0;;27005;536,8;2,2;
2022-11-09 11:10:50;-36,80433;-73,02579;6,9;86,4;7489;0;1;0;0;;27005;537,3;2,2;
2022-11-09 11:11:20;-36,80433;-73,02579;6,9;86,4;7489;0;1;0;0;;27005;537,3;2,2;
2022-11-09 11:11:50;-36,80433;-73,02579;6,9;86,4;7489;0;1;0;0;;27005;537,3;2,2;
2022-11-09 11:12:20;-36,80433;-73,02579;6,9;86,4;7489;0;1;0;0;;27005;537,3;2,2;
2022-11-09 11:12:50;-36,80433;-73,02579;6,8;86,3;7489;3;0;0;0;;27005;536,8;3,9;
2022-11-09 11:13:20;-36,80429;-73,02538;2,5;86,2;7489,1;32;0;0;0;;27005;531,2;49;
2022-11-09 11:13:50;-36,80429;-73,02538;6,4;85,7;7489,6;74;0;0;0;;27005;528,6;-16,7;
2022-11-09 11:14:20;-36,80946;-73,02627;4,6;85,7;7490;26;0;0;0;;27005;533,2;11,6;
2022-11-09 11:14:50;-36,80971;-73,0263;6,3;85,3;7490,3;69;0;0;0;;27005;517,6;166,1;
2022-11-09 11:15:20;-36,80971;-73,0263;7,4;84,8;7491;88;0;0;0;;27005;517,6;150,2;
2022-11-09 11:15:50;-36,80179;-73,02566;5,6;84,5;7491,7;76;0;0;0;;27005;521,2;145,2;
2022-11-09 11:16:20;-36,79312;-73,02538;2,5;84,5;7492,2;1;0;0;0;;27005;533,8;2;
2022-11-09 11:16:50;-36,79312;-73,02538;2,1;84,4;7492,2;35;0;0;0;;27005;527,1;81,4;
2022-11-09 11:17:20;-36,79153;-73,02505;3,8;84,3;7492,6;26;0;0;0;;27005;535,3;-16,1;
2022-11-09 11:17:50;-36,78878;-73,02389;4,6;84,3;7492,6;1;0;0;0;;27005;534,8;2;
2022-11-09 11:18:20;-36,78878;-73,02389;4,7;83,9;7492,9;64;0;0;0;;27005;518,1;184,8;
2022-11-09 11:18:50;-36,78522;-73,02234;3,1;83,7;7493,4;62;0;0;0;;27005;521,7;154,6;
2022-11-09 11:19:20;-36,77844;-73,0187;4,4;83,5;7494;60;0;0;0;;27005;536,8;-71,1;
2022-11-09 11:19:50;-36,77844;-73,0187;4,1;83,4;7494,4;49;0;0;0;;27005;522,2;168,1;
2022-11-09 11:20:20;-36,77317;-73,01532;4,2;83,4;7494,7;9;0;0;0;;27005;534,3;1,7;
2022-11-09 11:20:50;-36,7712;-73,01425;5,1;83,4;7494,8;0;0;0;0;;27005;534,8;2,2;
2022-11-09 11:21:20;-36,7712;-73,01425;5,5;83,4;7494,8;9;0;0;0;;26874;535,3;2,2;
2022-11-09 11:21:50;-36,77065;-73,01396;7,6;83,3;7494,9;25;0;0;0;;27005;528,1;106,2;
2022-11-09 11:22:20;-36,76821;-73,01272;16,9;83,1;7495,2;21;0;0;0;;27005;533,2;-3,5;
2022-11-09 11:22:50;-36,76821;-73,01272;15,6;82,6;7495,6;81;0;0;0;;27005;517,6;176,9;
2022-11-09 11:23:20;-36,76319;-73,00884;28,4;82,1;7496,3;84;0;0;0;;27005;515,6;175,8;
2022-11-09 11:23:50;-36,75595;-73,00183;41,4;81,6;7496,9;80;0;0;0;;27005;515,6;176,6;
2022-11-09 11:24:20;-36,75595;-73,00183;45,9;81,6;7497,3;0;0;0;0;;27005;532,2;2;
2022-11-09 11:24:50;-36,75186;-73,00006;47,9;81,4;7497,4;36;0;0;0;;27005;520,7;165,3;
2022-11-09 11:25:20;-36,75162;-73,00253;76,9;81;7497,6;36;0;0;0;;27005;516,1;180,7;
2022-11-09 11:25:50;-36,75162;-73,00253;95,2;80,7;7497,8;20;0;0;0;;27005;522,8;100,4;
2022-11-09 11:26:20;-36,75274;-73,0056;98,1;80,6;7498;0;1;0;0;;27005;532,7;2,2;
2022-11-09 11:26:50;-36,75371;-73,00561;98,3;80,6;7498;0;1;0;0;;27005;533,8;2;
2022-11-09 11:27:20;-36,75371;-73,00561;98,3;80,6;7498;0;1;0;0;;27005;534,8;2;
2022-11-09 11:27:50;-36,75371;-73,00561;98,3;80,6;7498;0;1;0;0;;27005;534,8;2;
2022-11-09 11:28:20;-36,75371;-73,00561;98,3;80,6;7498;0;1;0;0;;27005;535,3;2,2;
2022-11-09 11:28:50;-36,75371;-73,00561;98,3;80,6;7498;0;1;0;0;;27005;535,3;2;
2022-11-09 11:29:20;-36,75371;-73,00561;98,3;80,6;7498;0;1;0;0;;27005;535,8;2,2;
2022-11-09 11:29:50;-36,75371;-73,00561;98,3;80,6;7498;0;1;0;0;;27005;535,8;2,2;
2022-11-09 11:30:20;-36,75371;-73,00561;98,3;80,6;7498;0;1;0;0;;27005;535,8;2,2;
2022-11-09 11:30:50;-36,75371;-73,00561;98,7;80,5;7498,1;20;0;0;0;;27005;536,3;-6,5;
2022-11-09 11:31:20;-36,75352;-73,00564;101;80,4;7498,2;26;0;0;0;;27005;534,8;-10,1;
2022-11-09 11:31:50;-36,75352;-73,00564;94,7;80,4;7498,4;16;0;0;0;;27005;535,8;-0,7;
2022-11-09 11:32:20;-36,75121;-73,00654;80,3;80,3;7498,7;34;0;0;0;;27005;538,9;-38,4;
2022-11-09 11:32:50;-36,74734;-73,00644;64,3;80,3;7498,9;29;0;0;0;;27005;526,6;144,4;
2022-11-09 11:33:20;-36,74734;-73,00644;61,9;80,1;7499,2;22;0;0;0;;27005;535,8;-8,4;
2022-11-09 11:33:50;-36,74371;-73,00559;55,5;80;7499,4;33;0;0;0;;27005;527,1;81,7;
2022-11-09 11:34:20;-36,74166;-73,00541;45,1;80;7499,6;5;0;0;0;;27005;535,3;2,5;
2022-11-09 11:46:44;-36,74155;-73,00576;43,4;80;7499,6;0;0;0;0;;25832;537,3;3,3;
2022-11-09 11:47:14;-36,74155;-73,00576;39,5;80;7499,7;5;0;0;0;;27005;537,3;2,8;
2022-11-09 11:47:44;-36,74133;-73,00611;30,5;80;7499,8;22;0;0;0;;27005;535,8;14,1;
2022-11-09 11:48:14;-36,7394;-73,00472;20,7;80;7500;16;0;0;0;;27005;531,2;86,7;
2022-11-09 11:48:44;-36,7394;-73,00472;4,2;79,9;7500,3;31;0;0;0;;27005;539,9;-30,1;
2022-11-09 11:49:14;-36,73824;-73,00101;4,4;79,7;7500,5;37;0;0;0;;27005;536,8;-46,1;
2022-11-09 11:49:44;-36,74001;-72,9991;3,7;79,6;7500,7;0;0;0;0;;27005;535,3;2;
2022-11-09 11:50:14;-36,74001;-72,9991;8,8;79,4;7500,9;33;0;0;0;;27005;528,1;91,3;
2022-11-09 11:50:44;-36,73894;-72,99611;-0,6;79,4;7501;11;0;0;0;;27005;532,2;61,6;
2022-11-09 11:51:14;-36,73766;-72,99523;-2,9;79,4;7501,1;0;0;0;0;;27005;535,8;2,2;
2022-11-09 11:51:44;-36,73766;-72,99523;-2,9;79,3;7501,2;16;0;0;0;;27005;528,6;103,4;
2022-11-09 11:52:14;-36,73721;-72,99546;0,9;79,2;7501,3;12;0;0;0;;27005;532,2;66;
2022-11-09 11:52:44;-36,73631;-72,9943;-2,7;79,2;7501,5;4;0;0;0;;27005;535,3;2,5;
2022-11-09 11:53:14;-36,73631;-72,9943;-2,6;79,2;7501,5;0;1;0;0;;27005;536,3;2,2;
2022-11-09 11:53:44;-36,73664;-72,99413;-2,6;79,2;7501,5;0;1;0;0;;27005;536,3;2,2;
2022-11-09 11:54:14;-36,73664;-72,99413;-2,6;79,2;7501,5;0;1;0;0;;27005;536,3;2,5;
2022-11-09 11:54:44;-36,73664;-72,99413;-2,6;79,2;7501,5;0;1;0;0;;27005;536,8;2,2;
2022-11-09 11:55:14;-36,73664;-72,99413;-2,6;79,2;7501,5;0;1;0;0;;27005;536,8;2,2;
2022-11-09 11:55:44;-36,73664;-72,99413;-2,6;79,2;7501,5;0;1;0;0;;27005;536,8;2,5;
2022-11-09 11:56:14;-36,73664;-72,99413;-2,6;79,2;7501,5;0;1;0;0;;27005;536,8;2,2;
2022-11-09 11:56:44;-36,73664;-72,99413;-2,6;79,2;7501,5;0;1;0;0;;27005;536,8;2,5;
2022-11-09 11:57:14;-36,73664;-72,99413;-2,6;79,2;7501,5;0;1;0;0;;27005;536,8;2,2;
2022-11-09 11:57:44;-36,73664;-72,99413;-2,6;79,2;7501,5;0;1;0;0;;27005;536,8;2,2;
2022-11-09 11:58:14;-36,73664;-72,99413;-2,6;79,1;7501,5;0;0;0;0;;27005;536,8;2,8;
2022-11-09 11:58:44;-36,73684;-72,99401;0,8;79,1;7501,5;0;0;0;0;;26874;536,8;2,2;
2022-11-09 11:59:14;-36,73684;-72,99401;1,6;79;7501,5;15;0;0;0;;27005;531,2;77,3;
2022-11-09 11:59:44;-36,73706;-72,99452;-3,4;78,9;7501,7;29;0;0;0;;27005;530,7;71;
2022-11-09 12:00:14;-36,73792;-72,99676;-9;78,8;7501,8;31;0;0;0;;27005;533,2;6,1;
2022-11-09 12:00:44;-36,73792;-72,99676;-7,9;78,8;7501,9;0;0;0;0;;27005;536,3;2,2;
2022-11-09 12:01:14;-36,73823;-72,99771;-7,9;78,8;7501,9;0;0;0;0;;27005;536,3;2,2;
2022-11-09 12:01:44;-36,73823;-72,99771;-7,9;78,8;7501,9;0;0;0;0;;27005;536,8;3,1;
2022-11-09 12:02:14;-36,73823;-72,99771;-7,9;78,8;7501,9;0;0;0;0;;26612;536,8;2,2;
2022-11-09 12:02:44;-36,73823;-72,99771;-7,9;78,8;7501,9;0;0;0;0;;27005;536,8;2,2;
2022-11-09 12:03:14;-36,73823;-72,99771;-7,9;78,8;7501,9;0;0;0;0;;27005;536,8;2,2;
2022-11-09 12:03:44;-36,73823;-72,99771;-7,9;78,8;7501,9;6;0;0;0;;27005;535,8;24;
2022-11-09 12:04:14;-36,73839;-72,99772;3,8;78,6;7502;0;1;0;0;;27005;535,3;7,7;
2022-11-09 12:04:44;-36,73893;-72,9962;-0,2;78,6;7502,2;19;0;0;0;;27005;536,8;-6,5;
2022-11-09 12:05:14;-36,73893;-72,9962;1,4;78,4;7502,4;40;0;0;0;;27005;535,8;-54,6;
2022-11-09 12:05:44;-36,73886;-72,99289;2,1;78,4;7502,5;0;0;0;0;;27005;535,8;2,5;
2022-11-09 12:06:14;-36,73928;-72,99264;2,4;78,4;7502,6;17;0;0;0;;26874;533,2;29,7;
2022-11-09 12:06:44;-36,73928;-72,99264;1,5;78,2;7502,8;21;0;0;0;;27005;534,8;-3,7;
2022-11-09 12:07:14;-36,74086;-72,99118;7,8;78,2;7502,8;0;1;0;0;;27005;535,8;2,2;
2022-11-09 12:07:44;-36,74087;-72,99114;7,8;78,2;7502,8;0;1;0;0;;27005;536,3;2,2;
2022-11-09 12:08:14;-36,74087;-72,99114;7,8;78,2;7502,8;0;1;0;0;;27005;536,3;2,2;
2022-11-09 12:08:44;-36,74087;-72,99114;7,8;78,2;7502,8;0;1;0;0;;27005;536,8;2,2;
2022-11-09 12:09:14;-36,74087;-72,99114;7,8;78,2;7502,8;0;1;0;0;;27005;536,8;2,2;
2022-11-09 12:09:44;-36,74087;-72,99114;7,8;78,2;7502,8;0;1;0;0;;27005;536,8;2,2;
2022-11-09 12:10:14;-36,74087;-72,99114;7,8;78,2;7502,8;0;1;0;0;;27005;536,8;2,2;
2022-11-09 12:10:44;-36,74081;-72,99095;9,5;78,1;7502,9;11;0;0;0;;26743;535,8;26,4;
2022-11-09 12:11:14;-36,74081;-72,99095;7,3;78,1;7503;18;0;0;0;;26743;536,3;-2,9;
2022-11-09 12:11:44;-36,73904;-72,99129;11,4;78,1;7503,2;18;0;0;0;;26743;534,3;33,9;
2022-11-09 12:12:14;-36,73778;-72,99195;9,3;78;7503,2;0;0;0;0;;26743;536,8;2,5;
2022-11-09 12:12:44;-36,73778;-72,99195;6,7;78;7503,2;17;0;0;0;;26743;531,2;82,3;
2022-11-09 12:13:14;-36,73739;-72,99141;6,8;78;7503,4;2;0;0;0;;26743;536,3;4,2;
2022-11-09 12:13:44;-36,73692;-72,99059;6,9;77,9;7503,4;0;1;0;0;;26743;536,3;2,2;
2022-11-09 12:14:14;-36,73692;-72,99059;6,9;77,9;7503,4;0;1;0;0;;26743;536,8;2,5;
2022-11-09 12:14:44;-36,73692;-72,99059;6,9;77,9;7503,4;0;1;0;0;;26743;536,8;2,5;
2022-11-09 12:15:14;-36,73692;-72,99059;6,9;77,9;7503,4;0;1;0;0;;26743;536,8;2,5;
2022-11-09 12:15:44;-36,73692;-72,99059;6,9;77,9;7503,4;0;1;0;0;;26743;536,8;2,5;
2022-11-09 12:16:14;-36,73692;-72,99059;6,9;77,9;7503,4;0;1;0;0;;26743;536,8;2,5;
2022-11-09 12:16:44;-36,73692;-72,99059;6,9;77,9;7503,4;0;1;0;0;;26743;536,8;2,2;
2022-11-09 12:17:14;-36,73692;-72,99059;8,5;77,9;7503,4;2;0;0;0;;26743;536,8;4,4;
2022-11-09 12:17:44;-36,73698;-72,99059;7,6;77,8;7503,4;2;0;0;0;;26743;535,8;17,9;
2022-11-09 12:18:14;-36,73793;-72,9903;-2,5;77,8;7503,6;4;0;0;0;;26612;535,8;13,5;
2022-11-09 12:18:44;-36,73793;-72,9903;-3,6;77,8;7503,6;0;1;0;0;;26743;536,8;2,5;
2022-11-09 12:19:14;-36,73818;-72,99022;-3,6;77,7;7503,6;0;1;0;0;;26743;536,8;2,5;
2022-11-09 12:19:44;-36,73818;-72,99022;-3,6;77,7;7503,6;0;1;0;0;;26743;536,8;2,5;
2022-11-09 12:20:14;-36,73818;-72,99022;-3,6;77,7;7503,6;0;1;0;0;;26743;536,8;2,8;
2022-11-09 12:20:44;-36,73818;-72,99022;-3,6;77,7;7503,6;0;1;0;0;;26743;536,8;2,5;
2022-11-09 12:21:14;-36,73818;-72,99022;-3,6;77,7;7503,6;0;1;0;0;;26743;537,3;2,5;
2022-11-09 12:21:44;-36,73818;-72,99022;-3,6;77,7;7503,6;0;1;0;0;;26743;537,3;2,5;
2022-11-09 12:22:14;-36,73818;-72,99022;-3,6;77,7;7503,6;0;1;0;0;;26743;537,3;2,5;
2022-11-09 12:22:44;-36,73818;-72,99022;-3,6;77,7;7503,6;0;1;0;0;;26743;537,3;2,8;
2022-11-09 12:23:14;-36,73818;-72,99022;-3,6;77,7;7503,6;0;1;0;0;;26743;537,3;2,5;
2022-11-09 12:23:44;-36,73818;-72,99022;-3,6;77,7;7503,6;0;1;0;0;;26743;537,3;2,5;
2022-11-09 12:24:14;-36,73818;-72,99022;-3,6;77,7;7503,6;0;1;0;0;;26743;537,3;2,5;
2022-11-09 12:24:44;-36,73818;-72,99022;-3,6;77,7;7503,6;0;1;0;0;;26743;537,3;2,5;
2022-11-09 12:25:14;-36,73818;-72,99022;-3,6;77,7;7503,6;0;1;0;0;;26743;537,3;2,5;
2022-11-09 12:25:44;-36,73839;-72,99007;3,3;77,6;7503,7;19;0;0;0;;26743;536,3;-4,6;
2022-11-09 12:26:14;-36,73839;-72,99007;-3,7;77,5;7503,9;21;0;0;0;;27005;536,3;-9,8;
2022-11-09 12:26:44;-36,73862;-72,99148;-6,1;77,4;7504;0;0;0;0;;27005;535,8;2,2;
2022-11-09 12:27:14;-36,73726;-72,99117;-2,8;77,3;7504,2;11;0;0;0;;27005;534,3;28,1;
2022-11-09 12:27:44;-36,73726;-72,99117;-1,2;77,3;7504,2;2;0;0;0;;27005;536,3;2,5;
2022-11-09 12:28:14;-36,73692;-72,99062;-1,2;77,3;7504,2;0;1;0;0;;27005;536,3;2,5;
2022-11-09 12:28:44;-36,73692;-72,99062;-1,2;77,3;7504,2;0;1;0;0;;27005;536,8;2,2;
2022-11-09 12:29:14;-36,73692;-72,99062;-1,2;77,3;7504,2;0;1;0;0;;27005;536,8;2,2;
2022-11-09 12:29:44;-36,73692;-72,99062;-1,2;77,3;7504,2;0;1;0;0;;27005;536,8;2,2;
2022-11-09 12:30:14;-36,73692;-72,99062;-1,2;77,3;7504,2;0;1;0;0;;27005;536,8;2,2;
2022-11-09 12:30:44;-36,73692;-72,99062;-1,2;77,3;7504,2;0;1;0;0;;27005;537,3;2,2;
2022-11-09 12:31:14;-36,73692;-72,99062;-1,2;77,3;7504,2;6;0;0;0;;27005;535,8;17,4;
2022-11-09 12:31:44;-36,73658;-72,9893;4,4;77,1;7504,4;25;0;0;0;;27005;536,8;-12,3;
2022-11-09 12:32:14;-36,73658;-72,9893;-7,8;77;7504,7;44;0;0;0;;27005;532,2;-1,8;
2022-11-09 12:32:44;-36,73467;-72,98727;20,4;76,6;7505;45;0;0;0;;27005;517,6;181;
2022-11-09 12:33:14;-36,73153;-72,98323;44,2;76,2;7505,4;49;0;0;0;;27005;532,7;-51,3;
2022-11-09 12:33:44;-36,73153;-72,98323;22,3;76,3;7505,7;46;0;0;0;;27005;525,1;123,2;
2022-11-09 12:34:14;-36,72745;-72,98003;18,2;76,2;7506,2;14;0;0;0;;27005;534,3;0;
2022-11-09 12:34:44;-36,725;-72,97795;25,7;76,1;7506,3;10;0;0;0;;27005;530,2;52,3;
2022-11-09 12:35:14;-36,725;-72,97795;31,3;76;7506,4;8;0;0;0;;27005;533,8;3,3;
2022-11-09 12:35:44;-36,72552;-72,97817;30,4;76;7506,4;0;0;0;0;;27005;534,8;2,5;
2022-11-09 12:36:14;-36,7255;-72,97821;30,4;76;7506,4;0;1;0;0;;27005;535,3;2,2;
2022-11-09 12:36:44;-36,7255;-72,97821;30,4;76;7506,4;0;1;0;0;;27005;535,8;2,2;
2022-11-09 12:37:14;-36,7255;-72,97821;30,4;76;7506,4;0;1;0;0;;27005;535,8;2,2;
2022-11-09 12:37:44;-36,7255;-72,97821;30,4;76;7506,4;0;1;0;0;;27005;536,3;2,2;
2022-11-09 12:38:14;-36,7255;-72,97821;30,4;76;7506,4;0;1;0;0;;27005;536,3;2,2;
2022-11-09 12:38:44;-36,7255;-72,97821;30,4;76;7506,4;0;1;0;0;;27005;536,3;2,2;
2022-11-09 12:39:14;-36,7255;-72,97821;30,4;76;7506,4;0;1;0;0;;27005;536,3;2,2;
2022-11-09 12:39:44;-36,7255;-72,97821;30,4;76;7506,4;0;1;0;0;;27005;536,8;2,2;
2022-11-09 12:40:14;-36,7255;-72,97821;30,4;76;7506,4;0;1;0;0;;27005;536,8;2,2;
2022-11-09 12:40:44;-36,7255;-72,97821;30,4;76;7506,4;0;1;0;0;;27005;536,8;2,2;
2022-11-09 12:41:14;-36,7255;-72,97821;30,4;75,9;7506,4;2;0;0;0;;27005;536,3;8,6;
2022-11-09 12:41:44;-36,72549;-72,97829;33,1;75,8;7506,5;6;0;0;0;;27005;536,3;3,1;
2022-11-09 12:42:14;-36,72568;-72,97765;32,2;75,8;7506,5;0;0;0;0;;27005;535,8;13,8;
2022-11-09 12:42:44;-36,72568;-72,97765;34,4;75,8;7506,6;13;0;0;0;;27005;531,7;66,3;
2022-11-09 12:43:14;-36,72581;-72,97726;47;75,6;7506,7;14;0;0;0;;27005;532,7;27,3;
2022-11-09 12:43:44;-36,7257;-72,97585;43,8;75,6;7506,8;0;1;0;0;;27005;535,3;3,9;
2022-11-09 12:44:14;-36,7257;-72,97585;43,8;75,5;7506,8;4;0;0;0;;26874;532,7;27,8;
2022-11-09 12:44:44;-36,72569;-72,9759;45,9;75,4;7506,8;0;1;0;0;;27005;534,3;2,5;
2022-11-09 12:49:26;-36,72572;-72,97581;47,2;75,4;7506,8;0;1;0;0;;25832;537,3;3,1;
2022-11-09 12:49:56;-36,72572;-72,97581;47,5;75,4;7506,9;10;0;0;0;;25832;537,3;1,7;
2022-11-09 12:50:26;-36,72553;-72,9761;37,1;75,4;7507;22;0;0;0;;27005;537,9;-7,9;
2022-11-09 12:50:56;-36,72469;-72,9768;32,2;75,4;7507,1;11;0;0;0;;27005;531,2;66,3;
2022-11-09 12:51:26;-36,72469;-72,9768;38;75,2;7507,2;13;0;0;0;;27005;533,8;1,7;
2022-11-09 12:51:56;-36,7241;-72,97728;33;75,1;7507,3;30;0;0;0;;27005;521,7;175,5;
2022-11-09 12:52:26;-36,72247;-72,97705;42,9;75;7507,4;6;0;0;0;;27005;533,8;1,7;
2022-11-09 12:52:56;-36,72247;-72,97705;43,1;75;7507,5;0;1;0;0;;27005;535,3;1,7;
2022-11-09 12:53:26;-36,72223;-72,97685;43,1;75;7507,5;0;1;0;0;;27005;535,8;1,7;
2022-11-09 12:53:56;-36,72223;-72,97685;43,1;75;7507,5;0;1;0;0;;27005;536,3;1,7;
2022-11-09 12:54:26;-36,72223;-72,97685;43,1;75;7507,5;0;1;0;0;;27005;536,3;1,7;
2022-11-09 12:54:56;-36,72223;-72,97685;43,1;75;7507,5;0;1;0;0;;27005;536,3;1,7;
2022-11-09 12:55:26;-36,72223;-72,97685;43,1;75;7507,5;0;1;0;0;;27005;536,8;1,4;
2022-11-09 12:55:56;-36,72223;-72,97685;43,1;75;7507,5;0;1;0;0;;27005;536,8;1,7;
2022-11-09 12:56:26;-36,72223;-72,97685;43,1;75;7507,5;0;1;0;0;;27005;536,8;1,7;
2022-11-09 12:56:56;-36,72223;-72,97685;43,1;75;7507,5;0;1;0;0;;27005;536,8;1,7;
2022-11-09 12:57:26;-36,72223;-72,97685;43,1;75;7507,5;0;1;0;0;;27005;536,8;1,7;
2022-11-09 12:57:56;-36,72223;-72,97685;43,1;75;7507,5;0;1;0;0;;27005;536,8;1,7;
2022-11-09 12:58:26;-36,72223;-72,97685;43,1;74,9;7507,5;1;0;0;0;;27005;536,8;3,3;
2022-11-09 12:58:56;-36,72223;-72,97685;43,9;74,8;7507,5;16;0;0;0;;27005;533,8;50,9;
2022-11-09 12:59:26;-36,7212;-72,97641;44,9;74,8;7507,6;0;0;0;0;;27005;536,8;1,7;
2022-11-09 12:59:56;-36,72119;-72,97641;44,8;74,8;7507,6;8;0;0;0;;27005;536,3;3,3;
2022-11-09 13:00:26;-36,72119;-72,97641;39,6;74,8;7507,7;10;0;0;0;;27005;532,2;59,2;
2022-11-09 13:00:56;-36,72016;-72,97534;13,2;74,7;7508,1;19;0;0;0;;27005;537,9;-6,2;
2022-11-09 13:01:26;-36,71714;-72,97455;7,1;74,7;7508,1;10;0;0;0;;27005;536,8;3,6;
2022-11-09 13:01:56;-36,71714;-72,97455;6,8;74,7;7508,2;13;0;0;0;;27005;535,8;13,5;
2022-11-09 13:02:26;-36,71655;-72,97508;14,7;74,5;7508,3;18;0;0;0;;27005;534,3;-2,1;
2022-11-09 13:02:56;-36,71671;-72,97682;16,6;74,5;7508,4;0;1;0;0;;27005;535,8;1,7;
2022-11-09 13:03:26;-36,71671;-72,97682;16,6;74,5;7508,4;0;1;0;0;;27005;536,3;1,7;
2022-11-09 13:03:56;-36,71671;-72,97682;16,6;74,5;7508,4;0;1;0;0;;27005;536,3;1,7;
2022-11-09 13:04:26;-36,71671;-72,97682;16,6;74,5;7508,4;0;1;0;0;;27005;536,8;1,7;
2022-11-09 13:04:56;-36,71671;-72,97682;16,6;74,5;7508,4;0;1;0;0;;27005;536,8;1,7;
2022-11-09 13:05:26;-36,71671;-72,97682;16,6;74,5;7508,4;0;1;0;0;;27005;536,8;1,7;
2022-11-09 13:05:56;-36,71671;-72,97682;16,6;74,5;7508,4;0;1;0;0;;27005;536,8;1,4;
2022-11-09 13:06:26;-36,71671;-72,97682;16,6;74,5;7508,4;0;1;0;0;;27005;536,8;1,7;
2022-11-09 13:06:56;-36,71671;-72,97682;16,6;74,5;7508,4;0;1;0;0;;27005;536,8;1,7;
2022-11-09 13:07:26;-36,71671;-72,97682;16,6;74,5;7508,4;0;1;0;0;;27005;536,8;1,4;
2022-11-09 13:07:56;-36,71671;-72,97682;16,6;74,5;7508,4;0;1;0;0;;27005;537,3;1,7;
2022-11-09 13:08:26;-36,71671;-72,97682;16,6;74,5;7508,4;0;1;0;0;;27005;537,3;1,7;
2022-11-09 13:08:56;-36,71671;-72,97682;16,6;74,5;7508,4;0;1;0;0;;27005;537,3;1,4;
2022-11-09 13:09:26;-36,71671;-72,97682;16,6;74,5;7508,4;0;1;0;0;;27005;537,3;1,7;
2022-11-09 13:09:56;-36,71671;-72,97682;16,6;74,5;7508,4;0;1;0;0;;27005;537,3;1,7;
2022-11-09 13:10:26;-36,71671;-72,97682;17,5;74,4;7508,4;10;0;0;0;;26874;534,8;43,2;
2022-11-09 13:10:56;-36,71671;-72,97682;6,3;74,4;7508,5;11;0;0;0;;27005;537,3;1,4;
2022-11-09 13:11:26;-36,7165;-72,97511;19,8;74,3;7508,6;25;0;0;0;;27005;524,5;150,5;
2022-11-09 13:11:56;-36,71988;-72,97517;42,8;73,9;7509;12;0;0;0;;27005;531,7;0;
2022-11-09 13:12:26;-36,71988;-72,97517;31,6;73,9;7509,1;2;0;0;0;;27005;533,8;4,4;
2022-11-09 13:26:05;-36,7194;-72,97602;32,5;73,9;7509,1;0;1;0;0;;25053;537,9;2,8;
2022-11-09 13:26:35;-36,7194;-72,97602;32,5;73,9;7509,1;0;1;0;0;;25053;537,3;2,8;
2022-11-09 13:27:05;-36,7194;-72,97602;32,5;73,9;7509,1;0;1;0;0;;26743;537,3;2,5;
2022-11-09 13:27:35;-36,7194;-72,97602;32,5;73,9;7509,1;0;1;0;0;;26743;537,3;2,5;
2022-11-09 13:28:05;-36,7194;-72,97602;32,5;73,9;7509,1;0;1;0;0;;26743;537,3;2,5;
2022-11-09 13:28:35;-36,7194;-72,97602;32,5;73,9;7509,1;0;1;0;0;;26743;537,3;2,2;
2022-11-09 13:29:05;-36,7194;-72,97602;32,5;73,9;7509,1;0;1;0;0;;27005;537,3;2;
2022-11-09 13:29:35;-36,7194;-72,97602;32,5;73,9;7509,1;0;1;0;0;;27005;537,3;2,2;
2022-11-09 13:30:05;-36,7194;-72,97602;32,5;73,9;7509,1;0;1;0;0;;27005;537,3;2;
2022-11-09 13:30:35;-36,7194;-72,97602;32,5;73,9;7509,1;0;1;0;0;;27005;537,3;2;
2022-11-09 13:31:05;-36,7194;-72,97602;32,5;73,9;7509,1;0;1;0;0;;27005;537,3;2,5;
2022-11-09 13:31:35;-36,7194;-72,97602;32,5;73,9;7509,1;0;1;0;0;;26743;537,3;2,5;
2022-11-09 13:32:05;-36,7194;-72,97602;32,5;73,9;7509,1;0;1;0;0;;26743;537,3;2,5;
2022-11-09 13:32:35;-36,7194;-72,97602;32,5;73,9;7509,1;0;1;0;0;;26743;537,3;2,5;
2022-11-09 13:33:05;-36,7194;-72,97602;32,5;73,9;7509,1;0;1;0;0;;26743;537,3;2,5;
2022-11-09 13:33:35;-36,7194;-72,97602;32,5;73,9;7509,1;0;1;0;0;;26743;537,3;2,5;
2022-11-09 13:34:05;-36,7194;-72,97602;32,5;73,9;7509,1;0;1;0;0;;26743;537,3;2,5;
2022-11-09 13:34:35;-36,7194;-72,97602;32,5;73,9;7509,1;0;1;0;0;;26743;537,3;2,5;
2022-11-09 13:35:05;-36,7194;-72,97602;32,5;73,9;7509,1;0;1;0;0;;26743;537,3;2,5;
2022-11-09 13:35:35;-36,7194;-72,97602;32,5;73,9;7509,1;0;1;0;0;;26743;537,3;2,5;
2022-11-09 13:36:05;-36,7194;-72,97602;32,5;73,9;7509,1;0;1;0;0;;26743;537,3;2,2;
2022-11-09 13:36:35;-36,71914;-72,97589;32,3;73,6;7509,2;12;0;0;0;;26874;536,8;1,4;
2022-11-09 13:37:05;-36,71914;-72,97589;7,5;73,5;7509,4;19;0;0;0;;27005;535,8;-2,4;
2022-11-09 13:37:35;-36,72022;-72,97591;19,5;73,5;7509,4;0;0;0;0;;27005;536,3;2,2;
2022-11-09 13:38:05;-36,72022;-72,97591;19,5;73,5;7509,4;0;0;0;0;;27005;536,8;2,2;
2022-11-09 13:38:35;-36,72022;-72,97591;30;73,3;7509,6;55;0;0;0;;27005;532,7;23,1;
2022-11-09 13:39:05;-36,72277;-72,97863;15;73,2;7510,2;68;0;0;0;;27005;520,7;183,7;
2022-11-09 13:39:35;-36,73071;-72,98133;46,9;72,5;7510,8;81;0;0;0;;27005;515,6;162;
2022-11-09 13:40:05;-36,73071;-72,98133;52,8;72,1;7511,5;81;0;0;0;;27005;527,6;-88,2;
2022-11-09 13:40:35;-36,7391;-72,98645;36,3;72;7512,2;83;0;0;0;;27005;516,6;178,2;
2022-11-09 13:41:05;-36,74769;-72,9906;68;71,4;7512,9;77;0;0;0;;27005;514;178;
2022-11-09 13:41:35;-36,74769;-72,9906;69,3;71,2;7513,5;66;0;0;0;;27005;537,9;-114,6;
2022-11-09 13:42:05;-36,7547;-72,99403;60,6;71;7514;84;0;0;0;;27005;520,2;115,8;
2022-11-09 13:42:35;-36,75403;-73,00208;48,3;71,1;7514,6;37;0;0;0;;27005;534,3;-17,2;
2022-11-09 13:43:05;-36,75403;-73,00208;41;70,8;7515,1;80;0;0;0;;27005;533,2;-54,9;
2022-11-09 13:43:35;-36,75854;-73,00521;23,1;70,6;7515,8;85;0;0;0;;27005;521,2;121;
2022-11-09 13:44:02;-36,76667;-73,01186;17,9;70,6;7516,4;19;0;0;0;;27005;532,7;-4,8;
2022-11-09 13:44:35;-36,76667;-73,01186;18,5;70,5;7516,6;28;0;0;0;;27005;532,7;-22,2;
2022-11-09 13:45:05;-36,7664;-73,01256;7,7;70,5;7516,8;13;0;0;0;;27005;531,7;17,9;
2022-11-09 13:45:35;-36,76438;-73,0133;5,7;70,5;7516,9;3;0;0;0;;27005;532,7;2,2;
2022-11-09 13:46:05;-36,76438;-73,0133;5,7;70,5;7516,9;0;1;0;0;;27005;533,2;2,2;
2022-11-09 13:46:35;-36,76439;-73,01328;5,7;70,5;7516,9;0;1;0;0;;27005;533,8;2,2;
2022-11-09 13:47:05;-36,76439;-73,01328;5,7;70,5;7516,9;0;1;0;0;;27005;533,8;2,2;
2022-11-09 13:47:35;-36,76439;-73,01328;5,7;70,5;7516,9;0;1;0;0;;27005;534,3;2,2;
2022-11-09 13:48:02;-36,76439;-73,01328;5,7;70,4;7516,9;15;0;0;0;;27005;533,8;0;
2022-11-09 13:48:32;-36,76478;-73,01413;3,3;70,4;7517;14;0;0;0;;27005;530,7;52,3;
2022-11-09 13:49:02;-36,76478;-73,01413;4,6;70,2;7517,2;31;0;0;0;;27005;528,1;50,1;
2022-11-09 13:49:35;-36,76635;-73,01257;12,2;70,1;7517,4;13;0;0;0;;27005;532,2;2,5;
2022-11-09 13:50:05;-36,7672;-73,01237;13,8;70,1;7517,4;0;0;0;0;;27005;533,8;2,2;
2022-11-09 13:50:35;-36,7672;-73,01237;13,8;70,1;7517,4;0;0;0;0;;27005;534,3;2,5;
2022-11-09 13:51:05;-36,7672;-73,01237;11,2;70;7517,5;42;0;0;0;;27005;538,4;-64,5;
2022-11-09 13:51:35;-36,7695;-73,01297;13,3;70;7517,7;0;0;0;0;;27005;533,8;3,3;
2022-11-09 13:52:05;-36,7695;-73,01297;12,4;70;7517,7;0;0;0;0;;27005;534,3;2,2;
2022-11-09 13:52:35;-36,76942;-73,01316;12,4;70;7517,7;0;0;0;0;;27005;534,8;2,2;
2022-11-09 13:53:05;-36,76877;-73,01293;19,1;69,8;7517,8;45;0;0;0;;27005;525,6;77,6;
2022-11-09 13:53:35;-36,76877;-73,01293;16,5;69,7;7518,2;31;0;0;0;;27005;531,7;1,4;
2022-11-09 13:54:05;-36,76555;-73,0105;16;69,7;7518,2;0;0;0;0;;27005;534,3;2;
2022-11-09 13:54:35;-36,76555;-73,0105;16;69,7;7518,2;0;0;0;0;;27005;534,8;2;
2022-11-09 13:55:05;-36,76555;-73,0105;16;69,7;7518,2;0;0;0;0;;27005;534,8;2,2;
2022-11-09 13:55:35;-36,76555;-73,0105;16;69,7;7518,2;1;0;0;0;;27005;534,8;3,9;
2022-11-09 13:56:05;-36,76432;-73,00962;15;69,6;7518,4;0;0;0;0;;27005;534,3;2;
2022-11-09 13:56:35;-36,76432;-73,00962;26,6;69,2;7518,7;70;0;0;0;;27005;521,7;130,9;
2022-11-09 13:57:05;-36,75993;-73,00613;39,6;68,8;7519,3;71;0;0;0;;27005;518,1;135,3;
2022-11-09 13:57:35;-36,75394;-73,00084;42,6;68,7;7519,8;33;0;0;0;;27005;527,6;49,8;
2022-11-09 13:58:05;-36,75394;-73,00084;50,4;68,6;7520;8;0;0;0;;27005;530,7;2,8;
2022-11-09 13:58:32;-36,75476;-73,00013;48,3;68,5;7520,2;35;0;0;0;;27005;532,7;-25,2;
2022-11-09 13:59:05;-36,75488;-73,00142;36,6;68,4;7520,5;55;0;0;0;;27005;526,1;60,8;
2022-11-09 13:59:35;-36,75488;-73,00142;26,9;68,3;7521,1;79;0;0;0;;27005;525,1;88;
2022-11-09 14:00:05;-36,76078;-73,00704;14,2;68,1;7521,8;89;0;0;0;;27005;523,3;93,3;
2022-11-09 14:00:35;-36,76844;-73,01296;14,4;68,1;7522,3;8;0;0;0;;27005;532,7;3,6;
2022-11-09 14:01:05;-36,76844;-73,01296;9;67,9;7522,5;64;0;0;0;;27005;521,7;112,2;
2022-11-09 14:01:35;-36,77223;-73,01495;8,8;67,8;7523,1;67;0;0;0;;27005;534,3;-76,1;
2022-11-09 14:02:05;-36,7789;-73,01912;6,5;67,7;7523,6;51;0;0;0;;27005;534,8;-54,3;
2022-11-09 14:02:35;-36,7789;-73,01912;7,1;67,7;7524;49;0;0;0;;27005;533,2;-48;
2022-11-09 14:03:05;-36,78379;-73,0218;5,5;67,5;7524,5;48;0;0;0;;27005;521,7;133,7;
2022-11-09 14:03:35;-36,78793;-73,02356;4,8;67,5;7524,6;0;0;0;0;;27005;531,7;2,2;
2022-11-09 14:04:05;-36,78793;-73,02356;4,4;67,5;7524,6;12;0;0;0;;27005;531,7;8,6;
2022-11-09 14:04:35;-36,78763;-73,02321;-1,6;67,4;7524,8;0;0;0;0;;27005;531,7;2,2;
2022-11-09 14:05:05;-36,7871;-73,02166;-1,5;67,3;7524,9;22;0;0;0;;27005;531,7;-7;
2022-11-09 14:05:35;-36,7871;-73,02166;-0,3;67,2;7525,1;28;0;0;0;;27005;532,2;-19,1;
2022-11-09 14:06:05;-36,78677;-73,02242;0,8;67,2;7525,1;0;1;0;0;;27005;532,2;2;
2022-11-09 14:06:35;-36,78678;-73,02242;0,8;67,2;7525,1;0;1;0;0;;27005;532,7;2;
2022-11-09 14:07:02;-36,78678;-73,02242;0,8;67,2;7525,1;0;1;0;0;;27005;533,2;2;
2022-11-09 14:07:32;-36,78678;-73,02242;0,8;67,2;7525,1;0;1;0;0;;27005;533,2;2;
2022-11-09 14:08:05;-36,78678;-73,02242;0,8;67,2;7525,1;0;1;0;0;;27005;533,2;2;
2022-11-09 14:08:35;-36,78678;-73,02242;0,8;67,2;7525,1;0;0;0;0;;27005;533,8;2,2;
2022-11-09 14:09:05;-36,78678;-73,02242;0,8;67,2;7525,1;0;0;0;0;;27005;533,8;2,2;
2022-11-09 14:09:35;-36,78678;-73,02242;0,8;67,2;7525,1;0;0;0;0;;27005;533,8;2;
2022-11-09 14:10:05;-36,78678;-73,02242;0,8;67,2;7525,1;0;0;0;0;;27005;534,3;2;
2022-11-09 14:10:35;-36,78678;-73,02242;0,8;67,2;7525,1;0;0;0;0;;27005;534,3;2;
2022-11-09 14:11:05;-36,78678;-73,02242;0,8;67,2;7525,1;0;0;0;0;;27005;534,3;2;
2022-11-09 14:11:35;-36,78678;-73,02242;0,8;67,2;7525,1;0;0;0;0;;27005;534,3;2;
2022-11-09 14:12:05;-36,78678;-73,02242;0,8;67,2;7525,1;0;0;0;0;;27005;534,3;2;
2022-11-09 14:12:35;-36,78705;-73,02297;4,5;67;7525,2;41;0;0;0;;27005;526,1;57,2;
2022-11-09 14:13:05;-36,78705;-73,02297;4,5;67;7525,3;0;0;0;0;;27005;533,8;2;
2022-11-09 14:13:35;-36,78794;-73,02336;6,9;66,8;7525,4;54;0;0;0;;27005;519,2;157,6;
2022-11-09 14:14:05;-36,79167;-73,02524;6;66,7;7525,8;0;0;0;0;;27005;532,7;2;
2022-11-09 14:14:35;-36,79167;-73,02524;5,8;66,5;7525,9;67;0;0;0;;27005;515,6;181,3;
2022-11-09 14:15:05;-36,79461;-73,02571;8,4;66,1;7526,5;75;0;0;0;;27005;515,6;174,9;
2022-11-09 14:15:32;-36,80254;-73,02567;9,9;66,1;7527;35;0;0;0;;27005;534,3;-41,1;
2022-11-09 14:16:05;-36,80254;-73,02567;7,5;66;7527,2;12;0;0;0;;27005;530,2;15,4;
2022-11-09 14:16:35;-36,8044;-73,02594;8,2;66;7527,2;0;1;0;0;;27005;531,7;2,2;
2022-11-09 14:17:05;-36,80444;-73,02604;8,2;66;7527,2;0;1;0;0;;27005;532,2;2,2;
2022-11-09 14:17:35;-36,80444;-73,02604;8,2;66;7527,2;0;0;0;0;;27005;532,7;1,7;
2022-11-09 14:18:05;-36,80444;-73,02604;8,2;66;7527,2;0;0;0;0;;27005;532,7;1,4;
2022-11-09 14:18:35;-36,80444;-73,02604;8,2;66;7527,2;0;0;0;0;;27005;533,2;1,1;
2022-11-09 14:19:05;-36,80444;-73,02604;8,2;66;7527,2;0;0;0;0;;27005;533,2;0,9;
2022-11-09 14:19:35;-36,80444;-73,02604;8,2;66;7527,2;0;0;0;0;;27005;533,2;0,9;
2022-11-09 14:20:05;-36,80444;-73,02604;8,2;66;7527,2;0;0;0;0;;27137;533,8;0,9;
2022-11-09 14:20:35;-36,80444;-73,02604;8,2;66;7527,2;0;0;0;0;;27137;533,8;0,9;
2022-11-09 14:21:05;-36,80444;-73,02604;8,2;66;7527,2;0;0;0;0;;27137;533,8;0,9;
2022-11-09 14:21:35;-36,80444;-73,02604;8,2;66;7527,2;0;0;0;0;;27137;533,8;0,9;
2022-11-09 14:22:05;-36,80444;-73,02604;8,2;66;7527,2;0;0;0;0;;27137;534,3;0,9;
2022-11-09 14:22:35;-36,80444;-73,02604;8,2;66;7527,2;0;0;0;0;;27137;534,3;0,9;
2022-11-09 14:23:05;-36,80444;-73,02604;8,2;66;7527,2;0;0;0;0;;27137;534,3;0,9;
2022-11-09 14:23:35;-36,80444;-73,02604;8,2;66;7527,2;0;0;0;0;;27137;534,3;0,9;
2022-11-09 14:24:05;-36,80444;-73,02604;8,2;66;7527,2;0;0;0;0;;27137;534,3;0,9;
2022-11-09 14:24:35;-36,80444;-73,02604;8,2;66;7527,2;0;0;0;0;;27137;534,3;0,9;
2022-11-09 14:25:05;-36,80444;-73,02604;8,2;66;7527,2;0;0;0;0;;27137;534,8;0,9;
2022-11-09 14:25:35;-36,80444;-73,02604;8,2;66;7527,2;0;0;0;0;;27137;534,8;0,9;
2022-11-09 14:26:05;-36,80444;-73,02604;8,2;66;7527,2;0;0;0;0;;27137;534,8;0,9;
2022-11-09 14:26:35;-36,80444;-73,02604;8,2;66;7527,2;0;0;0;0;;27137;534,8;0,9;
2022-11-09 14:27:05;-36,80444;-73,02604;8,2;66;7527,2;0;0;0;0;;27137;534,8;0,9;
2022-11-09 14:27:35;-36,80444;-73,02604;8,2;66;7527,2;0;0;0;0;;27137;534,8;0,9;
2022-11-09 14:28:02;-36,80444;-73,02604;8,2;66;7527,2;0;0;0;0;;27137;534,8;0,9;
2022-11-09 14:28:32;-36,80444;-73,02604;8,2;65,9;7527,2;5;0;0;0;;27137;534,8;1,4;
2022-11-09 14:29:02;-36,80445;-73,02597;11,3;65,9;7527,3;26;0;0;0;;27005;534,8;-17,2;
2022-11-09 14:29:35;-36,80445;-73,02597;7,9;65,6;7527,6;67;0;0;0;;27137;525,6;57,5;
2022-11-09 14:30:05;-36,80824;-73,02508;8,8;65,6;7528,1;25;0;0;0;;27137;534,3;-15,8;
2022-11-09 14:30:35;-36,81106;-73,02781;8,2;65,5;7528,3;42;0;0;0;;27005;525,6;67,4;
2022-11-09 14:31:05;-36,81106;-73,02781;6,8;65,4;7528,7;43;0;0;0;;27005;533,2;-36,2;
2022-11-09 14:31:35;-36,81384;-73,02274;5,6;65,3;7528,9;14;0;0;0;;27137;532,2;0,6;
2022-11-09 14:32:05;-36,81603;-73,0191;8,1;65;7529,3;68;0;0;0;;27137;521,7;108,9;
2022-11-09 14:32:35;-36,81603;-73,0191;8,1;64,8;7529,6;64;0;0;0;;27137;521,2;85,6;
2022-11-09 14:33:05;-36,81575;-73,01907;9,6;64,5;7530,2;80;0;0;0;;27137;517,6;128,2;
2022-11-09 14:33:35;-36,81036;-73,02815;8,4;64,3;7530,9;72;0;0;0;;27137;517,1;134,8;
2022-11-09 14:34:05;-36,81036;-73,02815;19,6;64;7531,5;69;0;0;0;;27137;515,1;173,6;
2022-11-09 14:34:35;-36,8063;-73,03614;16,8;63,7;7532,1;80;0;0;0;;27137;518,1;115;
2022-11-09 14:35:02;-36,79986;-73,04394;24,5;63,3;7532,8;76;0;0;0;;27137;528,1;-9,5;
2022-11-09 14:35:32;-36,79986;-73,04394;20,2;63;7533,5;89;0;0;0;;27137;518,7;103,2;
2022-11-09 14:36:05;-36,79943;-73,05538;28,2;62,8;7534,1;64;0;0;0;;27137;516,6;170;
2022-11-09 14:36:35;-36,79634;-73,06453;18;62,7;7534,7;60;0;0;0;;27005;533,2;-59,3;
2022-11-09 14:37:05;-36,79634;-73,06453;8,9;62,4;7535,3;80;0;0;0;;27137;517,1;151;
2022-11-09 14:37:35;-36,78994;-73,0712;9,3;62,2;7536;59;0;0;0;;27137;534,3;-97,5;
2022-11-09 14:38:05;-36,78504;-73,07684;7,1;61,7;7536,6;90;0;0;0;;27137;519,2;83,9;
2022-11-09 14:38:35;-36,78504;-73,07684;19,3;61,4;7537,3;70;0;0;0;;27137;519,2;98,2;
2022-11-09 14:39:05;-36,78242;-73,08784;11,6;61,2;7537,9;73;0;0;0;;27137;518,1;120,8;
2022-11-09 14:39:35;-36,78022;-73,09688;15,7;61;7538,4;71;0;0;0;;27137;514;176,3;
2022-11-09 14:40:05;-36,78022;-73,09688;11,3;60,8;7539;26;0;0;0;;27137;530,7;-16,7;
2022-11-09 14:40:35;-36,77812;-73,10467;8,7;60,8;7539,1;0;0;0;0;;27005;529,2;0,9;
2022-11-09 14:41:05;-36,77812;-73,10467;8,7;60,8;7539,1;0;0;0;0;;27005;529,7;3,1;
2022-11-09 14:41:35;-36,77812;-73,10467;12,3;60,8;7539,1;0;0;0;0;;27137;529,7;1,7;
2022-11-09 15:10:02;-36,77754;-73,10425;12,3;60,8;7539,1;0;0;0;0;;25439;532,2;2,8;
2022-11-09 15:10:32;-36,77754;-73,10425;10,9;60,8;7539,2;12;0;0;0;;25439;532,2;1,4;
2022-11-09 15:11:02;-36,77797;-73,10468;11,1;60,8;7539,2;0;0;0;0;;27005;532,2;2;
2022-11-09 15:11:32;-36,77814;-73,10475;13,2;60,8;7539,2;18;0;0;0;;27137;528,1;41;
2022-11-09 15:12:02;-36,77814;-73,10475;13,1;60,5;7539,6;52;0;0;0;;27137;532,7;-52,7;
2022-11-09 15:12:32;-36,77717;-73,10949;13,6;60,6;7539,7;0;0;0;0;;27137;531,2;1,1;
2022-11-09 15:13:02;-36,7771;-73,1098;12,7;60,5;7539,7;23;0;0;0;;27137;526,6;59,4;
2022-11-09 15:13:32;-36,7771;-73,1098;5,5;60,4;7540;18;0;0;0;;27137;530,7;-3,2;
2022-11-09 15:14:02;-36,77797;-73,10681;1,4;60,4;7540,2;26;0;0;0;;27005;530,7;-13,4;
2022-11-09 15:14:32;-36,77875;-73,10367;1,7;60,3;7540,4;35;0;0;0;;27137;521,2;134;
2022-11-09 15:15:02;-36,77875;-73,10367;10;60,2;7540,7;34;0;0;0;;27005;531,7;-36,2;
2022-11-09 15:15:32;-36,77994;-73,09871;11,2;60,2;7540,8;8;0;0;0;;27137;530,2;2,5;
2022-11-09 15:16:02;-36,78028;-73,0973;10,3;60;7541;47;0;0;0;;27137;520,2;99,6;
2022-11-09 15:16:32;-36,78028;-73,0973;5,9;59,7;7541,4;64;0;0;0;;27137;531,2;-72,5;
2022-11-09 15:17:02;-36,78186;-73,09049;16,1;59,5;7542;54;0;0;0;;27137;524,5;8;
2022-11-09 15:17:32;-36,78385;-73,08311;7;59,5;7542,3;51;0;0;0;;27137;530,7;-54,9;
2022-11-09 15:18:02;-36,78385;-73,08311;8,5;59,4;7542,7;54;0;0;0;;27137;520,2;150,7;
2022-11-09 15:18:32;-36,7853;-73,07626;8,5;59,3;7543,2;59;0;0;0;;27137;515,1;118,8;
2022-11-09 15:19:02;-36,79015;-73,07137;10,7;59;7543,7;57;0;0;0;;27137;526,6;0,6;
2022-11-09 15:19:32;-36,79015;-73,07137;14,9;59;7544,2;30;0;0;0;;27137;530,7;-17,8;
2022-11-09 15:20:02;-36,79494;-73,06759;19,5;59;7544,3;15;0;0;0;;27137;528,1;14,1;
2022-11-09 15:20:32;-36,79584;-73,06579;25,6;58,8;7544,5;32;0;0;0;;27137;529,2;-19,4;
2022-11-09 15:21:02;-36,79584;-73,06579;33,9;58,7;7544,8;37;0;0;0;;27137;529,2;-17,5;
2022-11-09 15:21:32;-36,79788;-73,06139;25,8;58,7;7545,1;27;0;0;0;;27005;531,2;-17,5;
2022-11-09 15:22:02;-36,7997;-73,0585;21,8;58,7;7545,2;0;0;0;0;;27005;530,2;2,5;
2022-11-09 15:22:32;-36,7997;-73,0585;6;58,7;7545,2;6;0;0;0;;27005;529,7;2,5;
2022-11-09 15:23:02;-36,80002;-73,0589;9,3;58,6;7545,3;9;0;0;0;;27005;530,2;2,2;
2022-11-09 15:23:32;-36,80053;-73,05941;10,1;58,6;7545,3;2;0;0;0;;27005;529,7;11,6;
2022-11-09 15:24:02;-36,80053;-73,05941;15,6;58,6;7545,4;5;0;0;0;;27005;530,2;4,2;
2022-11-09 15:24:32;-36,80005;-73,0589;17;58,6;7545,4;0;0;0;0;;27005;530,7;2,5;
2022-11-09 15:25:02;-36,80002;-73,05889;17;58,6;7545,4;0;0;0;0;;27005;530,7;2,5;
2022-11-09 15:25:32;-36,80002;-73,05889;17;58,6;7545,4;0;0;0;0;;27005;530,7;2,5;
2022-11-09 15:26:02;-36,80002;-73,05889;17;58,5;7545,4;0;0;0;0;;27005;530,7;3,9;
2022-11-09 15:26:32;-36,80002;-73,05889;17;58,5;7545,4;0;1;0;0;;27005;530,7;3,1;
2022-11-09 15:27:02;-36,80002;-73,05889;17;58,5;7545,4;0;0;0;0;;26874;530,7;2;
2022-11-09 15:27:32;-36,80002;-73,05889;17;58,5;7545,4;0;0;0;0;;27005;531,2;1,7;
2022-11-09 15:28:02;-36,80002;-73,05889;17;58,5;7545,4;0;0;0;0;;27137;531,2;1,7;
2022-11-09 15:28:32;-36,80002;-73,05889;17;58,5;7545,4;0;0;0;0;;27137;531,2;1,1;
2022-11-09 15:29:02;-36,80002;-73,05889;17;58,5;7545,4;0;0;0;0;;27137;531,2;1,1;
2022-11-09 15:29:32;-36,80002;-73,05889;17;58,5;7545,4;0;0;0;0;;27137;531,2;1,1;
2022-11-09 15:30:02;-36,80002;-73,05889;17;58,5;7545,4;0;0;0;0;;27137;531,2;1,1;
2022-11-09 15:30:32;-36,80002;-73,05889;17;58,5;7545,4;0;0;0;0;;27137;531,2;1,1;
2022-11-09 15:31:02;-36,80002;-73,05889;17;58,5;7545,4;0;0;0;0;;27137;531,2;1,1;
2022-11-09 15:31:32;-36,80002;-73,05889;17;58,5;7545,4;0;0;0;0;;27137;531,2;1,1;
2022-11-09 15:32:02;-36,80002;-73,05889;17;58,5;7545,4;0;0;0;0;;27137;531,2;1,1;
2022-11-09 15:32:32;-36,80002;-73,05889;17;58,5;7545,4;0;0;0;0;;27137;531,2;1,1;
2022-11-09 15:33:02;-36,80002;-73,05889;17;58,5;7545,4;1;0;0;0;;27137;530,7;14,6;
2022-11-09 15:33:32;-36,80002;-73,05889;17;58,5;7545,4;5;0;0;0;;27137;531,2;1,1;
2022-11-09 15:34:02;-36,80002;-73,05889;18,8;58,4;7545,5;1;0;0;0;;27137;531,2;3,3;
2022-11-09 15:34:32;-36,80002;-73,05889;18,8;58,4;7545,5;0;0;0;0;;27005;531,2;1,7;
2022-11-09 15:35:02;-36,80037;-73,05926;18,8;58,4;7545,5;6;0;0;0;;27137;531,2;5,3;
2022-11-09 15:37:26;-36,80038;-73,05924;19,9;58,5;7545,5;0;0;0;0;;25964;531,7;2,2;
2022-11-09 15:37:56;-36,80038;-73,05924;19,9;58,5;7545,5;5;0;0;0;;25964;530,7;10,8;
2022-11-09 15:38:26;-36,80038;-73,05924;19,9;58,5;7545,5;0;0;0;0;;27137;531,7;1,4;
2022-11-09 15:38:56;-36,80038;-73,05924;19,9;58,4;7545,5;0;0;0;0;;27137;531,7;1,4;
2022-11-09 15:39:26;-36,80038;-73,05924;19,9;58,4;7545,6;1;0;0;0;;27137;531,2;2,5;
2022-11-09 15:39:56;-36,80038;-73,05924;19,9;58,4;7545,6;0;0;0;0;;27005;531,7;1,4;
2022-11-09 15:40:26;-36,80038;-73,05924;19,9;58,4;7545,6;0;0;0;0;;27137;531,7;1,1;
2022-11-09 15:40:56;-36,80038;-73,05924;19,9;58,4;7545,6;0;0;0;0;;27137;531,7;1,1;
2022-11-09 15:41:26;-36,80038;-73,05924;19,9;58,4;7545,6;0;0;0;0;;27137;531,7;1,4;
2022-11-09 15:41:56;-36,80038;-73,05924;19,9;58,4;7545,6;0;0;0;0;;27137;531,7;0,9;
2022-11-09 15:42:26;-36,80038;-73,05924;19,9;58,4;7545,6;0;0;0;0;;27137;531,7;0,9;
2022-11-09 15:42:56;-36,80038;-73,05924;19,9;58,4;7545,6;0;0;0;0;;27137;531,7;0,9;
2022-11-09 15:43:26;-36,80038;-73,05924;19,9;58,4;7545,6;0;0;0;0;;27137;531,7;0,9;
2022-11-09 15:43:56;-36,80038;-73,05924;19,9;58,4;7545,6;0;0;0;0;;27137;531,7;0,9;
2022-11-09 15:44:26;-36,80038;-73,05924;19,9;58,4;7545,6;0;0;0;0;;27137;531,7;0,9;
2022-11-09 15:44:56;-36,80038;-73,05924;19,9;58,4;7545,6;0;0;0;0;;27137;531,7;1,1;
2022-11-09 15:45:26;-36,80038;-73,05924;19,9;58,4;7545,6;0;0;0;0;;27137;531,7;0,9;
2022-11-09 15:45:56;-36,80038;-73,05924;19,9;58,4;7545,6;0;0;0;0;;27137;531,7;0,9;
2022-11-09 15:46:26;-36,80038;-73,05924;19,9;58,4;7545,6;0;0;0;0;;27137;531,7;0,9;
2022-11-09 15:46:56;-36,80038;-73,05924;19,9;58,4;7545,6;0;0;0;0;;27137;531,7;0,9;
2022-11-09 15:47:26;-36,80038;-73,05924;19,9;58,4;7545,6;0;0;0;0;;27137;531,7;0,9;
2022-11-09 15:47:56;-36,80038;-73,05924;19,9;58,4;7545,6;0;0;0;0;;27137;531,7;0,9;
2022-11-09 15:48:26;-36,80038;-73,05924;19,9;58,4;7545,6;0;0;0;0;;27137;531,7;0,9;
2022-11-09 15:48:56;-36,80038;-73,05924;19,9;58,4;7545,6;0;0;0;0;;27137;531,7;1,1;
2022-11-09 15:49:26;-36,80038;-73,05924;19,9;58,4;7545,6;0;0;0;0;;27137;531,7;0,9;
2022-11-09 15:49:56;-36,80038;-73,05924;19,9;58,4;7545,6;0;0;0;0;;27137;531,7;1,7;
2022-11-09 15:50:26;-36,80038;-73,05924;19,9;58,4;7545,6;0;0;0;0;;27005;531,7;1,1;
2022-11-09 15:50:56;-36,80076;-73,0596;14,4;58,3;7545,6;1;0;0;0;;27137;531,7;3,1;
2022-11-09 15:51:26;-36,80076;-73,0596;14,4;58,3;7545,6;0;0;0;0;;27137;531,7;2,5;
2022-11-09 15:51:56;-36,80084;-73,05966;14,4;58,3;7545,6;1;0;0;0;;27005;531,7;1,4;
2022-11-09 18:12:20;-36,80085;-73,05968;15,3;58,4;7545,6;0;0;0;0;;25570;532,2;3,3;
2022-11-09 18:12:50;-36,80085;-73,05968;15,7;58,3;7545,7;19;0;0;0;;25570;527,1;63;
2022-11-09 18:13:20;-36,80016;-73,05906;12,2;58,3;7545,8;0;0;0;0;;27005;531,7;2;
2022-11-09 18:14:14;-36,8;-73,05889;12,2;58,4;7545,8;0;0;0;0;;25832;531,7;3,1;
2022-11-09 18:16:38;-36,8;-73,05889;12,2;58,4;7545,8;0;0;0;1;;25570;532,2;0;
2022-11-09 18:17:08;-36,8;-73,05889;12,2;58,4;7545,8;0;0;0;1;;27005;533,8;-10,9;
2022-11-09 18:17:38;-36,8;-73,05889;12,2;58,4;7545,8;0;0;0;1;;27137;534,3;-10,6;
2022-11-09 18:18:08;-36,8;-73,05889;12,2;58,5;7545,8;0;0;0;1;;27137;534,8;-10,6;
2022-11-09 18:18:38;-36,8;-73,05889;12,2;58,5;7545,8;0;0;0;1;;27137;534,8;-10,6;
2022-11-09 18:19:08;-36,8;-73,05889;12,2;58,5;7545,8;0;0;0;1;;27137;534,8;-10,3;
2022-11-09 18:19:38;-36,8;-73,05889;12,2;58,6;7545,8;0;0;0;1;;27137;535,3;-10,6;
2022-11-09 18:20:08;-36,8;-73,05889;12,2;58,6;7545,8;0;0;0;1;;27137;535,3;-10,9;
2022-11-09 18:20:38;-36,8;-73,05889;12,2;58,7;7545,8;0;0;0;1;;27137;535,3;-10,6;
2022-11-09 18:21:08;-36,8;-73,05889;12,2;58,7;7545,8;0;0;0;1;;27137;535,3;-10,6;
2022-11-09 18:21:38;-36,8;-73,05889;12,2;58,7;7545,8;0;0;0;1;;27137;535,8;-10,3;
2022-11-09 18:22:08;-36,8;-73,05889;12,2;58,8;7545,8;0;0;0;1;;27137;535,8;-10,3;
2022-11-09 18:22:38;-36,8;-73,05889;12,2;58,8;7545,8;0;0;0;1;;27137;535,8;-10,6;
2022-11-09 18:23:08;-36,8;-73,05889;12,2;58,9;7545,8;0;0;0;1;;27137;535,8;-10,3;
2022-11-09 18:23:38;-36,8;-73,05889;12,2;58,9;7545,8;0;0;0;1;;27137;535,8;-10,3;
2022-11-09 18:24:08;-36,8;-73,05889;12,2;59;7545,8;0;0;0;1;;27137;535,8;-10,6;
2022-11-09 18:24:38;-36,8;-73,05889;12,2;59;7545,8;0;0;0;1;;27137;536,3;-10,6;
2022-11-09 18:25:08;-36,8;-73,05889;12,2;59;7545,8;0;0;0;1;;27137;536,3;-10,3;
2022-11-09 18:25:38;-36,8;-73,05889;12,2;59,1;7545,8;0;0;0;1;;27137;536,3;-10,3;
2022-11-09 18:26:08;-36,8;-73,05889;12,2;59,1;7545,8;0;0;0;1;;27137;536,3;-10,3;
2022-11-09 18:26:38;-36,8;-73,05889;12,2;59,1;7545,8;0;0;0;1;;27137;536,3;-10,6;
2022-11-09 18:27:08;-36,8;-73,05889;12,2;59,2;7545,8;0;0;0;1;;27137;536,3;-10,6;
2022-11-09 18:27:38;-36,8;-73,05889;12,2;59,2;7545,8;0;0;0;1;;27137;536,3;-10,6;
2022-11-09 18:28:08;-36,8;-73,05889;12,2;59,3;7545,8;0;0;0;1;;27137;536,3;-10,3;
2022-11-09 18:28:38;-36,8;-73,05889;12,2;59,3;7545,8;0;0;0;1;;27137;536,3;-10,3;
2022-11-09 18:29:08;-36,8;-73,05889;12,2;59,4;7545,8;0;0;0;1;;27137;536,3;-10,3;
2022-11-09 18:29:38;-36,8;-73,05889;12,2;59,4;7545,8;0;0;0;1;;27137;536,8;-10,6;
2022-11-09 18:30:08;-36,8;-73,05889;12,2;59,4;7545,8;0;0;0;1;;27137;536,8;-10,3;
2022-11-09 18:30:38;-36,8;-73,05889;12,2;59,5;7545,8;0;0;0;1;;27137;536,8;-10,3;
2022-11-09 18:31:08;-36,8;-73,05889;12,2;59,5;7545,8;0;0;0;1;;27137;536,8;-10,6;
2022-11-09 18:31:38;-36,8;-73,05889;12,2;59,6;7545,8;0;0;0;1;;27137;536,8;-10,6;
2022-11-09 18:32:08;-36,8;-73,05889;12,2;59,6;7545,8;0;0;0;1;;27137;536,8;-10,6;
2022-11-09 18:32:38;-36,8;-73,05889;12,2;59,6;7545,8;0;0;0;1;;27137;536,8;-10,3;
2022-11-09 18:33:08;-36,8;-73,05889;12,2;59,7;7545,8;0;0;0;1;;27137;536,8;-10,3;
2022-11-09 18:33:38;-36,8;-73,05889;12,2;59,7;7545,8;0;0;0;1;;27137;536,8;-10,6;
2022-11-09 18:34:08;-36,8;-73,05889;12,2;59,7;7545,8;0;0;0;1;;27137;536,8;-10,6;
2022-11-09 18:34:38;-36,8;-73,05889;12,2;59,8;7545,8;0;0;0;1;;27137;536,8;-10,3;
2022-11-09 18:35:08;-36,8;-73,05889;12,2;59,8;7545,8;0;0;0;1;;27137;537,3;-10,3;
2022-11-09 18:35:38;-36,8;-73,05889;12,2;59,9;7545,8;0;0;0;1;;27137;537,3;-10,6;
2022-11-09 18:36:08;-36,8;-73,05889;12,2;59,9;7545,8;0;0;0;1;;27137;537,3;-10,6;
2022-11-09 18:36:38;-36,8;-73,05889;12,2;59,9;7545,8;0;0;0;1;;27137;537,3;-10,1;
2022-11-09 18:37:08;-36,8;-73,05889;12,2;60;7545,8;0;0;0;1;;27137;537,3;-10,6;
2022-11-09 18:37:38;-36,8;-73,05889;12,2;60;7545,8;0;0;0;1;;27137;537,3;-10,1;
2022-11-09 18:38:08;-36,8;-73,05889;12,2;60,1;7545,8;0;0;0;1;;27137;537,3;-10,1;
2022-11-09 18:38:38;-36,8;-73,05889;12,2;60,1;7545,8;0;0;0;1;;27137;537,3;-10,6;
2022-11-09 18:39:08;-36,8;-73,05889;12,2;60,1;7545,8;0;0;0;1;;27137;537,3;-10,3;
2022-11-09 18:39:38;-36,8;-73,05889;12,2;60,2;7545,8;0;0;0;1;;27137;537,3;-10,6;
2022-11-09 18:40:08;-36,8;-73,05889;12,2;60,2;7545,8;0;0;0;1;;27137;537,3;-10,3;
2022-11-09 18:40:38;-36,8;-73,05889;12,2;60,3;7545,8;0;0;0;1;;27137;537,3;-10,6;
2022-11-09 18:41:08;-36,8;-73,05889;12,2;60,3;7545,8;0;0;0;1;;27137;537,3;-10,6;
2022-11-09 18:41:38;-36,8;-73,05889;12,2;60,3;7545,8;0;0;0;1;;27137;537,3;-10,3;
2022-11-09 18:42:08;-36,8;-73,05889;12,2;60,4;7545,8;0;0;0;1;;27137;537,3;-10,6;
2022-11-09 18:42:38;-36,8;-73,05889;12,2;60,4;7545,8;0;0;0;1;;27137;537,3;-10,6;
2022-11-09 18:43:08;-36,8;-73,05889;12,2;60,5;7545,8;0;0;0;1;;27137;537,3;-10,3;
2022-11-09 18:43:38;-36,8;-73,05889;12,2;60,5;7545,8;0;0;0;1;;27137;537,3;-10,3;
2022-11-09 18:44:08;-36,8;-73,05889;12,2;60,5;7545,8;0;0;0;1;;27137;537,9;-10,3;
2022-11-09 18:44:38;-36,8;-73,05889;12,2;60,6;7545,8;0;0;0;1;;27137;537,9;-10,3;
2022-11-09 18:45:08;-36,8;-73,05889;12,2;60,6;7545,8;0;0;0;1;;27137;537,9;-10,6;
2022-11-09 18:45:38;-36,8;-73,05889;12,2;60,7;7545,8;0;0;0;1;;27137;537,9;-10,1;
2022-11-09 18:46:08;-36,8;-73,05889;12,2;60,7;7545,8;0;0;0;1;;27137;537,9;-10,3;
2022-11-09 18:46:38;-36,8;-73,05889;12,2;60,7;7545,8;0;0;0;1;;27137;537,9;-10,1;
2022-11-09 18:47:08;-36,8;-73,05889;12,2;60,8;7545,8;0;0;0;1;;27137;537,9;-10,3;
2022-11-09 18:47:38;-36,8;-73,05889;12,2;60,8;7545,8;0;0;0;1;;27137;537,9;-10,6;
2022-11-09 18:48:08;-36,8;-73,05889;12,2;60,9;7545,8;0;0;0;1;;27137;537,9;-10,6;
2022-11-09 18:48:38;-36,8;-73,05889;12,2;60,9;7545,8;0;0;0;1;;27137;537,9;-10,3;
2022-11-09 18:49:08;-36,8;-73,05889;12,2;60,9;7545,8;0;0;0;1;;27137;537,9;-10,1;
2022-11-09 18:49:38;-36,8;-73,05889;12,2;61;7545,8;0;0;0;1;;27137;537,9;-10,3;
2022-11-09 18:50:08;-36,8;-73,05889;12,2;61;7545,8;0;0;0;1;;27137;537,9;-10,9;
2022-11-09 18:50:38;-36,8;-73,05889;12,2;61,1;7545,8;0;0;0;1;;27137;537,9;-10,9;
2022-11-09 18:51:08;-36,8;-73,05889;12,2;61,1;7545,8;0;0;0;1;;27137;537,9;-10,3;
2022-11-09 18:51:38;-36,8;-73,05889;12,2;61,1;7545,8;0;0;0;1;;27137;537,9;-10,3;
2022-11-09 18:52:08;-36,8;-73,05889;12,2;61,2;7545,8;0;0;0;1;;27137;537,9;-10,6;
2022-11-09 18:52:38;-36,8;-73,05889;12,2;61,2;7545,8;0;0;0;1;;27137;537,9;-10,3;
2022-11-09 18:53:08;-36,8;-73,05889;12,2;61,3;7545,8;0;0;0;1;;27137;537,9;-10,6;
2022-11-09 18:53:38;-36,8;-73,05889;12,2;61,3;7545,8;0;0;0;1;;27137;538,4;-10,3;
2022-11-09 18:54:08;-36,8;-73,05889;12,2;61,4;7545,8;0;0;0;1;;27137;537,9;-10,6;
2022-11-09 18:54:38;-36,8;-73,05889;12,2;61,4;7545,8;0;0;0;1;;27137;538,4;-10,3;
2022-11-09 18:55:08;-36,8;-73,05889;12,2;61,4;7545,8;0;0;0;1;;27137;538,4;-10,6;
2022-11-09 18:55:38;-36,8;-73,05889;12,2;61,5;7545,8;0;0;0;1;;27137;538,4;-10,6;
2022-11-09 18:56:08;-36,8;-73,05889;12,2;61,5;7545,8;0;0;0;1;;27137;538,4;-10,3;
2022-11-09 18:56:38;-36,8;-73,05889;12,2;61,5;7545,8;0;0;0;1;;27137;538,4;-10,9;
2022-11-09 18:57:08;-36,8;-73,05889;12,2;61,6;7545,8;0;0;0;1;;27137;538,4;-10,6;
2022-11-09 18:57:38;-36,8;-73,05889;12,2;61,6;7545,8;0;0;0;1;;27137;538,4;-10,9;
2022-11-09 18:58:08;-36,8;-73,05889;12,2;61,7;7545,8;0;0;0;1;;27137;538,4;-10,3;
2022-11-09 18:58:38;-36,8;-73,05889;12,2;61,7;7545,8;0;0;0;1;;27137;538,4;-10,1;
2022-11-09 18:59:08;-36,8;-73,05889;12,2;61,7;7545,8;0;0;0;1;;27137;538,4;-10,6;
2022-11-09 18:59:38;-36,8;-73,05889;12,2;61,8;7545,8;0;0;0;1;;27137;538,4;-10,6;
2022-11-09 19:00:08;-36,8;-73,05889;12,2;61,8;7545,8;0;0;0;1;;27137;538,4;-10,6;
2022-11-09 19:00:38;-36,8;-73,05889;12,2;61,9;7545,8;0;0;0;1;;27137;538,4;-10,1;
2022-11-09 19:01:08;-36,8;-73,05889;12,2;61,9;7545,8;0;0;0;1;;27137;538,4;-10,1;
2022-11-09 19:01:38;-36,8;-73,05889;12,2;62;7545,8;0;0;0;1;;27137;538,4;-10,6;
2022-11-09 19:02:08;-36,8;-73,05889;12,2;62;7545,8;0;0;0;1;;27137;538,4;-10,3;
2022-11-09 19:02:38;-36,8;-73,05889;12,2;62;7545,8;0;0;0;1;;27137;538,9;-10,1;
2022-11-09 19:03:08;-36,8;-73,05889;12,2;62,1;7545,8;0;0;0;1;;27137;538,9;-10,6;
2022-11-09 19:03:38;-36,8;-73,05889;12,2;62,1;7545,8;0;0;0;1;;27137;538,9;-10,3;
2022-11-09 19:04:08;-36,8;-73,05889;12,2;62,1;7545,8;0;0;0;1;;27137;538,9;-10,3;
2022-11-09 19:04:38;-36,8;-73,05889;12,2;62,2;7545,8;0;0;0;1;;27137;538,9;-10,6;
2022-11-09 19:05:08;-36,8;-73,05889;12,2;62,2;7545,8;0;0;0;1;;27137;538,9;-10,6;
2022-11-09 19:05:38;-36,8;-73,05889;12,2;62,3;7545,8;0;0;0;1;;27137;538,9;-10,9;
2022-11-09 19:06:08;-36,8;-73,05889;12,2;62,3;7545,8;0;0;0;1;;27137;538,9;-10,6;
2022-11-09 19:06:38;-36,8;-73,05889;12,2;62,4;7545,8;0;0;0;1;;27137;538,9;-10,3;
2022-11-09 19:07:08;-36,8;-73,05889;12,2;62,4;7545,8;0;0;0;1;;27137;538,9;-10,3;
2022-11-09 19:07:38;-36,8;-73,05889;12,2;62,4;7545,8;0;0;0;1;;27137;538,9;-10,3;
2022-11-09 19:08:08;-36,8;-73,05889;12,2;62,5;7545,8;0;0;0;1;;27137;538,9;-10,3;
2022-11-09 19:08:38;-36,8;-73,05889;12,2;62,5;7545,8;0;0;0;1;;27137;538,9;-10,3;
2022-11-09 19:09:08;-36,8;-73,05889;12,2;62,6;7545,8;0;0;0;1;;27137;538,9;-10,1;
2022-11-09 19:09:38;-36,8;-73,05889;12,2;62,6;7545,8;0;0;0;1;;27137;538,9;-10,1;
2022-11-09 19:10:08;-36,8;-73,05889;12,2;62,6;7545,8;0;0;0;1;;27137;538,9;-10,6;
2022-11-09 19:10:38;-36,8;-73,05889;12,2;62,7;7545,8;0;0;0;1;;27137;538,9;-10,6;
2022-11-09 19:11:08;-36,8;-73,05889;12,2;62,7;7545,8;0;0;0;1;;27137;539,4;-10,6;
2022-11-09 19:11:38;-36,8;-73,05889;12,2;62,7;7545,8;0;0;0;1;;27137;539,4;-10,3;
2022-11-09 19:12:08;-36,8;-73,05889;12,2;62,8;7545,8;0;0;0;1;;27137;539,4;-10,6;
2022-11-09 19:12:38;-36,8;-73,05889;12,2;62,8;7545,8;0;0;0;1;;27137;539,4;-10,3;
2022-11-09 19:13:08;-36,8;-73,05889;12,2;62,9;7545,8;0;0;0;1;;27137;539,4;-10,1;
2022-11-09 19:13:38;-36,8;-73,05889;12,2;62,9;7545,8;0;0;0;1;;27137;539,4;-10,6;
2022-11-09 19:14:08;-36,8;-73,05889;12,2;62,9;7545,8;0;0;0;1;;27137;539,4;-10,3;
2022-11-09 19:14:38;-36,8;-73,05889;12,2;63;7545,8;0;0;0;1;;27137;539,4;-10,1;
2022-11-09 19:15:08;-36,8;-73,05889;12,2;63;7545,8;0;0;0;1;;27137;539,4;-10,6;
2022-11-09 19:15:38;-36,8;-73,05889;12,2;63,1;7545,8;0;0;0;1;;27137;539,4;-10,6;
2022-11-09 19:16:08;-36,8;-73,05889;12,2;63,1;7545,8;0;0;0;1;;27137;539,4;-10,6;
2022-11-09 19:16:38;-36,8;-73,05889;12,2;63,2;7545,8;0;0;0;1;;27137;539,4;-10,6;
2022-11-09 19:17:08;-36,8;-73,05889;12,2;63,2;7545,8;0;0;0;1;;27137;539,4;-10,1;
2022-11-09 19:17:38;-36,8;-73,05889;12,2;63,2;7545,8;0;0;0;1;;27137;539,4;-10,3;
2022-11-09 19:18:08;-36,8;-73,05889;12,2;63,3;7545,8;0;0;0;1;;27137;539,9;-10,3;
2022-11-09 19:18:38;-36,8;-73,05889;12,2;63,3;7545,8;0;0;0;1;;27137;539,9;-10,3;
2022-11-09 19:19:08;-36,8;-73,05889;12,2;63,3;7545,8;0;0;0;1;;27137;539,9;-10,3;
2022-11-09 19:19:38;-36,8;-73,05889;12,2;63,4;7545,8;0;0;0;1;;27137;539,9;-10,6;
2022-11-09 19:20:08;-36,8;-73,05889;12,2;63,4;7545,8;0;0;0;1;;27137;539,9;-10,3;
2022-11-09 19:20:38;-36,8;-73,05889;12,2;63,5;7545,8;0;0;0;1;;27137;539,9;-10,1;
2022-11-09 19:21:08;-36,8;-73,05889;12,2;63,5;7545,8;0;0;0;1;;27137;539,9;-10,3;
2022-11-09 19:21:38;-36,8;-73,05889;12,2;63,5;7545,8;0;0;0;1;;27137;539,9;-10,1;
2022-11-09 19:22:26;-36,8;-73,05889;12,2;63,5;7545,8;0;0;0;0;;25964;538,4;2;
2022-11-09 19:22:56;-36,8;-73,05889;21,5;63,5;7545,8;0;0;0;0;;25832;537,3;1,7;
2022-11-09 19:23:26;-36,80006;-73,05888;20,6;63,5;7545,8;1;0;0;0;;27005;537,3;2,8;
2022-11-09 19:24:29;-36,80003;-73,05889;20,6;63,5;7545,8;0;0;0;1;;26226;537,3;0;
2022-11-09 19:24:56;-36,80003;-73,05889;20,6;63,5;7545,8;0;0;0;1;;27137;538,9;-10,9;
2022-11-09 19:25:26;-36,80003;-73,05889;20,6;63,6;7545,8;0;0;0;1;;27137;539,4;-10,9;
2022-11-09 19:25:56;-36,80003;-73,05889;20,6;63,6;7545,8;0;0;0;1;;27137;539,4;-10,9;
2022-11-09 19:26:26;-36,80003;-73,05889;20,6;63,7;7545,8;0;0;0;1;;27137;539,9;-10,9;
2022-11-09 19:26:56;-36,80003;-73,05889;20,6;63,7;7545,8;0;0;0;1;;27137;539,9;-10,3;
2022-11-09 19:27:26;-36,80003;-73,05889;20,6;63,7;7545,8;0;0;0;1;;27137;539,9;-10,9;
2022-11-09 19:27:56;-36,80003;-73,05889;20,6;63,8;7545,8;0;0;0;1;;27137;539,9;-10,9;
2022-11-09 19:28:26;-36,80003;-73,05889;20,6;63,8;7545,8;0;0;0;1;;27137;539,9;-10,3;
2022-11-09 19:28:56;-36,80003;-73,05889;20,6;63,9;7545,8;0;0;0;1;;27137;540,4;-10,9;
2022-11-09 19:29:26;-36,80003;-73,05889;20,6;63,9;7545,8;0;0;0;1;;27137;540,4;-10,3;
2022-11-09 19:29:56;-36,80003;-73,05889;20,6;63,9;7545,8;0;0;0;1;;27137;540,4;-10,3;
2022-11-09 19:30:26;-36,80003;-73,05889;20,6;64;7545,8;0;0;0;1;;27137;540,4;-10,6;
2022-11-09 19:30:56;-36,80003;-73,05889;20,6;64;7545,8;0;0;0;1;;27137;540,4;-10,9;
2022-11-09 19:31:26;-36,80003;-73,05889;20,6;64,1;7545,8;0;0;0;1;;27137;540,9;-10,3;
2022-11-09 19:31:56;-36,80003;-73,05889;20,6;64,1;7545,8;0;0;0;1;;27137;540,9;-10,6;
2022-11-09 19:32:26;-36,80003;-73,05889;20,6;64,2;7545,8;0;0;0;1;;27137;540,9;-11,2;
2022-11-09 19:32:56;-36,80003;-73,05889;20,6;64,2;7545,8;0;0;0;1;;27137;540,9;-10,9;
2022-11-09 19:33:26;-36,80003;-73,05889;20,6;64,2;7545,8;0;0;0;1;;27137;540,9;-10,6;
2022-11-09 19:33:56;-36,80003;-73,05889;20,6;64,3;7545,8;0;0;0;1;;27137;540,9;-10,6;
2022-11-09 19:34:26;-36,80003;-73,05889;20,6;64,3;7545,8;0;0;0;1;;27137;540,9;-10,6;
2022-11-09 19:34:56;-36,80003;-73,05889;20,6;64,4;7545,8;0;0;0;1;;27137;541,4;-10,9;
2022-11-09 19:35:26;-36,80003;-73,05889;20,6;64,4;7545,8;0;0;0;1;;27137;541,4;-11,2;
2022-11-09 19:35:56;-36,80003;-73,05889;20,6;64,4;7545,8;0;0;0;1;;27137;541,4;-10,6;
2022-11-09 19:36:26;-36,80003;-73,05889;20,6;64,5;7545,8;0;0;0;1;;27137;541,4;-10,6;
2022-11-09 19:36:56;-36,80003;-73,05889;20,6;64,5;7545,8;0;0;0;1;;27137;541,4;-10,9;
2022-11-09 19:37:26;-36,80003;-73,05889;20,6;64,6;7545,8;0;0;0;1;;27137;541,4;-10,6;
2022-11-09 19:37:56;-36,80003;-73,05889;20,6;64,6;7545,8;0;0;0;1;;27137;541,4;-10,9;
2022-11-09 19:38:26;-36,80003;-73,05889;20,6;64,7;7545,8;0;0;0;1;;27137;542;-10,9;
2022-11-09 19:38:56;-36,80003;-73,05889;20,6;64,7;7545,8;0;0;0;1;;27137;542;-10,6;
2022-11-09 19:39:26;-36,80003;-73,05889;20,6;64,7;7545,8;0;0;0;1;;27137;542;-10,6;
2022-11-09 19:39:56;-36,80003;-73,05889;20,6;64,8;7545,8;0;0;0;1;;27137;542;-10,3;
2022-11-09 19:40:26;-36,80003;-73,05889;20,6;64,8;7545,8;0;0;0;1;;27137;542;-11,2;
2022-11-09 19:40:56;-36,80003;-73,05889;20,6;64,9;7545,8;0;0;0;1;;27137;542;-10,9;
2022-11-09 19:41:26;-36,80003;-73,05889;20,6;64,9;7545,8;0;0;0;1;;27137;542;-10,3;
2022-11-09 19:41:56;-36,80003;-73,05889;20,6;64,9;7545,8;0;0;0;1;;27137;542,5;-10,3;
2022-11-09 19:42:26;-36,80003;-73,05889;20,6;65;7545,8;0;0;0;1;;27137;542,5;-10,9;
2022-11-09 19:42:56;-36,80003;-73,05889;20,6;65;7545,8;0;0;0;1;;27137;542,5;-10,9;
2022-11-09 19:43:26;-36,80003;-73,05889;20,6;65,1;7545,8;0;0;0;1;;27137;542,5;-10,3;
2022-11-09 19:43:56;-36,80003;-73,05889;20,6;65,1;7545,8;0;0;0;1;;27137;542,5;-11,2;
2022-11-09 19:44:26;-36,80003;-73,05889;20,6;65,1;7545,8;0;0;0;1;;27137;542,5;-10,6;
2022-11-09 19:44:56;-36,80003;-73,05889;20,6;65,2;7545,8;0;0;0;1;;27137;542,5;-10,9;
2022-11-09 19:45:26;-36,80003;-73,05889;20,6;65,2;7545,8;0;0;0;1;;27137;542,5;-10,9;
2022-11-09 19:45:56;-36,80003;-73,05889;20,6;65,3;7545,8;0;0;0;1;;27137;543;-10,9;
2022-11-09 19:46:26;-36,80003;-73,05889;20,6;65,3;7545,8;0;0;0;1;;27137;543;-10,6;
2022-11-09 19:46:56;-36,80003;-73,05889;20,6;65,4;7545,8;0;0;0;1;;27137;543;-10,9;
2022-11-09 19:47:26;-36,80003;-73,05889;20,6;65,4;7545,8;0;0;0;1;;27137;543;-10,3;
2022-11-09 19:47:56;-36,80003;-73,05889;20,6;65,4;7545,8;0;0;0;1;;27137;543;-10,9;
2022-11-09 19:48:26;-36,80003;-73,05889;20,6;65,5;7545,8;0;0;0;1;;27137;543;-10,3;
2022-11-09 19:48:56;-36,80003;-73,05889;20,6;65,5;7545,8;0;0;0;1;;27137;543;-10,9;
2022-11-09 19:49:26;-36,80003;-73,05889;20,6;65,6;7545,8;0;0;0;1;;27137;543;-10,9;
2022-11-09 19:49:56;-36,80003;-73,05889;20,6;65,6;7545,8;0;0;0;1;;27137;543;-10,9;
2022-11-09 19:50:26;-36,80003;-73,05889;20,6;65,6;7545,8;0;0;0;1;;27137;543;-10,6;
2022-11-09 19:50:56;-36,80003;-73,05889;20,6;65,7;7545,8;0;0;0;1;;27137;543;-10,9;
2022-11-09 19:51:26;-36,80003;-73,05889;20,6;65,7;7545,8;0;0;0;1;;27137;543;-10,6;
2022-11-09 19:51:56;-36,80003;-73,05889;20,6;65,8;7545,8;0;0;0;1;;27137;543;-10,9;
2022-11-09 19:52:26;-36,80003;-73,05889;20,6;65,8;7545,8;0;0;0;1;;27137;543;-10,3;
2022-11-09 19:52:56;-36,80003;-73,05889;20,6;65,9;7545,8;0;0;0;1;;27137;543;-10,6;
2022-11-09 19:53:26;-36,80003;-73,05889;20,6;65,9;7545,8;0;0;0;1;;27137;543,5;-10,6;
2022-11-09 19:53:56;-36,80003;-73,05889;20,6;65,9;7545,8;0;0;0;1;;27137;543,5;-10,3;
2022-11-09 19:54:26;-36,80003;-73,05889;20,6;66;7545,8;0;0;0;1;;27137;543,5;-10,6;
2022-11-09 19:54:56;-36,80003;-73,05889;20,6;66;7545,8;0;0;0;1;;27137;543,5;-10,9;
2022-11-09 19:55:26;-36,80003;-73,05889;20,6;66;7545,8;0;0;0;1;;27137;543,5;-10,9;
2022-11-09 19:55:56;-36,80003;-73,05889;20,6;66,1;7545,8;0;0;0;1;;27137;543,5;-10,3;
2022-11-09 19:56:26;-36,80003;-73,05889;20,6;66,1;7545,8;0;0;0;1;;27137;543,5;-10,9;
2022-11-09 19:56:56;-36,80003;-73,05889;20,6;66,2;7545,8;0;0;0;1;;27137;543,5;-10,3;
2022-11-09 19:57:26;-36,80003;-73,05889;20,6;66,2;7545,8;0;0;0;1;;27137;543,5;-10,6;
2022-11-09 19:57:56;-36,80003;-73,05889;20,6;66,3;7545,8;0;0;0;1;;27137;543,5;-10,9;
2022-11-09 19:58:26;-36,80003;-73,05889;20,6;66,3;7545,8;0;0;0;1;;27137;543,5;-10,9;
2022-11-09 19:58:56;-36,80003;-73,05889;20,6;66,3;7545,8;0;0;0;1;;27137;543,5;-10,9;
2022-11-09 19:59:26;-36,80003;-73,05889;20,6;66,4;7545,8;0;0;0;1;;27137;543,5;-10,3;
2022-11-09 19:59:56;-36,80003;-73,05889;20,6;66,4;7545,8;0;0;0;1;;27137;543,5;-10,6;
2022-11-09 20:00:26;-36,80003;-73,05889;20,6;66,5;7545,8;0;0;0;1;;27137;543,5;-10,6;
2022-11-09 20:00:56;-36,80003;-73,05889;20,6;66,5;7545,8;0;0;0;1;;27137;543,5;-10,6;
2022-11-09 20:01:26;-36,80003;-73,05889;20,6;66,5;7545,8;0;0;0;1;;27137;543,5;-10,9;
2022-11-09 20:01:56;-36,80003;-73,05889;20,6;66,6;7545,8;0;0;0;1;;27137;543,5;-10,9;
2022-11-09 20:02:26;-36,80003;-73,05889;20,6;66,6;7545,8;0;0;0;1;;27137;543,5;-10,9;
2022-11-09 20:02:56;-36,80003;-73,05889;20,6;66,7;7545,8;0;0;0;1;;27137;543,5;-10,3;
2022-11-09 20:03:26;-36,80003;-73,05889;20,6;66,7;7545,8;0;0;0;1;;27137;543,5;-10,6;
2022-11-09 20:03:56;-36,80003;-73,05889;20,6;66,7;7545,8;0;0;0;1;;27137;543,5;-10,6;
2022-11-09 20:04:26;-36,80003;-73,05889;20,6;66,8;7545,8;0;0;0;1;;27137;543,5;-10,9;
2022-11-09 20:04:56;-36,80003;-73,05889;20,6;66,8;7545,8;0;0;0;1;;27137;543,5;-10,3;
2022-11-09 20:05:26;-36,80003;-73,05889;20,6;66,9;7545,8;0;0;0;1;;27137;543,5;-10,9;
2022-11-09 20:05:56;-36,80003;-73,05889;20,6;66,9;7545,8;0;0;0;1;;27137;543,5;-10,9;
2022-11-09 20:06:26;-36,80003;-73,05889;20,6;66,9;7545,8;0;0;0;1;;27137;543,5;-10,6;
2022-11-09 20:06:56;-36,80003;-73,05889;20,6;67;7545,8;0;0;0;1;;27137;543,5;-10,6;
2022-11-09 20:07:26;-36,80003;-73,05889;20,6;67;7545,8;0;0;0;1;;27137;543,5;-10,9;
2022-11-09 20:07:56;-36,80003;-73,05889;20,6;67,1;7545,8;0;0;0;1;;27137;543,5;-10,6;
2022-11-09 20:08:26;-36,80003;-73,05889;20,6;67,1;7545,8;0;0;0;1;;27137;543,5;-10,6;
2022-11-09 20:08:56;-36,80003;-73,05889;20,6;67,2;7545,8;0;0;0;1;;27137;543,5;-10,6;
2022-11-09 20:09:26;-36,80003;-73,05889;20,6;67,2;7545,8;0;0;0;1;;27137;544;-10,3;
2022-11-09 20:09:56;-36,80003;-73,05889;20,6;67,2;7545,8;0;0;0;1;;27137;543,5;-10,3;
2022-11-09 20:10:26;-36,80003;-73,05889;20,6;67,3;7545,8;0;0;0;1;;27137;543,5;-10,9;
2022-11-09 20:10:56;-36,80003;-73,05889;20,6;67,3;7545,8;0;0;0;1;;27137;543,5;-10,6;
2022-11-09 20:11:26;-36,80003;-73,05889;20,6;67,4;7545,8;0;0;0;1;;27137;543,5;-10,6;
2022-11-09 20:11:56;-36,80003;-73,05889;20,6;67,4;7545,8;0;0;0;1;;27137;544;-10,6;
2022-11-09 20:12:26;-36,80003;-73,05889;20,6;67,4;7545,8;0;0;0;1;;27137;544;-10,6;
2022-11-09 20:12:56;-36,80003;-73,05889;20,6;67,5;7545,8;0;0;0;1;;27137;543,5;-10,6;
2022-11-09 20:13:26;-36,80003;-73,05889;20,6;67,5;7545,8;0;0;0;1;;27137;544;-10,6;
2022-11-09 20:13:56;-36,80003;-73,05889;20,6;67,6;7545,8;0;0;0;1;;27137;544;-10,3;
2022-11-09 20:14:26;-36,80003;-73,05889;20,6;67,6;7545,8;0;0;0;1;;27137;544;-10,3;
2022-11-09 20:14:56;-36,80003;-73,05889;20,6;67,6;7545,8;0;0;0;1;;27137;544;-10,6;
2022-11-09 20:15:26;-36,80003;-73,05889;20,6;67,7;7545,8;0;0;0;1;;27137;544;-10,6;
2022-11-09 20:15:56;-36,80003;-73,05889;20,6;67,7;7545,8;0;0;0;1;;27137;544;-10,3;
2022-11-09 20:16:26;-36,80003;-73,05889;20,6;67,8;7545,8;0;0;0;1;;27137;544;-10,3;
2022-11-09 20:16:56;-36,80003;-73,05889;20,6;67,8;7545,8;0;0;0;1;;27137;544;-10,6;
2022-11-09 20:17:26;-36,80003;-73,05889;20,6;67,8;7545,8;0;0;0;1;;27137;544;-10,9;
2022-11-09 20:17:56;-36,80003;-73,05889;20,6;67,9;7545,8;0;0;0;1;;27137;544;-10,6;
2022-11-09 20:18:26;-36,80003;-73,05889;20,6;67,9;7545,8;0;0;0;1;;27137;544;-10,9;
2022-11-09 20:18:56;-36,80003;-73,05889;20,6;68;7545,8;0;0;0;1;;27137;544;-10,3;
2022-11-09 20:19:26;-36,80003;-73,05889;20,6;68;7545,8;0;0;0;1;;27137;544;-10,6;
2022-11-09 20:19:56;-36,80003;-73,05889;20,6;68;7545,8;0;0;0;1;;27137;544;-10,6;
2022-11-09 20:20:26;-36,80003;-73,05889;20,6;68,1;7545,8;0;0;0;1;;27137;544;-10,6;
2022-11-09 20:20:56;-36,80003;-73,05889;20,6;68,1;7545,8;0;0;0;1;;27137;544;-10,3;
2022-11-09 20:21:26;-36,80003;-73,05889;20,6;68,2;7545,8;0;0;0;1;;27137;544;-10,6;
2022-11-09 20:21:56;-36,80003;-73,05889;20,6;68,2;7545,8;0;0;0;1;;27137;544;-10,3;
2022-11-09 20:22:26;-36,80003;-73,05889;20,6;68,2;7545,8;0;0;0;1;;27137;544;-10,3;
2022-11-09 20:22:56;-36,80003;-73,05889;20,6;68,3;7545,8;0;0;0;1;;27137;544;-10,6;
2022-11-09 20:23:26;-36,80003;-73,05889;20,6;68,3;7545,8;0;0;0;1;;27137;544;-10,6;
2022-11-09 20:23:56;-36,80003;-73,05889;20,6;68,4;7545,8;0;0;0;1;;27137;544;-10,3;
2022-11-09 20:24:26;-36,80003;-73,05889;20,6;68,4;7545,8;0;0;0;1;;27137;544;-10,6;
2022-11-09 20:24:56;-36,80003;-73,05889;20,6;68,4;7545,8;0;0;0;1;;27137;544;-10,6;
2022-11-09 20:25:26;-36,80003;-73,05889;20,6;68,5;7545,8;0;0;0;1;;27137;544;-10,6;
2022-11-09 20:25:56;-36,80003;-73,05889;20,6;68,5;7545,8;0;0;0;1;;27137;544;-10,3;
2022-11-09 20:26:26;-36,80003;-73,05889;20,6;68,6;7545,8;0;0;0;1;;27137;544;-10,6;
2022-11-09 20:26:56;-36,80003;-73,05889;20,6;68,6;7545,8;0;0;0;1;;27137;544;-10,3;
2022-11-09 20:27:26;-36,80003;-73,05889;20,6;68,6;7545,8;0;0;0;1;;27137;544;-10,6;
2022-11-09 20:27:56;-36,80003;-73,05889;20,6;68,7;7545,8;0;0;0;1;;27137;544;-10,1;
2022-11-09 20:28:26;-36,80003;-73,05889;20,6;68,7;7545,8;0;0;0;1;;27137;544;-10,6;
2022-11-09 20:28:56;-36,80003;-73,05889;20,6;68,8;7545,8;0;0;0;1;;27137;544;-10,3;
2022-11-09 20:29:26;-36,80003;-73,05889;20,6;68,8;7545,8;0;0;0;1;;27137;544;-10,3;
2022-11-09 20:29:56;-36,80003;-73,05889;20,6;68,9;7545,8;0;0;0;1;;27137;544;-10,3;
2022-11-09 20:30:26;-36,80003;-73,05889;20,6;68,9;7545,8;0;0;0;1;;27137;544;-10,6;
2022-11-09 20:30:56;-36,80003;-73,05889;20,6;68,9;7545,8;0;0;0;1;;27137;544;-10,6;
2022-11-09 20:31:26;-36,80003;-73,05889;20,6;69;7545,8;0;0;0;1;;27137;544;-10,6;
2022-11-09 20:31:56;-36,80003;-73,05889;20,6;69;7545,8;0;0;0;1;;27137;544;-10,6;
2022-11-09 20:32:26;-36,80003;-73,05889;20,6;69;7545,8;0;0;0;1;;27137;544;-10,6;
2022-11-09 20:32:56;-36,80003;-73,05889;20,6;69,1;7545,8;0;0;0;1;;27137;544;-10,3;
2022-11-09 20:33:26;-36,80003;-73,05889;20,6;69,1;7545,8;0;0;0;1;;27137;544;-10,6;
2022-11-09 20:33:56;-36,80003;-73,05889;20,6;69,2;7545,8;0;0;0;1;;27137;544;-10,3;
2022-11-09 20:34:26;-36,80003;-73,05889;20,6;69,2;7545,8;0;0;0;1;;27137;544;-10,3;
2022-11-09 20:34:56;-36,80003;-73,05889;20,6;69,3;7545,8;0;0;0;1;;27137;544;-10,3;
2022-11-09 20:35:26;-36,80003;-73,05889;20,6;69,3;7545,8;0;0;0;1;;27137;544;-10,3;
2022-11-09 20:35:56;-36,80003;-73,05889;20,6;69,3;7545,8;0;0;0;1;;27137;544;-10,6;
2022-11-09 20:36:26;-36,80003;-73,05889;20,6;69,4;7545,8;0;0;0;1;;27137;544;-10,3;
2022-11-09 20:36:56;-36,80003;-73,05889;20,6;69,4;7545,8;0;0;0;1;;27137;544;-10,9;
2022-11-09 20:37:26;-36,80003;-73,05889;20,6;69,5;7545,8;0;0;0;1;;27137;544;-10,6;
2022-11-09 20:37:56;-36,80003;-73,05889;20,6;69,5;7545,8;0;0;0;1;;27137;544;-10,3;
2022-11-09 20:38:26;-36,80003;-73,05889;20,6;69,5;7545,8;0;0;0;1;;27137;544;-10,6;
2022-11-09 20:38:56;-36,80003;-73,05889;20,6;69,6;7545,8;0;0;0;1;;27137;544;-10,6;
2022-11-09 20:39:26;-36,80003;-73,05889;20,6;69,6;7545,8;0;0;0;1;;27137;544;-10,6;
2022-11-09 20:39:56;-36,80003;-73,05889;20,6;69,7;7545,8;0;0;0;1;;27137;544;-10,3;
2022-11-09 20:40:26;-36,80003;-73,05889;20,6;69,7;7545,8;0;0;0;1;;27137;544;-10,6;
2022-11-09 20:40:56;-36,80003;-73,05889;20,6;69,7;7545,8;0;0;0;1;;27137;544;-10,3;
2022-11-09 20:41:26;-36,80003;-73,05889;20,6;69,8;7545,8;0;0;0;1;;27137;544;-10,9;
2022-11-09 20:41:56;-36,80003;-73,05889;20,6;69,8;7545,8;0;0;0;1;;27137;544;-10,9;
2022-11-09 20:42:26;-36,80003;-73,05889;20,6;69,9;7545,8;0;0;0;1;;27137;544;-10,3;
2022-11-09 20:42:56;-36,80003;-73,05889;20,6;69,9;7545,8;0;0;0;1;;27137;544;-10,9;
2022-11-09 20:43:26;-36,80003;-73,05889;20,6;69,9;7545,8;0;0;0;1;;27137;544;-10,6;
2022-11-09 20:43:56;-36,80003;-73,05889;20,6;70;7545,8;0;0;0;1;;27137;544;-10,9;
2022-11-09 20:44:26;-36,80003;-73,05889;20,6;70;7545,8;0;0;0;1;;27137;544;-10,9;
2022-11-09 20:44:56;-36,80003;-73,05889;20,6;70,1;7545,8;0;0;0;1;;27137;544;-10,6;
2022-11-09 20:45:26;-36,80003;-73,05889;20,6;70,1;7545,8;0;0;0;1;;27137;544;-10,6;
2022-11-09 20:45:56;-36,80003;-73,05889;20,6;70,1;7545,8;0;0;0;1;;27137;544;-10,3;
2022-11-09 20:46:26;-36,80003;-73,05889;20,6;70,2;7545,8;0;0;0;1;;27137;544;-10,6;
2022-11-09 20:46:56;-36,80003;-73,05889;20,6;70,2;7545,8;0;0;0;1;;27137;544;-10,3;
2022-11-09 20:47:26;-36,80003;-73,05889;20,6;70,3;7545,8;0;0;0;1;;27137;544;-10,3;
2022-11-09 20:47:56;-36,80003;-73,05889;20,6;70,3;7545,8;0;0;0;1;;27137;544;-10,6;
2022-11-09 20:48:26;-36,80003;-73,05889;20,6;70,4;7545,8;0;0;0;1;;27137;544;-10,3;
2022-11-09 20:48:56;-36,80003;-73,05889;20,6;70,4;7545,8;0;0;0;1;;27137;544;-10,6;
2022-11-09 20:49:26;-36,80003;-73,05889;20,6;70,4;7545,8;0;0;0;1;;27137;544;-10,3;
2022-11-09 20:49:56;-36,80003;-73,05889;20,6;70,5;7545,8;0;0;0;1;;27137;544;-10,6;
2022-11-09 20:50:26;-36,80003;-73,05889;20,6;70,5;7545,8;0;0;0;1;;27137;544;-10,3;
2022-11-09 20:50:56;-36,80003;-73,05889;20,6;70,6;7545,8;0;0;0;1;;27137;544;-10,6;
2022-11-09 20:51:26;-36,80003;-73,05889;20,6;70,6;7545,8;0;0;0;1;;27137;544;-10,6;
2022-11-09 20:51:56;-36,80003;-73,05889;20,6;70,6;7545,8;0;0;0;1;;27137;544;-10,9;
2022-11-09 20:52:26;-36,80003;-73,05889;20,6;70,7;7545,8;0;0;0;1;;27137;544;-10,6;
2022-11-09 20:52:56;-36,80003;-73,05889;20,6;70,7;7545,8;0;0;0;1;;27137;544;-10,9;
2022-11-09 20:53:26;-36,80003;-73,05889;20,6;70,8;7545,8;0;0;0;1;;27137;544;-10,6;
2022-11-09 20:53:56;-36,80003;-73,05889;20,6;70,8;7545,8;0;0;0;1;;27137;544;-10,6;
2022-11-09 20:54:26;-36,80003;-73,05889;20,6;70,8;7545,8;0;0;0;1;;27137;544;-10,6;
2022-11-09 20:54:56;-36,80003;-73,05889;20,6;70,9;7545,8;0;0;0;1;;27137;544;-10,3;
2022-11-09 20:55:26;-36,80003;-73,05889;20,6;70,9;7545,8;0;0;0;1;;27137;544;-10,3;
2022-11-09 20:55:56;-36,80003;-73,05889;20,6;71;7545,8;0;0;0;1;;27137;544;-10,3;
2022-11-09 20:56:26;-36,80003;-73,05889;20,6;71;7545,8;0;0;0;1;;27137;544;-10,9;
2022-11-09 20:56:56;-36,80003;-73,05889;20,6;71;7545,8;0;0;0;1;;27137;544;-10,6;
2022-11-09 20:57:26;-36,80003;-73,05889;20,6;71,1;7545,8;0;0;0;1;;27137;544;-10,6;
2022-11-09 20:57:56;-36,80003;-73,05889;20,6;71,1;7545,8;0;0;0;1;;27137;544;-10,6;
2022-11-09 20:58:26;-36,80003;-73,05889;20,6;71,2;7545,8;0;0;0;1;;27137;544;-10,9;
2022-11-09 20:58:56;-36,80003;-73,05889;20,6;71,2;7545,8;0;0;0;1;;27137;544;-10,9;
2022-11-09 20:59:26;-36,80003;-73,05889;20,6;71,2;7545,8;0;0;0;1;;27137;544;-10,6;
2022-11-09 20:59:56;-36,80003;-73,05889;20,6;71,3;7545,8;0;0;0;1;;27137;544;-10,6;
2022-11-09 21:00:26;-36,80003;-73,05889;20,6;71,3;7545,8;0;0;0;1;;27137;544;-10,6;
2022-11-09 21:00:56;-36,80003;-73,05889;20,6;71,4;7545,8;0;0;0;1;;27137;544;-10,6;
2022-11-09 21:01:26;-36,80003;-73,05889;20,6;71,4;7545,8;0;0;0;1;;27137;544;-10,3;
2022-11-09 21:01:56;-36,80003;-73,05889;20,6;71,4;7545,8;0;0;0;1;;27137;544;-10,9;
2022-11-09 21:02:26;-36,80003;-73,05889;20,6;71,5;7545,8;0;0;0;1;;27137;544;-10,3;
2022-11-09 21:02:56;-36,80003;-73,05889;20,6;71,5;7545,8;0;0;0;1;;27137;544;-10,6;
2022-11-09 21:03:26;-36,80003;-73,05889;20,6;71,6;7545,8;0;0;0;1;;27137;544;-10,6;
2022-11-09 21:03:56;-36,80003;-73,05889;20,6;71,6;7545,8;0;0;0;1;;27137;544;-10,6;
2022-11-09 21:04:26;-36,80003;-73,05889;20,6;71,7;7545,8;0;0;0;1;;27137;544;-10,6;
2022-11-09 21:04:56;-36,80003;-73,05889;20,6;71,7;7545,8;0;0;0;1;;27137;544;-10,6;
2022-11-09 21:05:26;-36,80003;-73,05889;20,6;71,7;7545,8;0;0;0;1;;27137;544;-10,3;
2022-11-09 21:05:56;-36,80003;-73,05889;20,6;71,8;7545,8;0;0;0;1;;27137;544;-10,6;
2022-11-09 21:06:26;-36,80003;-73,05889;20,6;71,8;7545,8;0;0;0;1;;27137;544;-10,9;
2022-11-09 21:06:56;-36,80003;-73,05889;20,6;71,9;7545,8;0;0;0;1;;27137;544;-10,9;
2022-11-09 21:07:26;-36,80003;-73,05889;20,6;71,9;7545,8;0;0;0;1;;27137;544;-10,6;
2022-11-09 21:07:56;-36,80003;-73,05889;20,6;71,9;7545,8;0;0;0;1;;27137;544;-10,9;
2022-11-09 21:08:26;-36,80003;-73,05889;20,6;72;7545,8;0;0;0;1;;27137;544;-10,9;
2022-11-09 21:08:56;-36,80003;-73,05889;20,6;72;7545,8;0;0;0;1;;27137;544;-10,6;
2022-11-09 21:09:26;-36,80003;-73,05889;20,6;72,1;7545,8;0;0;0;1;;27137;544;-10,3;
2022-11-09 21:09:56;-36,80003;-73,05889;20,6;72,1;7545,8;0;0;0;1;;27137;544;-10,9;
2022-11-09 21:10:26;-36,80003;-73,05889;20,6;72,1;7545,8;0;0;0;1;;27137;544;-10,3;
2022-11-09 21:10:56;-36,80003;-73,05889;20,6;72,2;7545,8;0;0;0;1;;27137;544;-10,3;
2022-11-09 21:11:26;-36,80003;-73,05889;20,6;72,2;7545,8;0;0;0;1;;27137;544;-10,6;
2022-11-09 21:11:56;-36,80003;-73,05889;20,6;72,3;7545,8;0;0;0;1;;27137;544;-10,3;
2022-11-09 21:12:26;-36,80003;-73,05889;20,6;72,3;7545,8;0;0;0;1;;27137;544;-10,3;
2022-11-09 21:12:56;-36,80003;-73,05889;20,6;72,3;7545,8;0;0;0;1;;27137;544;-10,3;
2022-11-09 21:13:26;-36,80003;-73,05889;20,6;72,4;7545,8;0;0;0;1;;27137;544;-10,6;
2022-11-09 21:13:56;-36,80003;-73,05889;20,6;72,4;7545,8;0;0;0;1;;27137;544;-10,9;
2022-11-09 21:14:26;-36,80003;-73,05889;20,6;72,5;7545,8;0;0;0;1;;27137;544;-10,6;
2022-11-09 21:14:56;-36,80003;-73,05889;20,6;72,5;7545,8;0;0;0;1;;27137;544;-10,3;
2022-11-09 21:15:26;-36,80003;-73,05889;20,6;72,5;7545,8;0;0;0;1;;27137;544;-10,3;
2022-11-09 21:15:56;-36,80003;-73,05889;20,6;72,6;7545,8;0;0;0;1;;27137;544;-10,3;
2022-11-09 21:16:26;-36,80003;-73,05889;20,6;72,6;7545,8;0;0;0;1;;27137;544;-10,6;
2022-11-09 21:16:56;-36,80003;-73,05889;20,6;72,7;7545,8;0;0;0;1;;27137;544;-10,6;
2022-11-09 21:17:26;-36,80003;-73,05889;20,6;72,7;7545,8;0;0;0;1;;27137;544;-10,6;
2022-11-09 21:17:56;-36,80003;-73,05889;20,6;72,8;7545,8;0;0;0;1;;27137;544;-10,6;
2022-11-09 21:18:26;-36,80003;-73,05889;20,6;72,8;7545,8;0;0;0;1;;27137;544;-10,3;
2022-11-09 21:18:56;-36,80003;-73,05889;20,6;72,8;7545,8;0;0;0;1;;27137;544;-10,6;
2022-11-09 21:19:26;-36,80003;-73,05889;20,6;72,9;7545,8;0;0;0;1;;27137;544;-10,3;
2022-11-09 21:19:56;-36,80003;-73,05889;20,6;72,9;7545,8;0;0;0;1;;27137;544;-10,9;
2022-11-09 21:20:26;-36,80003;-73,05889;20,6;73;7545,8;0;0;0;1;;27137;544;-10,3;
2022-11-09 21:20:56;-36,80003;-73,05889;20,6;73;7545,8;0;0;0;1;;27137;544;-11,2;
2022-11-09 21:21:26;-36,80003;-73,05889;20,6;73;7545,8;0;0;0;1;;27137;544;-10,6;
2022-11-09 21:21:56;-36,80003;-73,05889;20,6;73,1;7545,8;0;0;0;1;;27137;544;-10,9;
2022-11-09 21:22:26;-36,80003;-73,05889;20,6;73,1;7545,8;0;0;0;1;;27137;544;-10,9;
2022-11-09 21:22:56;-36,80003;-73,05889;20,6;73,2;7545,8;0;0;0;1;;27137;544;-10,6;
2022-11-09 21:23:26;-36,80003;-73,05889;20,6;73,2;7545,8;0;0;0;1;;27137;544,5;-10,6;
2022-11-09 21:23:56;-36,80003;-73,05889;20,6;73,2;7545,8;0;0;0;1;;27137;544;-10,6;
2022-11-09 21:24:26;-36,80003;-73,05889;20,6;73,3;7545,8;0;0;0;1;;27137;544;-10,9;
2022-11-09 21:24:56;-36,80003;-73,05889;20,6;73,3;7545,8;0;0;0;1;;27137;544,5;-10,6;
2022-11-09 21:25:26;-36,80003;-73,05889;20,6;73,4;7545,8;0;0;0;1;;27137;544;-10,3;
2022-11-09 21:25:56;-36,80003;-73,05889;20,6;73,4;7545,8;0;0;0;1;;27137;544;-10,3;
2022-11-09 21:26:26;-36,80003;-73,05889;20,6;73,4;7545,8;0;0;0;1;;27137;544;-10,9;
2022-11-09 21:26:56;-36,80003;-73,05889;20,6;73,5;7545,8;0;0;0;1;;27137;544;-10,3;
2022-11-09 21:27:26;-36,80003;-73,05889;20,6;73,5;7545,8;0;0;0;1;;27137;544,5;-10,9;
2022-11-09 21:27:56;-36,80003;-73,05889;20,6;73,6;7545,8;0;0;0;1;;27137;544;-10,3;
2022-11-09 21:28:26;-36,80003;-73,05889;20,6;73,6;7545,8;0;0;0;1;;27137;544;-10,3;
2022-11-09 21:28:56;-36,80003;-73,05889;20,6;73,7;7545,8;0;0;0;1;;27137;544;-10,9;
2022-11-09 21:29:26;-36,80003;-73,05889;20,6;73,7;7545,8;0;0;0;1;;27137;544;-10,9;
2022-11-09 21:29:56;-36,80003;-73,05889;20,6;73,7;7545,8;0;0;0;1;;27137;544;-10,3;
2022-11-09 21:30:26;-36,80003;-73,05889;20,6;73,8;7545,8;0;0;0;1;;27137;544,5;-10,9;
2022-11-09 21:30:56;-36,80003;-73,05889;20,6;73,8;7545,8;0;0;0;1;;27137;544,5;-10,6;
2022-11-09 21:31:26;-36,80003;-73,05889;20,6;73,9;7545,8;0;0;0;1;;27137;544,5;-10,9;
2022-11-09 21:31:56;-36,80003;-73,05889;20,6;73,9;7545,8;0;0;0;1;;27137;544,5;-10,6;
2022-11-09 21:32:26;-36,80003;-73,05889;20,6;73,9;7545,8;0;0;0;1;;27137;544,5;-11,2;
2022-11-09 21:32:56;-36,80003;-73,05889;20,6;74;7545,8;0;0;0;1;;27137;544,5;-11,2;
2022-11-09 21:33:26;-36,80003;-73,05889;20,6;74;7545,8;0;0;0;1;;27137;544,5;-10,6;
2022-11-09 21:33:56;-36,80003;-73,05889;20,6;74,1;7545,8;0;0;0;1;;27137;544,5;-10,6;
2022-11-09 21:34:26;-36,80003;-73,05889;20,6;74,1;7545,8;0;0;0;1;;27137;544,5;-10,6;
2022-11-09 21:34:56;-36,80003;-73,05889;20,6;74,1;7545,8;0;0;0;1;;27137;544,5;-10,9;
2022-11-09 21:35:26;-36,80003;-73,05889;20,6;74,2;7545,8;0;0;0;1;;27137;544,5;-10,6;
2022-11-09 21:35:56;-36,80003;-73,05889;20,6;74,2;7545,8;0;0;0;1;;27137;544,5;-11,2;
2022-11-09 21:36:26;-36,80003;-73,05889;20,6;74,3;7545,8;0;0;0;1;;27137;544,5;-10,9;
2022-11-09 21:36:56;-36,80003;-73,05889;20,6;74,3;7545,8;0;0;0;1;;27137;544,5;-10,9;
2022-11-09 21:37:26;-36,80003;-73,05889;20,6;74,4;7545,8;0;0;0;1;;27137;544,5;-10,9;
2022-11-09 21:37:56;-36,80003;-73,05889;20,6;74,4;7545,8;0;0;0;1;;27137;544,5;-10,3;
2022-11-09 21:38:26;-36,80003;-73,05889;20,6;74,4;7545,8;0;0;0;1;;27137;544,5;-10,6;
2022-11-09 21:38:56;-36,80003;-73,05889;20,6;74,5;7545,8;0;0;0;1;;27137;544,5;-10,6;
2022-11-09 21:39:26;-36,80003;-73,05889;20,6;74,5;7545,8;0;0;0;1;;27137;544,5;-11,2;
2022-11-09 21:39:56;-36,80003;-73,05889;20,6;74,6;7545,8;0;0;0;1;;27137;544,5;-10,9;
2022-11-09 21:40:26;-36,80003;-73,05889;20,6;74,6;7545,8;0;0;0;1;;27137;544,5;-10,6;
2022-11-09 21:40:56;-36,80003;-73,05889;20,6;74,6;7545,8;0;0;0;1;;27137;544,5;-10,3;
2022-11-09 21:41:26;-36,80003;-73,05889;20,6;74,7;7545,8;0;0;0;1;;27137;544,5;-10,6;
2022-11-09 21:41:56;-36,80003;-73,05889;20,6;74,7;7545,8;0;0;0;1;;27137;544,5;-10,3;
2022-11-09 21:42:26;-36,80003;-73,05889;20,6;74,8;7545,8;0;0;0;1;;27137;544,5;-10,6;
2022-11-09 21:42:56;-36,80003;-73,05889;20,6;74,8;7545,8;0;0;0;1;;27137;544,5;-10,6;
2022-11-09 21:43:26;-36,80003;-73,05889;20,6;74,9;7545,8;0;0;0;1;;27137;544,5;-10,6;
2022-11-09 21:43:56;-36,80003;-73,05889;20,6;74,9;7545,8;0;0;0;1;;27137;544,5;-10,9;
2022-11-09 21:44:26;-36,80003;-73,05889;20,6;74,9;7545,8;0;0;0;1;;27137;544,5;-10,9;
2022-11-09 21:44:56;-36,80003;-73,05889;20,6;75;7545,8;0;0;0;1;;27137;544,5;-10,6;
2022-11-09 21:45:26;-36,80003;-73,05889;20,6;75;7545,8;0;0;0;1;;27137;544,5;-10,6;
2022-11-09 21:45:56;-36,80003;-73,05889;20,6;75,1;7545,8;0;0;0;1;;27137;544,5;-10,6;
2022-11-09 21:46:26;-36,80003;-73,05889;20,6;75,1;7545,8;0;0;0;1;;27137;544,5;-11,2;
2022-11-09 21:46:56;-36,80003;-73,05889;20,6;75,1;7545,8;0;0;0;1;;27137;544,5;-10,6;
2022-11-09 21:47:26;-36,80003;-73,05889;20,6;75,2;7545,8;0;0;0;1;;27137;544,5;-10,6;
2022-11-09 21:47:56;-36,80003;-73,05889;20,6;75,2;7545,8;0;0;0;1;;27137;544,5;-10,6;
2022-11-09 21:48:26;-36,80003;-73,05889;20,6;75,3;7545,8;0;0;0;1;;27137;544,5;-10,3;
2022-11-09 21:48:56;-36,80003;-73,05889;20,6;75,3;7545,8;0;0;0;1;;27137;544,5;-10,9;
2022-11-09 21:49:26;-36,80003;-73,05889;20,6;75,3;7545,8;0;0;0;1;;27137;544,5;-10,3;
2022-11-09 21:49:56;-36,80003;-73,05889;20,6;75,4;7545,8;0;0;0;1;;27137;544,5;-10,9;
2022-11-09 21:50:26;-36,80003;-73,05889;20,6;75,4;7545,8;0;0;0;1;;27137;544,5;-10,6;
2022-11-09 21:50:56;-36,80003;-73,05889;20,6;75,5;7545,8;0;0;0;1;;27137;544,5;-10,6;
2022-11-09 21:51:26;-36,80003;-73,05889;20,6;75,5;7545,8;0;0;0;1;;27137;544,5;-10,9;
2022-11-09 21:51:56;-36,80003;-73,05889;20,6;75,6;7545,8;0;0;0;1;;27137;544,5;-10,9;
2022-11-09 21:52:26;-36,80003;-73,05889;20,6;75,6;7545,8;0;0;0;1;;27137;544,5;-10,6;
2022-11-09 21:52:56;-36,80003;-73,05889;20,6;75,6;7545,8;0;0;0;1;;27137;544,5;-11,2;
2022-11-09 21:53:26;-36,80003;-73,05889;20,6;75,7;7545,8;0;0;0;1;;27137;544,5;-10,6;
2022-11-09 21:53:56;-36,80003;-73,05889;20,6;75,7;7545,8;0;0;0;1;;27137;544,5;-10,9;
