fecha_hora;lat;lon;altitud;SOC;odometro;vel;AC;calefaccion;cargando;km_restantes;carga_bat_aux;voltaje;corriente;rpm
2022-11-13 00:00:09;-36,79991;-73,05888;4,3;86;7829,6;0;0;0;1;;27137;545,5;-10,6;
2022-11-13 00:00:39;-36,79991;-73,05888;4,3;86;7829,6;0;0;0;1;;27137;545,5;-10,6;
2022-11-13 00:01:09;-36,79991;-73,05888;4,3;86,1;7829,6;0;0;0;1;;27137;545,5;-10,3;
2022-11-13 00:01:39;-36,79991;-73,05888;4,3;86,1;7829,6;0;0;0;1;;27137;545,5;-10,3;
2022-11-13 00:02:09;-36,79991;-73,05888;4,3;86,2;7829,6;0;0;0;1;;27137;545,5;-10,9;
2022-11-13 00:02:39;-36,79991;-73,05888;4,3;86,2;7829,6;0;0;0;1;;27137;545,5;-10,3;
2022-11-13 00:03:09;-36,79991;-73,05888;4,3;86,3;7829,6;0;0;0;1;;27137;545,5;-10,6;
2022-11-13 00:03:39;-36,79991;-73,05888;4,3;86,3;7829,6;0;0;0;1;;27137;545,5;-10,6;
2022-11-13 00:04:09;-36,79991;-73,05888;4,3;86,3;7829,6;0;0;0;1;;27137;545,5;-10,6;
2022-11-13 00:04:39;-36,79991;-73,05888;4,3;86,4;7829,6;0;0;0;1;;27137;545,5;-10,6;
2022-11-13 00:05:09;-36,79991;-73,05888;4,3;86,4;7829,6;0;0;0;1;;27137;545,5;-10,3;
2022-11-13 00:05:39;-36,79991;-73,05888;4,3;86,5;7829,6;0;0;0;1;;27137;545,5;-10,3;
2022-11-13 00:06:09;-36,79991;-73,05888;4,3;86,5;7829,6;0;0;0;1;;27137;545,5;-10,3;
2022-11-13 00:06:39;-36,79991;-73,05888;4,3;86,5;7829,6;0;0;0;1;;27137;545,5;-10,9;
2022-11-13 00:07:09;-36,79991;-73,05888;4,3;86,6;7829,6;0;0;0;1;;27137;545,5;-10,3;
2022-11-13 00:07:39;-36,79991;-73,05888;4,3;86,6;7829,6;0;0;0;1;;27137;545,5;-10,9;
2022-11-13 00:08:09;-36,79991;-73,05888;4,3;86,7;7829,6;0;0;0;1;;27137;545,5;-10,9;
2022-11-13 00:08:39;-36,79991;-73,05888;4,3;86,7;7829,6;0;0;0;1;;27137;545,5;-10,6;
2022-11-13 00:09:09;-36,79991;-73,05888;4,3;86,7;7829,6;0;0;0;1;;27137;545,5;-10,6;
2022-11-13 00:09:39;-36,79991;-73,05888;4,3;86,8;7829,6;0;0;0;1;;27137;545,5;-10,3;
2022-11-13 00:10:09;-36,79991;-73,05888;4,3;86,8;7829,6;0;0;0;1;;27137;545,5;-10,9;
2022-11-13 00:10:39;-36,79991;-73,05888;4,3;86,9;7829,6;0;0;0;1;;27137;545,5;-10,9;
2022-11-13 00:11:09;-36,79991;-73,05888;4,3;86,9;7829,6;0;0;0;1;;27137;546;-10,6;
2022-11-13 00:11:39;-36,79991;-73,05888;4,3;87;7829,6;0;0;0;1;;27137;545,5;-10,3;
2022-11-13 00:12:09;-36,79991;-73,05888;4,3;87;7829,6;0;0;0;1;;27137;546;-10,3;
2022-11-13 00:12:39;-36,79991;-73,05888;4,3;87;7829,6;0;0;0;1;;27137;546;-10,6;
2022-11-13 00:13:09;-36,79991;-73,05888;4,3;87,1;7829,6;0;0;0;1;;27137;546;-10,6;
2022-11-13 00:13:39;-36,79991;-73,05888;4,3;87,1;7829,6;0;0;0;1;;27137;546;-10,3;
2022-11-13 00:14:09;-36,79991;-73,05888;4,3;87,2;7829,6;0;0;0;1;;27137;546;-10,6;
2022-11-13 00:14:39;-36,79991;-73,05888;4,3;87,2;7829,6;0;0;0;1;;27137;546;-10,6;
2022-11-13 00:15:09;-36,79991;-73,05888;4,3;87,2;7829,6;0;0;0;1;;27137;546;-10,6;
2022-11-13 00:15:39;-36,79991;-73,05888;4,3;87,3;7829,6;0;0;0;1;;27137;546;-10,6;
2022-11-13 00:16:09;-36,79991;-73,05888;4,3;87,3;7829,6;0;0;0;1;;27137;546;-10,6;
2022-11-13 00:16:39;-36,79991;-73,05888;4,3;87,4;7829,6;0;0;0;1;;27137;546;-10,6;
2022-11-13 00:17:09;-36,79991;-73,05888;4,3;87,4;7829,6;0;0;0;1;;27137;546;-10,9;
2022-11-13 00:17:39;-36,79991;-73,05888;4,3;87,5;7829,6;0;0;0;1;;27137;546;-10,9;
2022-11-13 00:18:09;-36,79991;-73,05888;4,3;87,5;7829,6;0;0;0;1;;27137;546;-10,3;
2022-11-13 00:18:39;-36,79991;-73,05888;4,3;87,5;7829,6;0;0;0;1;;27137;546;-10,9;
2022-11-13 00:19:09;-36,79991;-73,05888;4,3;87,6;7829,6;0;0;0;1;;27137;546;-10,9;
2022-11-13 00:19:39;-36,79991;-73,05888;4,3;87,6;7829,6;0;0;0;1;;27137;546;-10,9;
2022-11-13 00:20:09;-36,79991;-73,05888;4,3;87,7;7829,6;0;0;0;1;;27137;546;-10,6;
2022-11-13 00:20:39;-36,79991;-73,05888;4,3;87,7;7829,6;0;0;0;1;;27137;546;-10,9;
2022-11-13 00:21:09;-36,79991;-73,05888;4,3;87,7;7829,6;0;0;0;1;;27137;546;-10,9;
2022-11-13 00:21:39;-36,79991;-73,05888;4,3;87,8;7829,6;0;0;0;1;;27137;546;-10,6;
2022-11-13 00:22:09;-36,79991;-73,05888;4,3;87,8;7829,6;0;0;0;1;;27137;546;-10,6;
2022-11-13 00:22:39;-36,79991;-73,05888;4,3;87,9;7829,6;0;0;0;1;;27137;546;-10,3;
2022-11-13 00:23:09;-36,79991;-73,05888;4,3;87,9;7829,6;0;0;0;1;;27137;546;-10,3;
2022-11-13 00:23:39;-36,79991;-73,05888;4,3;87,9;7829,6;0;0;0;1;;27137;546;-10,9;
2022-11-13 00:24:09;-36,79991;-73,05888;4,3;88;7829,6;0;0;0;1;;27137;546;-10,6;
2022-11-13 00:24:39;-36,79991;-73,05888;4,3;88;7829,6;0;0;0;1;;27137;546;-10,6;
2022-11-13 00:25:09;-36,79991;-73,05888;4,3;88,1;7829,6;0;0;0;1;;27137;546;-10,6;
2022-11-13 00:25:39;-36,79991;-73,05888;4,3;88,1;7829,6;0;0;0;1;;27137;546;-10,6;
2022-11-13 00:26:09;-36,79991;-73,05888;4,3;88,1;7829,6;0;0;0;1;;27137;546;-10,6;
2022-11-13 00:26:39;-36,79991;-73,05888;4,3;88,2;7829,6;0;0;0;1;;27137;546;-10,3;
2022-11-13 00:27:09;-36,79991;-73,05888;4,3;88,2;7829,6;0;0;0;1;;27137;546;-10,3;
2022-11-13 00:27:39;-36,79991;-73,05888;4,3;88,3;7829,6;0;0;0;1;;27137;546;-10,6;
2022-11-13 00:28:09;-36,79991;-73,05888;4,3;88,3;7829,6;0;0;0;1;;27137;546;-10,3;
2022-11-13 00:28:39;-36,79991;-73,05888;4,3;88,4;7829,6;0;0;0;1;;27137;546;-10,6;
2022-11-13 00:29:09;-36,79991;-73,05888;4,3;88,4;7829,6;0;0;0;1;;27137;546;-10,3;
2022-11-13 00:29:39;-36,79991;-73,05888;4,3;88,4;7829,6;0;0;0;1;;27137;546;-10,6;
2022-11-13 00:30:09;-36,79991;-73,05888;4,3;88,5;7829,6;0;0;0;1;;27137;546;-10,9;
2022-11-13 00:30:39;-36,79991;-73,05888;4,3;88,5;7829,6;0;0;0;1;;27137;546;-10,9;
2022-11-13 00:31:09;-36,79991;-73,05888;4,3;88,6;7829,6;0;0;0;1;;27137;546;-10,6;
2022-11-13 00:31:39;-36,79991;-73,05888;4,3;88,6;7829,6;0;0;0;1;;27137;546;-10,3;
2022-11-13 00:32:09;-36,79991;-73,05888;4,3;88,6;7829,6;0;0;0;1;;27137;546;-10,6;
2022-11-13 00:32:39;-36,79991;-73,05888;4,3;88,7;7829,6;0;0;0;1;;27137;546;-10,9;
2022-11-13 00:33:09;-36,79991;-73,05888;4,3;88,7;7829,6;0;0;0;1;;27137;546;-10,6;
2022-11-13 00:33:39;-36,79991;-73,05888;4,3;88,8;7829,6;0;0;0;1;;27137;546;-10,9;
2022-11-13 00:34:09;-36,79991;-73,05888;4,3;88,8;7829,6;0;0;0;1;;27137;546;-10,9;
2022-11-13 00:34:39;-36,79991;-73,05888;4,3;88,8;7829,6;0;0;0;1;;27137;546;-10,6;
2022-11-13 00:35:09;-36,79991;-73,05888;4,3;88,9;7829,6;0;0;0;1;;27137;546;-10,6;
2022-11-13 00:35:39;-36,79991;-73,05888;4,3;88,9;7829,6;0;0;0;1;;27137;546;-10,9;
2022-11-13 00:36:09;-36,79991;-73,05888;4,3;89;7829,6;0;0;0;1;;27137;546;-10,6;
2022-11-13 00:36:39;-36,79991;-73,05888;4,3;89;7829,6;0;0;0;1;;27137;546,6;-10,9;
2022-11-13 00:37:09;-36,79991;-73,05888;4,3;89,1;7829,6;0;0;0;1;;27137;546,6;-10,6;
2022-11-13 00:37:39;-36,79991;-73,05888;4,3;89,1;7829,6;0;0;0;1;;27137;546,6;-10,6;
2022-11-13 00:38:09;-36,79991;-73,05888;4,3;89,1;7829,6;0;0;0;1;;27137;546,6;-10,3;
2022-11-13 00:38:39;-36,79991;-73,05888;4,3;89,2;7829,6;0;0;0;1;;27137;546,6;-10,3;
2022-11-13 00:39:09;-36,79991;-73,05888;4,3;89,2;7829,6;0;0;0;1;;27137;546,6;-10,6;
2022-11-13 00:39:39;-36,79991;-73,05888;4,3;89,3;7829,6;0;0;0;1;;27137;546,6;-10,9;
2022-11-13 00:40:09;-36,79991;-73,05888;4,3;89,3;7829,6;0;0;0;1;;27137;546,6;-10,3;
2022-11-13 00:40:39;-36,79991;-73,05888;4,3;89,3;7829,6;0;0;0;1;;27137;546,6;-10,9;
2022-11-13 00:41:09;-36,79991;-73,05888;4,3;89,4;7829,6;0;0;0;1;;27137;546,6;-10,3;
2022-11-13 00:41:39;-36,79991;-73,05888;4,3;89,4;7829,6;0;0;0;1;;27137;546,6;-10,3;
2022-11-13 00:42:09;-36,79991;-73,05888;4,3;89,5;7829,6;0;0;0;1;;27137;546,6;-10,3;
2022-11-13 00:42:39;-36,79991;-73,05888;4,3;89,5;7829,6;0;0;0;1;;27137;546,6;-10,3;
2022-11-13 00:43:09;-36,79991;-73,05888;4,3;89,6;7829,6;0;0;0;1;;27137;546,6;-10,6;
2022-11-13 00:43:39;-36,79991;-73,05888;4,3;89,6;7829,6;0;0;0;1;;27137;546,6;-10,3;
2022-11-13 00:44:09;-36,79991;-73,05888;4,3;89,6;7829,6;0;0;0;1;;27137;546,6;-10,6;
2022-11-13 00:44:39;-36,79991;-73,05888;4,3;89,7;7829,6;0;0;0;1;;27137;546,6;-10,6;
2022-11-13 00:45:09;-36,79991;-73,05888;4,3;89,7;7829,6;0;0;0;1;;27137;546,6;-10,6;
2022-11-13 00:45:39;-36,79991;-73,05888;4,3;89,8;7829,6;0;0;0;1;;27137;546,6;-10,6;
2022-11-13 00:46:09;-36,79991;-73,05888;4,3;89,8;7829,6;0;0;0;1;;27137;546,6;-10,3;
2022-11-13 00:46:39;-36,79991;-73,05888;4,3;89,8;7829,6;0;0;0;1;;27137;546,6;-10,3;
2022-11-13 00:47:09;-36,79991;-73,05888;4,3;89,9;7829,6;0;0;0;1;;27137;546,6;-10,6;
2022-11-13 00:47:39;-36,79991;-73,05888;4,3;89,9;7829,6;0;0;0;1;;27137;546,6;-10,6;
2022-11-13 00:48:09;-36,79991;-73,05888;4,3;90;7829,6;0;0;0;1;;27137;546,6;-10,6;
2022-11-13 00:48:39;-36,79991;-73,05888;4,3;90;7829,6;0;0;0;1;;27137;546,6;-10,6;
2022-11-13 00:49:09;-36,79991;-73,05888;4,3;90;7829,6;0;0;0;1;;27137;546,6;-10,3;
2022-11-13 00:49:39;-36,79991;-73,05888;4,3;90,1;7829,6;0;0;0;1;;27137;546,6;-10,9;
2022-11-13 00:50:09;-36,79991;-73,05888;4,3;90,1;7829,6;0;0;0;1;;27137;546,6;-10,9;
2022-11-13 00:50:39;-36,79991;-73,05888;4,3;90,2;7829,6;0;0;0;1;;27137;546,6;-10,6;
2022-11-13 00:51:09;-36,79991;-73,05888;4,3;90,2;7829,6;0;0;0;1;;27137;546,6;-10,3;
2022-11-13 00:51:39;-36,79991;-73,05888;4,3;90,3;7829,6;0;0;0;1;;27137;546,6;-10,3;
2022-11-13 00:52:09;-36,79991;-73,05888;4,3;90,3;7829,6;0;0;0;1;;27137;546,6;-10,9;
2022-11-13 00:52:39;-36,79991;-73,05888;4,3;90,3;7829,6;0;0;0;1;;27137;546,6;-10,9;
2022-11-13 00:53:09;-36,79991;-73,05888;4,3;90,4;7829,6;0;0;0;1;;27137;547,1;-10,3;
2022-11-13 00:53:39;-36,79991;-73,05888;4,3;90,4;7829,6;0;0;0;1;;27137;546,6;-10,9;
2022-11-13 00:54:09;-36,79991;-73,05888;4,3;90,5;7829,6;0;0;0;1;;27137;547,1;-10,9;
2022-11-13 00:54:39;-36,79991;-73,05888;4,3;90,5;7829,6;0;0;0;1;;27137;547,1;-10,6;
2022-11-13 00:55:09;-36,79991;-73,05888;4,3;90,5;7829,6;0;0;0;1;;27137;547,1;-10,6;
2022-11-13 00:55:39;-36,79991;-73,05888;4,3;90,6;7829,6;0;0;0;1;;27137;547,1;-10,6;
2022-11-13 00:56:09;-36,79991;-73,05888;4,3;90,6;7829,6;0;0;0;1;;27137;547,1;-10,9;
2022-11-13 00:56:39;-36,79991;-73,05888;4,3;90,7;7829,6;0;0;0;1;;27137;547,1;-10,3;
2022-11-13 00:57:09;-36,79991;-73,05888;4,3;90,7;7829,6;0;0;0;1;;27137;547,1;-10,6;
2022-11-13 00:57:39;-36,79991;-73,05888;4,3;90,8;7829,6;0;0;0;1;;27137;547,1;-10,9;
2022-11-13 00:58:09;-36,79991;-73,05888;4,3;90,8;7829,6;0;0;0;1;;27137;547,1;-10,6;
2022-11-13 00:58:39;-36,79991;-73,05888;4,3;90,8;7829,6;0;0;0;1;;27137;547,1;-10,6;
2022-11-13 00:59:09;-36,79991;-73,05888;4,3;90,9;7829,6;0;0;0;1;;27137;547,1;-10,3;
2022-11-13 00:59:39;-36,79991;-73,05888;4,3;90,9;7829,6;0;0;0;1;;27137;547,1;-10,6;
2022-11-13 01:00:09;-36,79991;-73,05888;4,3;91;7829,6;0;0;0;1;;27137;547,1;-10,9;
2022-11-13 01:00:39;-36,79991;-73,05888;4,3;91;7829,6;0;0;0;1;;27137;547,1;-10,6;
2022-11-13 01:01:09;-36,79991;-73,05888;4,3;91;7829,6;0;0;0;1;;27137;547,1;-10,9;
2022-11-13 01:01:39;-36,79991;-73,05888;4,3;91,1;7829,6;0;0;0;1;;27137;547,1;-10,6;
2022-11-13 01:02:09;-36,79991;-73,05888;4,3;91,1;7829,6;0;0;0;1;;27137;547,1;-10,6;
2022-11-13 01:02:39;-36,79991;-73,05888;4,3;91,2;7829,6;0;0;0;1;;27137;547,1;-10,3;
2022-11-13 01:03:09;-36,79991;-73,05888;4,3;91,2;7829,6;0;0;0;1;;27137;547,1;-10,6;
2022-11-13 01:03:39;-36,79991;-73,05888;4,3;91,2;7829,6;0;0;0;1;;27137;547,1;-10,6;
2022-11-13 01:04:09;-36,79991;-73,05888;4,3;91,3;7829,6;0;0;0;1;;27137;547,1;-10,9;
2022-11-13 01:04:39;-36,79991;-73,05888;4,3;91,3;7829,6;0;0;0;1;;27137;547,1;-10,9;
2022-11-13 01:05:09;-36,79991;-73,05888;4,3;91,4;7829,6;0;0;0;1;;27137;547,1;-10,3;
2022-11-13 01:05:39;-36,79991;-73,05888;4,3;91,4;7829,6;0;0;0;1;;27137;547,1;-10,9;
2022-11-13 01:06:09;-36,79991;-73,05888;4,3;91,5;7829,6;0;0;0;1;;27137;547,1;-10,3;
2022-11-13 01:06:39;-36,79991;-73,05888;4,3;91,5;7829,6;0;0;0;1;;27137;547,6;-10,6;
2022-11-13 01:07:09;-36,79991;-73,05888;4,3;91,5;7829,6;0;0;0;1;;27137;547,6;-10,9;
2022-11-13 01:07:39;-36,79991;-73,05888;4,3;91,6;7829,6;0;0;0;1;;27137;547,6;-10,3;
2022-11-13 01:08:09;-36,79991;-73,05888;4,3;91,6;7829,6;0;0;0;1;;27137;547,6;-10,9;
2022-11-13 01:08:39;-36,79991;-73,05888;4,3;91,7;7829,6;0;0;0;1;;27137;547,6;-10,6;
2022-11-13 01:09:09;-36,79991;-73,05888;4,3;91,7;7829,6;0;0;0;1;;27137;547,6;-10,3;
2022-11-13 01:09:39;-36,79991;-73,05888;4,3;91,7;7829,6;0;0;0;1;;27137;547,6;-10,3;
2022-11-13 01:10:09;-36,79991;-73,05888;4,3;91,8;7829,6;0;0;0;1;;27137;547,6;-10,3;
2022-11-13 01:10:39;-36,79991;-73,05888;4,3;91,8;7829,6;0;0;0;1;;27137;547,6;-10,9;
2022-11-13 01:11:09;-36,79991;-73,05888;4,3;91,9;7829,6;0;0;0;1;;27137;547,6;-10,3;
2022-11-13 01:11:39;-36,79991;-73,05888;4,3;91,9;7829,6;0;0;0;1;;27137;547,6;-10,6;
2022-11-13 01:12:09;-36,79991;-73,05888;4,3;92;7829,6;0;0;0;1;;27137;547,6;-10,9;
2022-11-13 01:12:39;-36,79991;-73,05888;4,3;92;7829,6;0;0;0;1;;27137;547,6;-10,6;
2022-11-13 01:13:09;-36,79991;-73,05888;4,3;92;7829,6;0;0;0;1;;27137;547,6;-10,3;
2022-11-13 01:13:39;-36,79991;-73,05888;4,3;92,1;7829,6;0;0;0;1;;27137;547,6;-10,6;
2022-11-13 01:14:09;-36,79991;-73,05888;4,3;92,1;7829,6;0;0;0;1;;27137;547,6;-10,9;
2022-11-13 01:14:39;-36,79991;-73,05888;4,3;92,2;7829,6;0;0;0;1;;27137;547,6;-10,3;
2022-11-13 01:15:09;-36,79991;-73,05888;4,3;92,2;7829,6;0;0;0;1;;27137;547,6;-10,9;
2022-11-13 01:15:39;-36,79991;-73,05888;4,3;92,2;7829,6;0;0;0;1;;27137;547,6;-10,6;
2022-11-13 01:16:09;-36,79991;-73,05888;4,3;92,3;7829,6;0;0;0;1;;27137;548,1;-10,3;
2022-11-13 01:16:39;-36,79991;-73,05888;4,3;92,3;7829,6;0;0;0;1;;27137;548,1;-10,6;
2022-11-13 01:17:09;-36,79991;-73,05888;4,3;92,4;7829,6;0;0;0;1;;27137;548,1;-10,9;
2022-11-13 01:17:39;-36,79991;-73,05888;4,3;92,4;7829,6;0;0;0;1;;27137;548,1;-10,6;
2022-11-13 01:18:09;-36,79991;-73,05888;4,3;92,4;7829,6;0;0;0;1;;27137;548,1;-10,9;
2022-11-13 01:18:39;-36,79991;-73,05888;4,3;92,5;7829,6;0;0;0;1;;27137;548,1;-10,3;
2022-11-13 01:19:09;-36,79991;-73,05888;4,3;92,5;7829,6;0;0;0;1;;27137;548,1;-10,6;
2022-11-13 01:19:39;-36,79991;-73,05888;4,3;92,6;7829,6;0;0;0;1;;27137;548,1;-10,6;
2022-11-13 01:20:09;-36,79991;-73,05888;4,3;92,6;7829,6;0;0;0;1;;27137;548,1;-10,3;
2022-11-13 01:20:39;-36,79991;-73,05888;4,3;92,7;7829,6;0;0;0;1;;27137;548,1;-10,9;
2022-11-13 01:21:09;-36,79991;-73,05888;4,3;92,7;7829,6;0;0;0;1;;27137;548,1;-10,6;
2022-11-13 01:21:39;-36,79991;-73,05888;4,3;92,7;7829,6;0;0;0;1;;27137;548,1;-10,3;
2022-11-13 01:22:09;-36,79991;-73,05888;4,3;92,8;7829,6;0;0;0;1;;27137;548,1;-10,3;
2022-11-13 01:22:39;-36,79991;-73,05888;4,3;92,8;7829,6;0;0;0;1;;27137;548,1;-10,3;
2022-11-13 01:23:09;-36,79991;-73,05888;4,3;92,9;7829,6;0;0;0;1;;27137;548,6;-10,3;
2022-11-13 01:23:39;-36,79991;-73,05888;4,3;92,9;7829,6;0;0;0;1;;27137;548,6;-10,6;
2022-11-13 01:24:09;-36,79991;-73,05888;4,3;92,9;7829,6;0;0;0;1;;27137;548,6;-10,6;
2022-11-13 01:24:39;-36,79991;-73,05888;4,3;93;7829,6;0;0;0;1;;27137;548,6;-10,6;
2022-11-13 01:25:09;-36,79991;-73,05888;4,3;93;7829,6;0;0;0;1;;27137;548,6;-10,3;
2022-11-13 01:25:39;-36,79991;-73,05888;4,3;93,1;7829,6;0;0;0;1;;27137;548,6;-10,9;
2022-11-13 01:26:09;-36,79991;-73,05888;4,3;93,1;7829,6;0;0;0;1;;27137;548,6;-10,3;
2022-11-13 01:26:39;-36,79991;-73,05888;4,3;93,2;7829,6;0;0;0;1;;27137;548,6;-10,3;
2022-11-13 01:27:09;-36,79991;-73,05888;4,3;93,2;7829,6;0;0;0;1;;27137;548,6;-10,6;
2022-11-13 01:27:39;-36,79991;-73,05888;4,3;93,2;7829,6;0;0;0;1;;27137;549,1;-10,6;
2022-11-13 01:28:09;-36,79991;-73,05888;4,3;93,3;7829,6;0;0;0;1;;27137;549,1;-10,3;
2022-11-13 01:28:39;-36,79991;-73,05888;4,3;93,3;7829,6;0;0;0;1;;27137;549,1;-10,9;
2022-11-13 01:29:09;-36,79991;-73,05888;4,3;93,4;7829,6;0;0;0;1;;27137;549,1;-10,3;
2022-11-13 01:29:39;-36,79991;-73,05888;4,3;93,4;7829,6;0;0;0;1;;27137;549,1;-10,3;
2022-11-13 01:30:09;-36,79991;-73,05888;4,3;93,4;7829,6;0;0;0;1;;27137;549,1;-10,9;
2022-11-13 01:30:39;-36,79991;-73,05888;4,3;93,5;7829,6;0;0;0;1;;27137;549,1;-10,3;
2022-11-13 01:31:09;-36,79991;-73,05888;4,3;93,5;7829,6;0;0;0;1;;27137;549,6;-10,6;
2022-11-13 01:31:39;-36,79991;-73,05888;4,3;93,6;7829,6;0;0;0;1;;27137;549,6;-10,9;
2022-11-13 01:32:09;-36,79991;-73,05888;4,3;93,6;7829,6;0;0;0;1;;27137;549,6;-10,3;
2022-11-13 01:32:39;-36,79991;-73,05888;4,3;93,6;7829,6;0;0;0;1;;27137;549,6;-10,3;
2022-11-13 01:33:09;-36,79991;-73,05888;4,3;93,7;7829,6;0;0;0;1;;27137;549,6;-10,3;
2022-11-13 01:33:39;-36,79991;-73,05888;4,3;93,7;7829,6;0;0;0;1;;27137;549,6;-10,3;
2022-11-13 01:34:09;-36,79991;-73,05888;4,3;93,8;7829,6;0;0;0;1;;27137;550,1;-10,9;
2022-11-13 01:34:39;-36,79991;-73,05888;4,3;93,8;7829,6;0;0;0;1;;27137;550,1;-10,6;
2022-11-13 01:35:09;-36,79991;-73,05888;4,3;93,8;7829,6;0;0;0;1;;27137;550,1;-10,6;
2022-11-13 01:35:39;-36,79991;-73,05888;4,3;93,9;7829,6;0;0;0;1;;27137;550,1;-10,6;
2022-11-13 01:36:09;-36,79991;-73,05888;4,3;93,9;7829,6;0;0;0;1;;27137;550,7;-10,9;
2022-11-13 01:36:39;-36,79991;-73,05888;4,3;94;7829,6;0;0;0;1;;27137;550,7;-10,3;
2022-11-13 01:37:09;-36,79991;-73,05888;4,3;94;7829,6;0;0;0;1;;27137;550,7;-10,3;
2022-11-13 01:37:39;-36,79991;-73,05888;4,3;94,1;7829,6;0;0;0;1;;27137;550,7;-10,6;
2022-11-13 01:38:09;-36,79991;-73,05888;4,3;94,1;7829,6;0;0;0;1;;27137;551,2;-10,6;
2022-11-13 01:38:39;-36,79991;-73,05888;4,3;94,1;7829,6;0;0;0;1;;27137;551,2;-10,3;
2022-11-13 01:39:09;-36,79991;-73,05888;4,3;94,2;7829,6;0;0;0;1;;27137;551,2;-10,6;
2022-11-13 01:39:39;-36,79991;-73,05888;4,3;94,2;7829,6;0;0;0;1;;27137;551,7;-10,3;
2022-11-13 01:40:09;-36,79991;-73,05888;4,3;94,3;7829,6;0;0;0;1;;27137;551,7;-10,6;
2022-11-13 01:40:39;-36,79991;-73,05888;4,3;94,3;7829,6;0;0;0;1;;27137;552,2;-10,3;
2022-11-13 01:41:09;-36,79991;-73,05888;4,3;94,3;7829,6;0;0;0;1;;27137;552,2;-10,3;
2022-11-13 01:41:39;-36,79991;-73,05888;4,3;94,4;7829,6;0;0;0;1;;27137;552,7;-10,3;
2022-11-13 01:42:09;-36,79991;-73,05888;4,3;94,4;7829,6;0;0;0;1;;27137;552,7;-10,6;
2022-11-13 01:42:39;-36,79991;-73,05888;4,3;94,5;7829,6;0;0;0;1;;27137;553,2;-10,1;
2022-11-13 01:43:09;-36,79991;-73,05888;4,3;94,5;7829,6;0;0;0;1;;27137;553,2;-10,6;
2022-11-13 01:43:39;-36,79991;-73,05888;4,3;94,5;7829,6;0;0;0;1;;27137;553,7;-10,3;
2022-11-13 01:44:09;-36,79991;-73,05888;4,3;94,6;7829,6;0;0;0;1;;27137;554,2;-10,3;
2022-11-13 01:44:39;-36,79991;-73,05888;4,3;94,6;7829,6;0;0;0;1;;27137;554,2;-10,3;
2022-11-13 01:45:09;-36,79991;-73,05888;4,3;94,7;7829,6;0;0;0;1;;27137;554,8;-10,3;
2022-11-13 01:45:39;-36,79991;-73,05888;4,3;94,7;7829,6;0;0;0;1;;27137;555,3;-10,9;
2022-11-13 01:46:09;-36,79991;-73,05888;4,3;94,8;7829,6;0;0;0;1;;27137;555,8;-10,6;
2022-11-13 01:46:39;-36,79991;-73,05888;4,3;94,8;7829,6;0;0;0;1;;27137;556,8;-10,6;
2022-11-13 01:47:09;-36,79991;-73,05888;4,3;94,8;7829,6;0;0;0;1;;27137;557,3;-10,6;
2022-11-13 01:47:39;-36,79991;-73,05888;4,3;94,9;7829,6;0;0;0;1;;27137;558,3;-10,6;
2022-11-13 01:48:09;-36,79991;-73,05888;4,3;94,9;7829,6;0;0;0;1;;27137;559,4;-10,1;
2022-11-13 01:48:39;-36,79991;-73,05888;4,3;95;7829,6;0;0;0;1;;27137;560,4;-10,3;
2022-11-13 01:49:09;-36,79991;-73,05888;4,3;95;7829,6;0;0;0;1;;27137;561,9;-10,6;
2022-11-13 01:49:39;-36,79991;-73,05888;4,3;96,7;7829,6;0;0;0;1;;27137;563,5;-10,3;
