fecha_hora;lat;lon;altitud;SOC;odometro;vel;AC;calefaccion;cargando;km_restantes;carga_bat_aux;voltaje;corriente;rpm
2022-11-08 00:00:10;-36,79997;-73,05899;16;60,9;7453,1;0;0;0;1;;27137;539,9;-10,3;
2022-11-08 00:00:40;-36,79997;-73,05899;16;60,9;7453,1;0;0;0;1;;27137;539,9;-10,3;
2022-11-08 00:01:10;-36,79997;-73,05899;16;60,9;7453,1;0;0;0;1;;27137;539,9;-10,3;
2022-11-08 00:01:40;-36,79997;-73,05899;16;61;7453,1;0;0;0;1;;27137;539,9;-10,3;
2022-11-08 00:02:10;-36,79997;-73,05899;16;61;7453,1;0;0;0;1;;27137;539,9;-10,3;
2022-11-08 00:02:40;-36,79997;-73,05899;16;61,1;7453,1;0;0;0;1;;27137;539,9;-10,6;
2022-11-08 00:03:10;-36,79997;-73,05899;16;61,1;7453,1;0;0;0;1;;27137;539,9;-10,6;
2022-11-08 00:03:40;-36,79997;-73,05899;16;61,1;7453,1;0;0;0;1;;27137;539,9;-10,3;
2022-11-08 00:04:10;-36,79997;-73,05899;16;61,2;7453,1;0;0;0;1;;27137;540,4;-10,3;
2022-11-08 00:04:40;-36,79997;-73,05899;16;61,2;7453,1;0;0;0;1;;27137;540,4;-10,9;
2022-11-08 00:05:10;-36,79997;-73,05899;16;61,3;7453,1;0;0;0;1;;27137;540,4;-10,3;
2022-11-08 00:05:40;-36,79997;-73,05899;16;61,3;7453,1;0;0;0;1;;27137;540,4;-10,3;
2022-11-08 00:06:10;-36,79997;-73,05899;16;61,3;7453,1;0;0;0;1;;27137;540,4;-10,6;
2022-11-08 00:06:40;-36,79997;-73,05899;16;61,4;7453,1;0;0;0;1;;27137;540,4;-10,9;
2022-11-08 00:07:10;-36,79997;-73,05899;16;61,4;7453,1;0;0;0;1;;27137;540,4;-10,3;
2022-11-08 00:07:40;-36,79997;-73,05899;16;61,5;7453,1;0;0;0;1;;27137;540,4;-10,3;
2022-11-08 00:08:10;-36,79997;-73,05899;16;61,5;7453,1;0;0;0;1;;27137;540,4;-10,9;
2022-11-08 00:08:40;-36,79997;-73,05899;16;61,5;7453,1;0;0;0;1;;27137;540,4;-10,9;
2022-11-08 00:09:10;-36,79997;-73,05899;16;61,6;7453,1;0;0;0;1;;27137;540,4;-10,9;
2022-11-08 00:09:40;-36,79997;-73,05899;16;61,6;7453,1;0;0;0;1;;27137;540,4;-10,6;
2022-11-08 00:10:10;-36,79997;-73,05899;16;61,7;7453,1;0;0;0;1;;27137;540,4;-10,6;
2022-11-08 00:10:40;-36,79997;-73,05899;16;61,7;7453,1;0;0;0;1;;27137;540,4;-10,3;
2022-11-08 00:11:10;-36,79997;-73,05899;16;61,8;7453,1;0;0;0;1;;27137;540,9;-10,3;
2022-11-08 00:11:40;-36,79997;-73,05899;16;61,8;7453,1;0;0;0;1;;27137;540,9;-10,6;
2022-11-08 00:12:10;-36,79997;-73,05899;16;61,8;7453,1;0;0;0;1;;27137;540,9;-10,3;
2022-11-08 00:12:40;-36,79997;-73,05899;16;61,9;7453,1;0;0;0;1;;27137;540,9;-10,3;
2022-11-08 00:13:10;-36,79997;-73,05899;16;61,9;7453,1;0;0;0;1;;27137;540,9;-10,6;
2022-11-08 00:13:40;-36,79997;-73,05899;16;62;7453,1;0;0;0;1;;27137;540,9;-10,6;
2022-11-08 00:14:10;-36,79997;-73,05899;16;62;7453,1;0;0;0;1;;27137;540,9;-10,9;
2022-11-08 00:14:40;-36,79997;-73,05899;16;62;7453,1;0;0;0;1;;27137;540,9;-10,9;
2022-11-08 00:15:10;-36,79997;-73,05899;16;62,1;7453,1;0;0;0;1;;27137;540,9;-10,3;
2022-11-08 00:15:40;-36,79997;-73,05899;16;62,1;7453,1;0;0;0;1;;27137;540,9;-10,3;
2022-11-08 00:16:10;-36,79997;-73,05899;16;62,2;7453,1;0;0;0;1;;27137;540,9;-10,3;
2022-11-08 00:16:40;-36,79997;-73,05899;16;62,2;7453,1;0;0;0;1;;27137;540,9;-10,9;
2022-11-08 00:17:10;-36,79997;-73,05899;16;62,2;7453,1;0;0;0;1;;27137;540,9;-10,6;
2022-11-08 00:17:40;-36,79997;-73,05899;16;62,3;7453,1;0;0;0;1;;27137;541,4;-10,6;
2022-11-08 00:18:10;-36,79997;-73,05899;16;62,3;7453,1;0;0;0;1;;27137;541,4;-10,9;
2022-11-08 00:18:40;-36,79997;-73,05899;16;62,4;7453,1;0;0;0;1;;27137;541,4;-10,6;
2022-11-08 00:19:10;-36,79997;-73,05899;16;62,4;7453,1;0;0;0;1;;27137;541,4;-10,6;
2022-11-08 08:10:52;-36,79997;-73,05899;79,1;62,4;7453,1;0;1;0;1;;25184;536,8;0;
2022-11-08 08:11:19;-36,79997;-73,05899;79,1;62,4;7453,1;0;0;0;1;;25184;538,4;-9,5;
2022-11-08 08:11:49;-36,80025;-73,05877;79,1;62,4;7453,1;0;0;0;1;;27005;539,4;-10,3;
2022-11-08 08:18:55;-36,80025;-73,05877;79,1;62,4;7453,1;0;0;0;0;;25053;537,3;2,2;
2022-11-08 08:19:25;-36,80025;-73,05877;79,1;62,4;7453,1;0;0;0;0;;27005;537,3;1,4;
2022-11-08 08:19:55;-36,80025;-73,05877;79,1;62,4;7453,1;0;0;0;0;;27005;536,8;1,4;
2022-11-08 08:20:25;-36,80025;-73,05877;79,1;62,4;7453,1;0;0;0;0;;27005;536,8;1,4;
2022-11-08 08:20:55;-36,80025;-73,05877;79,1;62,4;7453,1;0;0;0;0;;27005;536,8;1,1;
2022-11-08 08:21:25;-36,80025;-73,05877;79,1;62,4;7453,1;0;0;0;0;;27137;536,8;1,1;
2022-11-08 08:21:55;-36,80025;-73,05877;79,1;62,4;7453,1;0;0;0;0;;27137;536,8;1,1;
2022-11-08 08:22:25;-36,80025;-73,05877;79,1;62,4;7453,1;0;0;0;0;;27137;536,8;1,1;
2022-11-08 08:22:55;-36,80025;-73,05877;79,1;62,4;7453,1;0;0;0;0;;27137;536,8;1,1;
2022-11-08 08:23:25;-36,80025;-73,05877;79,1;62,4;7453,1;0;0;0;0;;27005;536,8;1,1;
2022-11-08 08:23:55;-36,80025;-73,05877;79,1;62,3;7453,1;2;0;0;0;;27005;536,8;1,4;
2022-11-08 08:24:25;-36,80025;-73,05877;58,4;62,3;7453,1;0;0;0;0;;27137;536,3;1,1;
2022-11-08 08:24:55;-36,79986;-73,05852;58,4;62,3;7453,1;0;0;0;0;;27005;536,3;1,4;
2022-11-08 08:25:25;-36,79986;-73,05852;58,4;62,3;7453,1;4;0;0;0;;27005;535,8;3,9;
2022-11-08 08:25:55;-36,79986;-73,05852;55,5;62,3;7453,2;1;0;0;0;;27137;535,8;1,1;
2022-11-08 08:26:25;-36,79985;-73,05853;55,5;62,3;7453,2;0;0;0;0;;27137;536,3;1,1;
2022-11-08 08:26:55;-36,79985;-73,05853;55,5;62,3;7453,2;0;0;0;0;;27005;536,3;1,1;
2022-11-08 08:27:25;-36,79985;-73,05853;55,5;62,3;7453,2;0;0;0;0;;27137;536,3;1,1;
2022-11-08 08:29:52;-36,79985;-73,05853;55,5;62,3;7453,2;0;0;0;1;;25964;536,3;0;
2022-11-08 08:30:19;-36,79985;-73,05853;55,5;62,3;7453,2;0;0;0;1;;27137;538,4;-10,3;
2022-11-08 08:30:49;-36,79985;-73,05853;55,5;62,4;7453,2;0;0;0;1;;27137;539,4;-10,6;
2022-11-08 08:31:19;-36,79985;-73,05853;55,5;62,4;7453,2;0;0;0;1;;27137;539,9;-10,3;
2022-11-08 08:31:49;-36,79985;-73,05853;55,5;62,4;7453,2;0;0;0;1;;27137;540,4;-10,3;
2022-11-08 08:32:19;-36,79985;-73,05853;55,5;62,5;7453,2;0;0;0;1;;27137;540,4;-10,6;
2022-11-08 08:32:49;-36,79985;-73,05853;55,5;62,5;7453,2;0;0;0;1;;27137;540,9;-10,3;
2022-11-08 08:33:19;-36,79985;-73,05853;55,5;62,6;7453,2;0;0;0;1;;27137;541,4;-10,6;
2022-11-08 08:33:49;-36,79985;-73,05853;55,5;62,6;7453,2;0;0;0;1;;27137;541,4;-10,3;
2022-11-08 08:34:19;-36,79985;-73,05853;55,5;62,6;7453,2;0;0;0;1;;27137;542;-10,3;
2022-11-08 08:34:49;-36,79985;-73,05853;55,5;62,7;7453,2;0;0;0;1;;27137;542,5;-10,3;
2022-11-08 08:35:19;-36,79985;-73,05853;55,5;62,7;7453,2;0;0;0;1;;27137;542,5;-10,6;
2022-11-08 08:35:49;-36,79985;-73,05853;55,5;62,8;7453,2;0;0;0;1;;27137;542,5;-10,6;
2022-11-08 08:36:19;-36,79985;-73,05853;55,5;62,8;7453,2;0;0;0;1;;27137;543;-10,6;
2022-11-08 08:36:49;-36,79985;-73,05853;55,5;62,8;7453,2;0;0;0;1;;27137;543;-10,9;
2022-11-08 08:37:19;-36,79985;-73,05853;55,5;62,9;7453,2;0;0;0;1;;27137;543;-10,9;
2022-11-08 08:37:49;-36,79985;-73,05853;55,5;62,9;7453,2;0;0;0;1;;27137;543,5;-10,6;
2022-11-08 08:38:19;-36,79985;-73,05853;55,5;63;7453,2;0;0;0;1;;27137;543,5;-10,6;
2022-11-08 08:38:49;-36,79985;-73,05853;55,5;63;7453,2;0;0;0;1;;27137;543,5;-10,6;
2022-11-08 08:39:19;-36,79985;-73,05853;55,5;63;7453,2;0;0;0;1;;27137;543,5;-10,3;
2022-11-08 08:39:49;-36,79985;-73,05853;55,5;63,1;7453,2;0;0;0;1;;27137;544;-10,6;
2022-11-08 08:40:19;-36,79985;-73,05853;55,5;63,1;7453,2;0;0;0;1;;27137;544;-10,3;
2022-11-08 08:40:49;-36,79985;-73,05853;55,5;63,2;7453,2;0;0;0;1;;27137;544;-10,3;
2022-11-08 08:41:19;-36,79985;-73,05853;55,5;63,2;7453,2;0;0;0;1;;27137;544;-10,3;
2022-11-08 08:41:49;-36,79985;-73,05853;55,5;63,2;7453,2;0;0;0;1;;27137;544;-10,9;
2022-11-08 08:42:19;-36,79985;-73,05853;55,5;63,3;7453,2;0;0;0;1;;27137;544;-10,3;
2022-11-08 08:42:49;-36,79985;-73,05853;55,5;63,3;7453,2;0;0;0;1;;27137;544,5;-10,3;
2022-11-08 08:43:19;-36,79985;-73,05853;55,5;63,4;7453,2;0;0;0;1;;27137;544,5;-10,6;
2022-11-08 08:43:49;-36,79985;-73,05853;55,5;63,4;7453,2;0;0;0;1;;27137;544,5;-10,6;
2022-11-08 08:44:19;-36,79985;-73,05853;55,5;63,4;7453,2;0;0;0;1;;27137;544,5;-10,6;
2022-11-08 08:44:49;-36,79985;-73,05853;55,5;63,5;7453,2;0;0;0;1;;27137;544,5;-10,6;
2022-11-08 08:45:19;-36,79985;-73,05853;55,5;63,5;7453,2;0;0;0;1;;27137;544,5;-10,6;
2022-11-08 08:45:49;-36,79985;-73,05853;55,5;63,6;7453,2;0;0;0;1;;27137;544,5;-10,1;
2022-11-08 08:46:19;-36,79985;-73,05853;55,5;63,6;7453,2;0;0;0;1;;27137;544,5;-10,6;
2022-11-08 08:46:49;-36,79985;-73,05853;55,5;63,6;7453,2;0;0;0;1;;27137;544,5;-10,1;
2022-11-08 08:47:19;-36,79985;-73,05853;55,5;63,7;7453,2;0;0;0;1;;27137;545;-10,9;
2022-11-08 08:47:49;-36,79985;-73,05853;55,5;63,7;7453,2;0;0;0;1;;27137;545;-10,3;
2022-11-08 08:48:19;-36,79985;-73,05853;55,5;63,8;7453,2;0;0;0;1;;27137;545;-10,6;
2022-11-08 08:48:49;-36,79985;-73,05853;55,5;63,8;7453,2;0;0;0;1;;27137;545;-10,6;
2022-11-08 08:49:19;-36,79985;-73,05853;55,5;63,8;7453,2;0;0;0;1;;27137;545;-10,3;
2022-11-08 08:49:49;-36,79985;-73,05853;55,5;63,9;7453,2;0;0;0;1;;27137;545;-10,6;
2022-11-08 08:50:19;-36,79985;-73,05853;55,5;63,9;7453,2;0;0;0;1;;27137;545;-10,6;
2022-11-08 08:50:49;-36,79985;-73,05853;55,5;64;7453,2;0;0;0;1;;27137;545;-10,3;
2022-11-08 08:51:19;-36,79985;-73,05853;55,5;64;7453,2;0;0;0;1;;27137;545;-10,3;
2022-11-08 08:51:49;-36,79985;-73,05853;55,5;64;7453,2;0;0;0;1;;27137;545;-10,3;
2022-11-08 08:52:19;-36,79985;-73,05853;55,5;64,1;7453,2;0;0;0;1;;27137;545;-10,3;
2022-11-08 08:52:49;-36,79985;-73,05853;55,5;64,1;7453,2;0;0;0;1;;27137;545;-10,3;
2022-11-08 08:53:19;-36,79985;-73,05853;55,5;64,2;7453,2;0;0;0;1;;27137;545;-10,6;
2022-11-08 08:53:49;-36,79985;-73,05853;55,5;64,2;7453,2;0;0;0;1;;27137;545;-10,3;
2022-11-08 08:54:19;-36,79985;-73,05853;55,5;64,2;7453,2;0;0;0;1;;27137;545;-10,3;
2022-11-08 08:54:49;-36,79985;-73,05853;55,5;64,3;7453,2;0;0;0;1;;27137;545;-10,3;
2022-11-08 08:55:19;-36,79985;-73,05853;55,5;64,3;7453,2;0;0;0;1;;27137;545;-10,3;
2022-11-08 08:55:49;-36,79985;-73,05853;55,5;64,4;7453,2;0;0;0;1;;27137;545;-10,1;
2022-11-08 08:56:19;-36,79985;-73,05853;55,5;64,4;7453,2;0;0;0;1;;27137;545;-10,3;
2022-11-08 08:56:49;-36,79985;-73,05853;55,5;64,4;7453,2;0;0;0;1;;27137;545;-10,6;
2022-11-08 08:57:19;-36,79985;-73,05853;55,5;64,5;7453,2;0;0;0;1;;27137;545;-10,6;
2022-11-08 08:57:49;-36,79985;-73,05853;55,5;64,5;7453,2;0;0;0;1;;27137;545;-10,6;
2022-11-08 08:58:19;-36,79985;-73,05853;55,5;64,6;7453,2;0;0;0;1;;27137;545;-10,9;
2022-11-08 08:58:49;-36,79985;-73,05853;55,5;64,6;7453,2;0;0;0;1;;27137;545;-10,6;
2022-11-08 08:59:19;-36,79985;-73,05853;55,5;64,6;7453,2;0;0;0;1;;27137;545;-10,3;
2022-11-08 08:59:49;-36,79985;-73,05853;55,5;64,7;7453,2;0;0;0;1;;27137;545;-10,6;
2022-11-08 09:00:19;-36,79985;-73,05853;55,5;64,7;7453,2;0;0;0;1;;27137;545;-10,3;
2022-11-08 09:00:49;-36,79985;-73,05853;55,5;64,8;7453,2;0;0;0;1;;27137;545;-10,3;
2022-11-08 09:01:19;-36,79985;-73,05853;55,5;64,8;7453,2;0;0;0;1;;27137;545;-10,6;
2022-11-08 09:01:49;-36,79985;-73,05853;55,5;64,8;7453,2;0;0;0;1;;27137;545;-10,3;
2022-11-08 09:02:19;-36,79985;-73,05853;55,5;64,9;7453,2;0;0;0;1;;27137;545;-10,6;
2022-11-08 09:02:49;-36,79985;-73,05853;55,5;64,9;7453,2;0;0;0;1;;27137;545;-10,3;
2022-11-08 09:03:19;-36,79985;-73,05853;55,5;65;7453,2;0;0;0;1;;27137;545;-10,6;
2022-11-08 09:03:49;-36,79985;-73,05853;55,5;65;7453,2;0;0;0;1;;27137;545;-10,6;
2022-11-08 09:04:19;-36,79985;-73,05853;55,5;65;7453,2;0;0;0;1;;27137;545;-10,3;
2022-11-08 09:04:49;-36,79985;-73,05853;55,5;65,1;7453,2;0;0;0;1;;27137;545;-10,3;
2022-11-08 09:05:19;-36,79985;-73,05853;55,5;65,1;7453,2;0;0;0;1;;27137;545;-10,3;
2022-11-08 09:05:49;-36,79985;-73,05853;55,5;65,2;7453,2;0;0;0;1;;27137;545;-10,6;
2022-11-08 09:06:19;-36,79985;-73,05853;55,5;65,2;7453,2;0;0;0;1;;27137;545;-10,3;
2022-11-08 09:06:49;-36,79985;-73,05853;55,5;65,2;7453,2;0;0;0;1;;27137;545;-10,1;
2022-11-08 09:07:19;-36,79985;-73,05853;55,5;65,3;7453,2;0;0;0;1;;27137;545;-10,6;
2022-11-08 09:07:49;-36,79985;-73,05853;55,5;65,3;7453,2;0;0;0;1;;27137;545;-10,3;
2022-11-08 09:08:19;-36,79985;-73,05853;55,5;65,4;7453,2;0;0;0;1;;27137;545;-10,6;
2022-11-08 09:08:49;-36,79985;-73,05853;55,5;65,4;7453,2;0;0;0;1;;27137;545;-10,3;
2022-11-08 09:09:19;-36,79985;-73,05853;55,5;65,4;7453,2;0;0;0;1;;27137;545;-10,3;
2022-11-08 09:09:49;-36,79985;-73,05853;55,5;65,5;7453,2;0;0;0;1;;27137;545;-10,6;
2022-11-08 09:10:19;-36,79985;-73,05853;55,5;65,5;7453,2;0;0;0;1;;27137;545;-10,3;
2022-11-08 09:10:49;-36,79985;-73,05853;55,5;65,6;7453,2;0;0;0;1;;27137;545;-10,6;
2022-11-08 09:11:19;-36,79985;-73,05853;55,5;65,6;7453,2;0;0;0;1;;27137;545;-10,3;
2022-11-08 09:11:49;-36,79985;-73,05853;55,5;65,6;7453,2;0;0;0;1;;27137;545;-10,6;
2022-11-08 09:12:19;-36,79985;-73,05853;55,5;65,7;7453,2;0;0;0;1;;27137;545;-10,3;
2022-11-08 09:12:49;-36,79985;-73,05853;55,5;65,7;7453,2;0;0;0;1;;27137;545;-10,6;
2022-11-08 09:13:19;-36,79985;-73,05853;55,5;65,8;7453,2;0;0;0;1;;27137;545;-10,3;
2022-11-08 09:13:49;-36,79985;-73,05853;55,5;65,8;7453,2;0;0;0;1;;27137;545;-10,6;
2022-11-08 09:14:19;-36,79985;-73,05853;55,5;65,8;7453,2;0;0;0;1;;27137;545;-10,6;
2022-11-08 09:14:49;-36,79985;-73,05853;55,5;65,9;7453,2;0;0;0;1;;27137;545;-10,6;
2022-11-08 09:15:19;-36,79985;-73,05853;55,5;65,9;7453,2;0;0;0;1;;27137;545;-10,3;
2022-11-08 09:15:49;-36,79985;-73,05853;55,5;66;7453,2;0;0;0;1;;27137;545;-10,3;
2022-11-08 09:16:19;-36,79985;-73,05853;55,5;66;7453,2;0;0;0;1;;27137;545;-10,3;
2022-11-08 09:16:49;-36,79985;-73,05853;55,5;66;7453,2;0;0;0;1;;27137;545;-10,3;
2022-11-08 09:17:19;-36,79985;-73,05853;55,5;66,1;7453,2;0;0;0;1;;27137;545;-10,3;
2022-11-08 09:17:49;-36,79985;-73,05853;55,5;66,1;7453,2;0;0;0;1;;27137;545;-10,3;
2022-11-08 09:18:19;-36,79985;-73,05853;55,5;66,2;7453,2;0;0;0;1;;27137;545;-10,6;
2022-11-08 09:18:49;-36,79985;-73,05853;55,5;66,2;7453,2;0;0;0;1;;27137;545;-10,6;
2022-11-08 09:19:19;-36,79985;-73,05853;55,5;66,2;7453,2;0;0;0;1;;27137;545;-10,3;
2022-11-08 09:19:49;-36,79985;-73,05853;55,5;66,3;7453,2;0;0;0;1;;27137;545;-10,3;
2022-11-08 09:20:19;-36,79985;-73,05853;55,5;66,3;7453,2;0;0;0;1;;27137;545;-10,6;
2022-11-08 09:20:49;-36,79985;-73,05853;55,5;66,4;7453,2;0;0;0;1;;27137;545;-10,3;
2022-11-08 09:21:19;-36,79985;-73,05853;55,5;66,4;7453,2;0;0;0;1;;27137;545;-10,6;
2022-11-08 09:21:49;-36,79985;-73,05853;55,5;66,4;7453,2;0;0;0;1;;27137;545;-10,6;
2022-11-08 09:22:19;-36,79985;-73,05853;55,5;66,5;7453,2;0;0;0;1;;27137;545;-10,1;
2022-11-08 09:22:49;-36,79985;-73,05853;55,5;66,5;7453,2;0;0;0;1;;27137;545;-10,3;
2022-11-08 09:23:19;-36,79985;-73,05853;55,5;66,6;7453,2;0;0;0;1;;27137;545;-10,1;
2022-11-08 09:23:49;-36,79985;-73,05853;55,5;66,6;7453,2;0;0;0;1;;27137;545;-10,6;
2022-11-08 09:24:19;-36,79985;-73,05853;55,5;66,6;7453,2;0;0;0;1;;27137;545;-10,1;
2022-11-08 09:24:49;-36,79985;-73,05853;55,5;66,7;7453,2;0;0;0;1;;27137;545;-10,6;
2022-11-08 09:25:19;-36,79985;-73,05853;55,5;66,7;7453,2;0;0;0;1;;27137;545;-10,6;
2022-11-08 09:25:49;-36,79985;-73,05853;55,5;66,8;7453,2;0;0;0;1;;27137;545;-10,6;
2022-11-08 09:26:19;-36,79985;-73,05853;55,5;66,8;7453,2;0;0;0;1;;27137;545;-10,6;
2022-11-08 09:26:49;-36,79985;-73,05853;55,5;66,8;7453,2;0;0;0;1;;27137;545;-10,6;
2022-11-08 09:27:19;-36,79985;-73,05853;55,5;66,9;7453,2;0;0;0;1;;27137;545;-10,3;
2022-11-08 09:27:49;-36,79985;-73,05853;55,5;66,9;7453,2;0;0;0;1;;27137;545;-10,3;
2022-11-08 09:28:19;-36,79985;-73,05853;55,5;67;7453,2;0;0;0;1;;27137;545;-10,6;
2022-11-08 09:28:49;-36,79985;-73,05853;55,5;67;7453,2;0;0;0;1;;27137;545;-10,6;
2022-11-08 09:29:19;-36,79985;-73,05853;55,5;67;7453,2;0;0;0;1;;27137;545;-10,6;
2022-11-08 09:29:49;-36,79985;-73,05853;55,5;67,1;7453,2;0;0;0;1;;27137;545;-10,6;
2022-11-08 09:30:19;-36,79985;-73,05853;55,5;67,1;7453,2;0;0;0;1;;27137;545;-10,3;
2022-11-08 09:30:49;-36,79985;-73,05853;55,5;67,2;7453,2;0;0;0;1;;27137;545;-10,1;
2022-11-08 09:31:19;-36,79985;-73,05853;55,5;67,2;7453,2;0;0;0;1;;27137;545;-10,6;
2022-11-08 09:31:49;-36,79985;-73,05853;55,5;67,2;7453,2;0;0;0;1;;27137;545;-10,6;
2022-11-08 09:32:19;-36,79985;-73,05853;55,5;67,3;7453,2;0;0;0;1;;27137;545;-10,6;
2022-11-08 09:32:49;-36,79985;-73,05853;55,5;67,3;7453,2;0;0;0;1;;27137;545;-10,6;
2022-11-08 09:33:19;-36,79985;-73,05853;55,5;67,4;7453,2;0;0;0;1;;27137;545;-10,6;
2022-11-08 09:33:49;-36,79985;-73,05853;55,5;67,4;7453,2;0;0;0;1;;27137;545;-10,6;
2022-11-08 09:34:19;-36,79985;-73,05853;55,5;67,4;7453,2;0;0;0;1;;27137;545;-10,6;
2022-11-08 09:34:49;-36,79985;-73,05853;55,5;67,5;7453,2;0;0;0;1;;27137;545;-10,6;
2022-11-08 09:35:19;-36,79985;-73,05853;55,5;67,5;7453,2;0;0;0;1;;27137;545;-10,1;
2022-11-08 09:35:49;-36,79985;-73,05853;55,5;67,5;7453,2;0;0;0;1;;27137;545;-10,1;
2022-11-08 09:36:19;-36,79985;-73,05853;55,5;67,6;7453,2;0;0;0;1;;27137;545;-10,6;
2022-11-08 09:36:49;-36,79985;-73,05853;55,5;67,6;7453,2;0;0;0;1;;27137;545;-10,6;
2022-11-08 09:37:19;-36,79985;-73,05853;55,5;67,7;7453,2;0;0;0;1;;27137;545;-10,6;
2022-11-08 09:37:49;-36,79985;-73,05853;55,5;67,7;7453,2;0;0;0;1;;27137;545;-10,6;
2022-11-08 09:38:19;-36,79985;-73,05853;55,5;67,7;7453,2;0;0;0;1;;27137;545;-10,6;
2022-11-08 09:38:49;-36,79985;-73,05853;55,5;67,8;7453,2;0;0;0;1;;27137;545;-10,3;
2022-11-08 09:39:19;-36,79985;-73,05853;55,5;67,8;7453,2;0;0;0;1;;27137;545;-10,3;
2022-11-08 09:39:49;-36,79985;-73,05853;55,5;67,9;7453,2;0;0;0;1;;27137;545;-10,3;
2022-11-08 09:40:19;-36,79985;-73,05853;55,5;67,9;7453,2;0;0;0;1;;27137;545;-10,3;
2022-11-08 09:40:49;-36,79985;-73,05853;55,5;68;7453,2;0;0;0;1;;27137;545;-10,3;
2022-11-08 09:41:19;-36,79985;-73,05853;55,5;68;7453,2;0;0;0;1;;27137;545;-10,6;
2022-11-08 09:41:49;-36,79985;-73,05853;55,5;68;7453,2;0;0;0;1;;27137;545;-10,6;
2022-11-08 09:42:19;-36,79985;-73,05853;55,5;68,1;7453,2;0;0;0;1;;27137;545;-10,3;
2022-11-08 09:42:49;-36,79985;-73,05853;55,5;68,1;7453,2;0;0;0;1;;27137;545;-10,6;
2022-11-08 09:43:19;-36,79985;-73,05853;55,5;68,1;7453,2;0;0;0;1;;27137;545;-10,3;
2022-11-08 09:43:49;-36,79985;-73,05853;55,5;68,2;7453,2;0;0;0;1;;27137;545;-10,3;
2022-11-08 09:44:19;-36,79985;-73,05853;55,5;68,2;7453,2;0;0;0;1;;27137;545;-10,6;
2022-11-08 09:44:49;-36,79985;-73,05853;55,5;68,3;7453,2;0;0;0;1;;27137;544,5;-10,1;
2022-11-08 09:45:19;-36,79985;-73,05853;55,5;68,3;7453,2;0;0;0;1;;27137;544,5;-10,1;
2022-11-08 09:45:49;-36,79985;-73,05853;55,5;68,3;7453,2;0;0;0;1;;27137;544,5;-10,1;
2022-11-08 09:46:19;-36,79985;-73,05853;55,5;68,4;7453,2;0;0;0;1;;27137;544,5;-10,3;
2022-11-08 09:46:49;-36,79985;-73,05853;55,5;68,4;7453,2;0;0;0;1;;27137;544,5;-10,3;
2022-11-08 09:47:19;-36,79985;-73,05853;55,5;68,5;7453,2;0;0;0;1;;27137;544,5;-10,3;
2022-11-08 09:47:49;-36,79985;-73,05853;55,5;68,5;7453,2;0;0;0;1;;27137;544,5;-10,6;
2022-11-08 09:48:19;-36,79985;-73,05853;55,5;68,5;7453,2;0;0;0;1;;27137;544,5;-10,6;
2022-11-08 09:48:49;-36,79985;-73,05853;55,5;68,6;7453,2;0;0;0;1;;27137;544,5;-10,3;
2022-11-08 09:49:19;-36,79985;-73,05853;55,5;68,6;7453,2;0;0;0;1;;27137;544,5;-10,3;
2022-11-08 09:49:49;-36,79985;-73,05853;55,5;68,7;7453,2;0;0;0;1;;27137;544,5;-10,3;
2022-11-08 09:50:19;-36,79985;-73,05853;55,5;68,7;7453,2;0;0;0;1;;27137;544,5;-10,3;
2022-11-08 09:50:49;-36,79985;-73,05853;55,5;68,7;7453,2;0;0;0;1;;27137;544,5;-10,3;
2022-11-08 09:51:19;-36,79985;-73,05853;55,5;68,8;7453,2;0;0;0;1;;27137;544,5;-10,3;
2022-11-08 09:51:49;-36,79985;-73,05853;55,5;68,8;7453,2;0;0;0;1;;27137;545;-10,3;
2022-11-08 09:52:19;-36,79985;-73,05853;55,5;68,9;7453,2;0;0;0;1;;27137;545;-10,3;
2022-11-08 09:52:49;-36,79985;-73,05853;55,5;68,9;7453,2;0;0;0;1;;27137;545;-10,9;
2022-11-08 09:53:19;-36,79985;-73,05853;55,5;68,9;7453,2;0;0;0;1;;27137;545;-10,9;
2022-11-08 09:53:49;-36,79985;-73,05853;55,5;69;7453,2;0;0;0;1;;27137;544,5;-10,3;
2022-11-08 09:54:19;-36,79985;-73,05853;55,5;69;7453,2;0;0;0;1;;27137;545;-10,3;
2022-11-08 09:54:49;-36,79985;-73,05853;55,5;69,1;7453,2;0;0;0;1;;27137;544,5;-10,9;
2022-11-08 09:55:19;-36,79985;-73,05853;55,5;69,1;7453,2;0;0;0;1;;27137;544,5;-10,3;
2022-11-08 09:55:49;-36,79985;-73,05853;55,5;69,1;7453,2;0;0;0;1;;27137;544,5;-10,6;
2022-11-08 09:56:19;-36,79985;-73,05853;55,5;69,2;7453,2;0;0;0;1;;27137;544,5;-10,3;
2022-11-08 09:56:49;-36,79985;-73,05853;55,5;69,2;7453,2;0;0;0;1;;27137;544,5;-10,3;
2022-11-08 09:57:19;-36,79985;-73,05853;55,5;69,3;7453,2;0;0;0;1;;27137;544,5;-10,6;
2022-11-08 09:57:49;-36,79985;-73,05853;55,5;69,3;7453,2;0;0;0;1;;27137;544,5;-10,3;
2022-11-08 09:58:19;-36,79985;-73,05853;55,5;69,3;7453,2;0;0;0;1;;27137;544,5;-10,6;
2022-11-08 09:58:49;-36,79985;-73,05853;55,5;69,4;7453,2;0;0;0;1;;27137;544,5;-10,6;
2022-11-08 09:59:19;-36,79985;-73,05853;55,5;69,4;7453,2;0;0;0;1;;27137;544,5;-10,3;
2022-11-08 09:59:49;-36,79985;-73,05853;55,5;69,5;7453,2;0;0;0;1;;27137;544,5;-10,6;
2022-11-08 10:00:19;-36,79985;-73,05853;55,5;69,5;7453,2;0;0;0;1;;27137;544,5;-10,6;
2022-11-08 10:00:49;-36,79985;-73,05853;55,5;69,5;7453,2;0;0;0;1;;27137;544,5;-10,6;
2022-11-08 10:01:19;-36,79985;-73,05853;55,5;69,6;7453,2;0;0;0;1;;27137;544,5;-10,3;
2022-11-08 10:01:49;-36,79985;-73,05853;55,5;69,6;7453,2;0;0;0;1;;27137;544,5;-10,6;
2022-11-08 10:02:19;-36,79985;-73,05853;55,5;69,7;7453,2;0;0;0;1;;27137;544,5;-10,9;
2022-11-08 10:02:49;-36,79985;-73,05853;55,5;69,7;7453,2;0;0;0;1;;27137;544,5;-10,6;
2022-11-08 10:03:19;-36,79985;-73,05853;55,5;69,8;7453,2;0;0;0;1;;27137;544,5;-10,6;
2022-11-08 10:03:49;-36,79985;-73,05853;55,5;69,8;7453,2;0;0;0;1;;27137;544,5;-10,6;
2022-11-08 10:04:19;-36,79985;-73,05853;55,5;69,8;7453,2;0;0;0;1;;27137;544,5;-10,3;
2022-11-08 10:04:49;-36,79985;-73,05853;55,5;69,9;7453,2;0;0;0;1;;27137;544,5;-10,6;
2022-11-08 10:05:19;-36,79985;-73,05853;55,5;69,9;7453,2;0;0;0;1;;27137;544,5;-10,6;
2022-11-08 10:05:49;-36,79985;-73,05853;55,5;69,9;7453,2;0;0;0;1;;27137;544,5;-10,3;
2022-11-08 10:06:19;-36,79985;-73,05853;55,5;70;7453,2;0;0;0;1;;27137;544,5;-10,6;
2022-11-08 10:06:49;-36,79985;-73,05853;55,5;70;7453,2;0;0;0;1;;27137;544,5;-10,3;
2022-11-08 10:07:19;-36,79985;-73,05853;55,5;70,1;7453,2;0;0;0;1;;27137;544,5;-10,6;
2022-11-08 10:07:49;-36,79985;-73,05853;55,5;70,1;7453,2;0;0;0;1;;27137;544,5;-10,3;
2022-11-08 10:08:19;-36,79985;-73,05853;55,5;70,1;7453,2;0;0;0;1;;27137;544,5;-10,6;
2022-11-08 10:08:49;-36,79985;-73,05853;55,5;70,2;7453,2;0;0;0;1;;27137;544,5;-10,6;
2022-11-08 10:09:19;-36,79985;-73,05853;55,5;70,2;7453,2;0;0;0;1;;27137;544,5;-10,9;
2022-11-08 10:09:49;-36,79985;-73,05853;55,5;70,3;7453,2;0;0;0;1;;27137;544,5;-10,3;
2022-11-08 10:10:19;-36,79985;-73,05853;55,5;70,3;7453,2;0;0;0;1;;27137;544,5;-10,3;
2022-11-08 10:10:49;-36,79985;-73,05853;55,5;70,4;7453,2;0;0;0;1;;27137;544,5;-10,6;
2022-11-08 10:11:19;-36,79985;-73,05853;55,5;70,4;7453,2;0;0;0;1;;27137;544,5;-10,3;
2022-11-08 10:11:49;-36,79985;-73,05853;55,5;70,4;7453,2;0;0;0;1;;27137;544,5;-10,6;
2022-11-08 10:12:19;-36,79985;-73,05853;55,5;70,5;7453,2;0;0;0;1;;27137;544,5;-10,6;
2022-11-08 10:12:49;-36,79985;-73,05853;55,5;70,5;7453,2;0;0;0;1;;27137;544,5;-10,3;
2022-11-08 10:13:19;-36,79985;-73,05853;55,5;70,5;7453,2;0;0;0;1;;27137;544,5;-10,3;
2022-11-08 10:13:49;-36,79985;-73,05853;55,5;70,6;7453,2;0;0;0;1;;27137;544,5;-10,6;
2022-11-08 10:14:19;-36,79985;-73,05853;55,5;70,6;7453,2;0;0;0;1;;27137;544,5;-10,3;
2022-11-08 10:14:49;-36,79985;-73,05853;55,5;70,7;7453,2;0;0;0;1;;27137;544,5;-10,6;
2022-11-08 10:15:19;-36,79985;-73,05853;55,5;70,7;7453,2;0;0;0;1;;27137;544,5;-10,6;
2022-11-08 10:15:49;-36,79985;-73,05853;55,5;70,8;7453,2;0;0;0;1;;27137;544,5;-10,6;
2022-11-08 10:16:19;-36,79985;-73,05853;55,5;70,8;7453,2;0;0;0;1;;27137;544,5;-10,6;
2022-11-08 10:16:49;-36,79985;-73,05853;55,5;70,8;7453,2;0;0;0;1;;27137;544,5;-10,3;
2022-11-08 10:17:19;-36,79985;-73,05853;55,5;70,9;7453,2;0;0;0;1;;27137;544,5;-10,1;
2022-11-08 10:17:49;-36,79985;-73,05853;55,5;70,9;7453,2;0;0;0;1;;27137;544,5;-10,6;
2022-11-08 10:18:19;-36,79985;-73,05853;55,5;71;7453,2;0;0;0;1;;27137;544,5;-10,6;
2022-11-08 10:18:49;-36,79985;-73,05853;55,5;71;7453,2;0;0;0;1;;27137;544,5;-10,3;
2022-11-08 10:19:19;-36,79985;-73,05853;55,5;71;7453,2;0;0;0;1;;27137;544,5;-10,3;
2022-11-08 10:19:49;-36,79985;-73,05853;55,5;71,1;7453,2;0;0;0;1;;27137;544,5;-10,6;
2022-11-08 10:20:19;-36,79985;-73,05853;55,5;71,1;7453,2;0;0;0;1;;27137;544,5;-10,6;
2022-11-08 10:20:49;-36,79985;-73,05853;55,5;71,1;7453,2;0;0;0;1;;27137;544,5;-10,6;
2022-11-08 10:21:19;-36,79985;-73,05853;55,5;71,2;7453,2;0;0;0;1;;27137;544,5;-10,3;
2022-11-08 10:21:49;-36,79985;-73,05853;55,5;71,2;7453,2;0;0;0;1;;27137;544,5;-10,6;
2022-11-08 10:22:19;-36,79985;-73,05853;55,5;71,3;7453,2;0;0;0;1;;27137;544,5;-10,3;
2022-11-08 10:22:49;-36,79985;-73,05853;55,5;71,3;7453,2;0;0;0;1;;27137;544,5;-10,6;
2022-11-08 10:23:19;-36,79985;-73,05853;55,5;71,4;7453,2;0;0;0;1;;27137;544,5;-10,3;
2022-11-08 10:23:49;-36,79985;-73,05853;55,5;71,4;7453,2;0;0;0;1;;27137;544,5;-10,3;
2022-11-08 10:24:19;-36,79985;-73,05853;55,5;71,4;7453,2;0;0;0;1;;27137;544,5;-10,3;
2022-11-08 10:24:49;-36,79985;-73,05853;55,5;71,5;7453,2;0;0;0;1;;27137;544,5;-10,3;
2022-11-08 10:25:19;-36,79985;-73,05853;55,5;71,5;7453,2;0;0;0;1;;27137;544,5;-10,6;
2022-11-08 10:25:49;-36,79985;-73,05853;55,5;71,6;7453,2;0;0;0;1;;27137;544,5;-10,9;
2022-11-08 10:26:19;-36,79985;-73,05853;55,5;71,6;7453,2;0;0;0;1;;27137;544,5;-10,9;
2022-11-08 10:26:49;-36,79985;-73,05853;55,5;71,6;7453,2;0;0;0;1;;27137;544,5;-10,3;
2022-11-08 10:27:19;-36,79985;-73,05853;55,5;71,7;7453,2;0;0;0;1;;27137;544,5;-10,9;
2022-11-08 10:27:49;-36,79985;-73,05853;55,5;71,7;7453,2;0;0;0;1;;27137;544,5;-10,6;
2022-11-08 10:28:19;-36,79985;-73,05853;55,5;71,8;7453,2;0;0;0;1;;27137;544,5;-10,3;
2022-11-08 10:28:49;-36,79985;-73,05853;55,5;71,8;7453,2;0;0;0;1;;27137;544,5;-10,3;
2022-11-08 10:29:19;-36,79985;-73,05853;55,5;71,8;7453,2;0;0;0;1;;27137;544,5;-10,6;
2022-11-08 10:29:49;-36,79985;-73,05853;55,5;71,9;7453,2;0;0;0;1;;27137;544,5;-10,6;
2022-11-08 10:30:19;-36,79985;-73,05853;55,5;71,9;7453,2;0;0;0;1;;27137;544,5;-10,6;
2022-11-08 10:30:49;-36,79985;-73,05853;55,5;72;7453,2;0;0;0;1;;27137;544,5;-10,6;
2022-11-08 10:31:19;-36,79985;-73,05853;55,5;72;7453,2;0;0;0;1;;27137;544,5;-10,3;
2022-11-08 10:31:49;-36,79985;-73,05853;55,5;72;7453,2;0;0;0;1;;27137;544,5;-10,3;
2022-11-08 10:32:19;-36,79985;-73,05853;55,5;72,1;7453,2;0;0;0;1;;27137;544,5;-10,3;
2022-11-08 10:32:49;-36,79985;-73,05853;55,5;72,1;7453,2;0;0;0;1;;27137;544,5;-10,3;
2022-11-08 10:33:19;-36,79985;-73,05853;55,5;72,2;7453,2;0;0;0;1;;27137;544,5;-10,6;
2022-11-08 10:33:49;-36,79985;-73,05853;55,5;72,2;7453,2;0;0;0;1;;27137;544,5;-10,6;
2022-11-08 10:34:19;-36,79985;-73,05853;55,5;72,2;7453,2;0;0;0;1;;27137;544,5;-10,6;
2022-11-08 10:34:49;-36,79985;-73,05853;55,5;72,3;7453,2;0;0;0;1;;27137;544,5;-10,6;
2022-11-08 10:35:19;-36,79985;-73,05853;55,5;72,3;7453,2;0;0;0;1;;27137;544,5;-10,3;
2022-11-08 10:35:49;-36,79985;-73,05853;55,5;72,4;7453,2;0;0;0;1;;27137;544,5;-10,9;
2022-11-08 10:36:19;-36,79985;-73,05853;55,5;72,4;7453,2;0;0;0;1;;27137;544,5;-10,6;
2022-11-08 10:36:49;-36,79985;-73,05853;55,5;72,4;7453,2;0;0;0;1;;27137;544,5;-10,3;
2022-11-08 10:37:19;-36,79985;-73,05853;55,5;72,5;7453,2;0;0;0;1;;27137;544,5;-10,3;
2022-11-08 10:37:49;-36,79985;-73,05853;55,5;72,5;7453,2;0;0;0;1;;27137;544,5;-10,6;
2022-11-08 10:38:19;-36,79985;-73,05853;55,5;72,6;7453,2;0;0;0;1;;27137;544,5;-10,6;
2022-11-08 10:38:49;-36,79985;-73,05853;55,5;72,6;7453,2;0;0;0;1;;27137;544,5;-10,9;
2022-11-08 10:39:19;-36,79985;-73,05853;55,5;72,6;7453,2;0;0;0;1;;27137;544,5;-10,9;
2022-11-08 10:39:49;-36,79985;-73,05853;55,5;72,7;7453,2;0;0;0;1;;27137;544,5;-10,6;
2022-11-08 10:40:19;-36,79985;-73,05853;55,5;72,7;7453,2;0;0;0;1;;27137;544,5;-10,6;
2022-11-08 10:40:49;-36,79985;-73,05853;55,5;72,8;7453,2;0;0;0;1;;27137;544,5;-10,1;
2022-11-08 10:41:19;-36,79985;-73,05853;55,5;72,8;7453,2;0;0;0;1;;27137;544,5;-10,6;
2022-11-08 10:41:49;-36,79985;-73,05853;55,5;72,8;7453,2;0;0;0;1;;27137;544,5;-10,3;
2022-11-08 10:42:19;-36,79985;-73,05853;55,5;72,9;7453,2;0;0;0;1;;27137;544,5;-10,6;
2022-11-08 10:42:49;-36,79985;-73,05853;55,5;72,9;7453,2;0;0;0;1;;27137;544,5;-10,3;
2022-11-08 10:43:19;-36,79985;-73,05853;55,5;73;7453,2;0;0;0;1;;27137;544,5;-10,1;
2022-11-08 10:43:49;-36,79985;-73,05853;55,5;73;7453,2;0;0;0;1;;27137;544,5;-10,1;
2022-11-08 10:44:19;-36,79985;-73,05853;55,5;73;7453,2;0;0;0;1;;27137;544,5;-10,3;
2022-11-08 10:44:49;-36,79985;-73,05853;55,5;73,1;7453,2;0;0;0;1;;27137;544,5;-10,3;
2022-11-08 10:45:19;-36,79985;-73,05853;55,5;73,1;7453,2;0;0;0;1;;27137;544,5;-10,6;
2022-11-08 10:45:49;-36,79985;-73,05853;55,5;73,2;7453,2;0;0;0;1;;27137;544,5;-10,3;
2022-11-08 10:46:19;-36,79985;-73,05853;55,5;73,2;7453,2;0;0;0;1;;27137;544,5;-10,1;
2022-11-08 10:46:49;-36,79985;-73,05853;55,5;73,2;7453,2;0;0;0;1;;27137;544,5;-10,6;
2022-11-08 10:47:19;-36,79985;-73,05853;55,5;73,3;7453,2;0;0;0;1;;27137;544,5;-10,1;
2022-11-08 10:47:49;-36,79985;-73,05853;55,5;73,3;7453,2;0;0;0;1;;27137;544,5;-10,3;
2022-11-08 10:48:19;-36,79985;-73,05853;55,5;73,4;7453,2;0;0;0;1;;27137;544,5;-10,1;
2022-11-08 10:48:49;-36,79985;-73,05853;55,5;73,4;7453,2;0;0;0;1;;27137;544,5;-10,3;
2022-11-08 10:49:19;-36,79985;-73,05853;55,5;73,4;7453,2;0;0;0;1;;27137;544,5;-10,6;
2022-11-08 10:49:49;-36,79985;-73,05853;55,5;73,5;7453,2;0;0;0;1;;27137;544,5;-10,6;
2022-11-08 10:50:19;-36,79985;-73,05853;55,5;73,5;7453,2;0;0;0;1;;27137;544,5;-10,3;
2022-11-08 10:50:49;-36,79985;-73,05853;55,5;73,6;7453,2;0;0;0;1;;27137;544,5;-10,3;
2022-11-08 10:51:19;-36,79985;-73,05853;55,5;73,6;7453,2;0;0;0;1;;27137;544,5;-10,6;
2022-11-08 10:51:49;-36,79985;-73,05853;55,5;73,6;7453,2;0;0;0;1;;27137;544,5;-10,6;
2022-11-08 10:52:19;-36,79985;-73,05853;55,5;73,7;7453,2;0;0;0;1;;27137;544,5;-10,6;
2022-11-08 10:52:49;-36,79985;-73,05853;55,5;73,7;7453,2;0;0;0;1;;27137;544,5;-10,3;
2022-11-08 10:53:19;-36,79985;-73,05853;55,5;73,8;7453,2;0;0;0;1;;27137;544,5;-10,3;
2022-11-08 10:53:49;-36,79985;-73,05853;55,5;73,8;7453,2;0;0;0;1;;27137;544,5;-10,1;
2022-11-08 10:54:19;-36,79985;-73,05853;55,5;73,8;7453,2;0;0;0;1;;27137;544,5;-10,3;
2022-11-08 10:54:49;-36,79985;-73,05853;55,5;73,9;7453,2;0;0;0;1;;27137;544,5;-10,6;
2022-11-08 10:55:19;-36,79985;-73,05853;55,5;73,9;7453,2;0;0;0;1;;27137;544,5;-10,3;
2022-11-08 10:55:49;-36,79985;-73,05853;55,5;74;7453,2;0;0;0;1;;27137;544,5;-10,3;
2022-11-08 10:56:19;-36,79985;-73,05853;55,5;74;7453,2;0;0;0;1;;27137;544,5;-10,3;
2022-11-08 10:56:49;-36,79985;-73,05853;55,5;74;7453,2;0;0;0;1;;27137;544,5;-10,6;
2022-11-08 10:57:19;-36,79985;-73,05853;55,5;74,1;7453,2;0;0;0;1;;27137;544,5;-10,6;
2022-11-08 10:57:49;-36,79985;-73,05853;55,5;74,1;7453,2;0;0;0;1;;27137;544,5;-10,6;
2022-11-08 10:58:19;-36,79985;-73,05853;55,5;74,2;7453,2;0;0;0;1;;27137;544,5;-10,3;
2022-11-08 10:58:49;-36,79985;-73,05853;55,5;74,2;7453,2;0;0;0;1;;27137;544,5;-10,3;
2022-11-08 10:59:19;-36,79985;-73,05853;55,5;74,2;7453,2;0;0;0;1;;27137;544,5;-10,6;
2022-11-08 10:59:49;-36,79985;-73,05853;55,5;74,3;7453,2;0;0;0;1;;27137;544,5;-10,6;
2022-11-08 11:00:19;-36,79985;-73,05853;55,5;74,3;7453,2;0;0;0;1;;27137;544,5;-10,3;
2022-11-08 11:00:49;-36,79985;-73,05853;55,5;74,4;7453,2;0;0;0;1;;27137;544,5;-10,6;
2022-11-08 11:01:19;-36,79985;-73,05853;55,5;74,4;7453,2;0;0;0;1;;27137;544,5;-10,3;
2022-11-08 11:01:49;-36,79985;-73,05853;55,5;74,4;7453,2;0;0;0;1;;27137;544,5;-10,6;
2022-11-08 11:02:19;-36,79985;-73,05853;55,5;74,5;7453,2;0;0;0;1;;27137;544,5;-10,6;
2022-11-08 11:02:49;-36,79985;-73,05853;55,5;74,5;7453,2;0;0;0;1;;27137;544,5;-10,3;
2022-11-08 11:03:19;-36,79985;-73,05853;55,5;74,6;7453,2;0;0;0;1;;27137;544,5;-10,6;
2022-11-08 11:03:49;-36,79985;-73,05853;55,5;74,6;7453,2;0;0;0;1;;27137;544,5;-10,6;
2022-11-08 11:04:19;-36,79985;-73,05853;55,5;74,6;7453,2;0;0;0;1;;27137;544,5;-10,6;
2022-11-08 11:04:49;-36,79985;-73,05853;55,5;74,7;7453,2;0;0;0;1;;27137;544,5;-10,3;
2022-11-08 11:05:19;-36,79985;-73,05853;55,5;74,7;7453,2;0;0;0;1;;27137;544,5;-10,1;
2022-11-08 11:05:49;-36,79985;-73,05853;55,5;74,7;7453,2;0;0;0;1;;27137;544,5;-10,6;
2022-11-08 11:06:19;-36,79985;-73,05853;55,5;74,8;7453,2;0;0;0;1;;27137;544,5;-10,6;
2022-11-08 11:06:49;-36,79985;-73,05853;55,5;74,8;7453,2;0;0;0;1;;27137;544,5;-10,3;
2022-11-08 11:07:19;-36,79985;-73,05853;55,5;74,9;7453,2;0;0;0;1;;27137;544,5;-10,6;
2022-11-08 11:07:49;-36,79985;-73,05853;55,5;74,9;7453,2;0;0;0;1;;27137;544,5;-10,3;
2022-11-08 11:08:19;-36,79985;-73,05853;55,5;75;7453,2;0;0;0;1;;27137;544,5;-10,3;
2022-11-08 11:08:49;-36,79985;-73,05853;55,5;75;7453,2;0;0;0;1;;27137;544,5;-10,3;
2022-11-08 11:09:19;-36,79985;-73,05853;55,5;75;7453,2;0;0;0;1;;27137;544,5;-10,6;
2022-11-08 11:09:49;-36,79985;-73,05853;55,5;75,1;7453,2;0;0;0;1;;27137;544,5;-10,3;
2022-11-08 11:10:19;-36,79985;-73,05853;55,5;75,1;7453,2;0;0;0;1;;27137;544,5;-10,1;
2022-11-08 11:10:49;-36,79985;-73,05853;55,5;75,2;7453,2;0;0;0;1;;27137;544,5;-10,1;
2022-11-08 11:11:19;-36,79985;-73,05853;55,5;75,2;7453,2;0;0;0;1;;27137;544,5;-10,1;
2022-11-08 11:11:49;-36,79985;-73,05853;55,5;75,2;7453,2;0;0;0;1;;27137;544,5;-10,3;
2022-11-08 11:12:19;-36,79985;-73,05853;55,5;75,3;7453,2;0;0;0;1;;27137;544,5;-10,3;
2022-11-08 11:12:49;-36,79985;-73,05853;55,5;75,3;7453,2;0;0;0;1;;27137;544,5;-10,1;
2022-11-08 11:13:19;-36,79985;-73,05853;55,5;75,3;7453,2;0;0;0;1;;27137;544,5;-10,3;
2022-11-08 11:13:49;-36,79985;-73,05853;55,5;75,4;7453,2;0;0;0;1;;27137;544,5;-10,1;
2022-11-08 11:14:19;-36,79985;-73,05853;55,5;75,4;7453,2;0;0;0;1;;27137;544,5;-10,6;
2022-11-08 11:14:49;-36,79985;-73,05853;55,5;75,5;7453,2;0;0;0;1;;27137;544,5;-10,6;
2022-11-08 11:15:19;-36,79985;-73,05853;55,5;75,5;7453,2;0;0;0;1;;27137;544,5;-10,3;
2022-11-08 11:15:49;-36,79985;-73,05853;55,5;75,5;7453,2;0;0;0;1;;27137;544,5;-10,3;
2022-11-08 11:16:19;-36,79985;-73,05853;55,5;75,6;7453,2;0;0;0;1;;27137;544,5;-10,1;
2022-11-08 11:16:49;-36,79985;-73,05853;55,5;75,6;7453,2;0;0;0;1;;27137;544,5;-10,6;
2022-11-08 11:17:19;-36,79985;-73,05853;55,5;75,7;7453,2;0;0;0;1;;27137;544,5;-10,3;
2022-11-08 11:17:49;-36,79985;-73,05853;55,5;75,7;7453,2;0;0;0;1;;27137;544,5;-10,1;
2022-11-08 11:18:19;-36,79985;-73,05853;55,5;75,7;7453,2;0;0;0;1;;27137;544,5;-10,3;
2022-11-08 11:18:49;-36,79985;-73,05853;55,5;75,8;7453,2;0;0;0;1;;27137;544,5;-10,1;
2022-11-08 11:19:19;-36,79985;-73,05853;55,5;75,8;7453,2;0;0;0;1;;27137;544,5;-10,1;
2022-11-08 11:19:49;-36,79985;-73,05853;55,5;75,9;7453,2;0;0;0;1;;27137;544,5;-10,3;
2022-11-08 11:20:19;-36,79985;-73,05853;55,5;75,9;7453,2;0;0;0;1;;27137;544,5;-10,1;
2022-11-08 11:20:49;-36,79985;-73,05853;55,5;75,9;7453,2;0;0;0;1;;27137;544,5;-10,6;
2022-11-08 11:21:19;-36,79985;-73,05853;55,5;76;7453,2;0;0;0;1;;27137;544,5;-10,3;
2022-11-08 11:21:49;-36,79985;-73,05853;55,5;76;7453,2;0;0;0;1;;27137;544,5;-10,1;
2022-11-08 11:22:19;-36,79985;-73,05853;55,5;76,1;7453,2;0;0;0;1;;27137;544,5;-10,6;
2022-11-08 11:22:49;-36,79985;-73,05853;55,5;76,1;7453,2;0;0;0;1;;27137;544,5;-10,6;
2022-11-08 11:23:19;-36,79985;-73,05853;55,5;76,1;7453,2;0;0;0;1;;27137;544,5;-10,6;
2022-11-08 11:23:49;-36,79985;-73,05853;55,5;76,2;7453,2;0;0;0;1;;27137;544,5;-10,6;
2022-11-08 11:24:19;-36,79985;-73,05853;55,5;76,2;7453,2;0;0;0;1;;27137;544,5;-10,6;
2022-11-08 11:24:49;-36,79985;-73,05853;55,5;76,3;7453,2;0;0;0;1;;27137;544,5;-10,6;
2022-11-08 11:25:19;-36,79985;-73,05853;55,5;76,3;7453,2;0;0;0;1;;27137;544,5;-10,3;
2022-11-08 11:25:49;-36,79985;-73,05853;55,5;76,3;7453,2;0;0;0;1;;27137;544,5;-10,1;
2022-11-08 11:26:19;-36,79985;-73,05853;55,5;76,4;7453,2;0;0;0;1;;27137;544,5;-10,3;
2022-11-08 11:26:49;-36,79985;-73,05853;55,5;76,4;7453,2;0;0;0;1;;27137;544,5;-10,1;
2022-11-08 11:27:19;-36,79985;-73,05853;55,5;76,5;7453,2;0;0;0;1;;27137;544,5;-10,6;
2022-11-08 11:27:49;-36,79985;-73,05853;55,5;76,5;7453,2;0;0;0;1;;27137;544,5;-10,6;
2022-11-08 11:28:19;-36,79985;-73,05853;55,5;76,5;7453,2;0;0;0;1;;27137;544,5;-10,6;
2022-11-08 11:28:49;-36,79985;-73,05853;55,5;76,6;7453,2;0;0;0;1;;27137;544,5;-10,3;
2022-11-08 11:29:19;-36,79985;-73,05853;55,5;76,6;7453,2;0;0;0;1;;27137;544,5;-10,3;
2022-11-08 11:29:49;-36,79985;-73,05853;55,5;76,7;7453,2;0;0;0;1;;27137;544,5;-10,9;
2022-11-08 11:30:19;-36,79985;-73,05853;55,5;76,7;7453,2;0;0;0;1;;27137;544,5;-10,3;
2022-11-08 11:30:49;-36,79985;-73,05853;55,5;76,7;7453,2;0;0;0;1;;27137;544,5;-10,3;
2022-11-08 11:31:19;-36,79985;-73,05853;55,5;76,8;7453,2;0;0;0;1;;27137;544,5;-10,3;
2022-11-08 11:31:49;-36,79985;-73,05853;55,5;76,8;7453,2;0;0;0;1;;27137;544,5;-10,3;
2022-11-08 11:32:19;-36,79985;-73,05853;55,5;76,9;7453,2;0;0;0;1;;27137;544,5;-10,3;
2022-11-08 11:32:49;-36,79985;-73,05853;55,5;76,9;7453,2;0;0;0;1;;27137;544,5;-10,6;
2022-11-08 11:33:19;-36,79985;-73,05853;55,5;76,9;7453,2;0;0;0;1;;27137;544,5;-10,6;
2022-11-08 11:33:49;-36,79985;-73,05853;55,5;77;7453,2;0;0;0;1;;27137;544,5;-10,3;
2022-11-08 11:34:19;-36,79985;-73,05853;55,5;77;7453,2;0;0;0;1;;27137;544,5;-11,2;
2022-11-08 11:34:49;-36,79985;-73,05853;55,5;77,1;7453,2;0;0;0;1;;27137;544,5;-10,9;
2022-11-08 11:35:19;-36,79985;-73,05853;55,5;77,1;7453,2;0;0;0;1;;27137;544,5;-10,6;
2022-11-08 11:35:49;-36,79985;-73,05853;55,5;77,1;7453,2;0;0;0;1;;27137;544,5;-10,3;
2022-11-08 11:36:19;-36,79985;-73,05853;55,5;77,2;7453,2;0;0;0;1;;27137;544,5;-10,3;
2022-11-08 11:36:49;-36,79985;-73,05853;55,5;77,2;7453,2;0;0;0;1;;27137;544,5;-10,3;
2022-11-08 11:37:19;-36,79985;-73,05853;55,5;77,3;7453,2;0;0;0;1;;27137;544,5;-10,9;
2022-11-08 11:37:49;-36,79985;-73,05853;55,5;77,3;7453,2;0;0;0;1;;27137;544,5;-10,3;
2022-11-08 11:38:19;-36,79985;-73,05853;55,5;77,3;7453,2;0;0;0;1;;27137;544,5;-10,6;
2022-11-08 11:38:49;-36,79985;-73,05853;55,5;77,4;7453,2;0;0;0;1;;27137;544,5;-10,6;
2022-11-08 11:39:19;-36,79985;-73,05853;55,5;77,4;7453,2;0;0;0;1;;27137;544,5;-10,3;
2022-11-08 11:39:49;-36,79985;-73,05853;55,5;77,5;7453,2;0;0;0;1;;27137;544,5;-10,6;
2022-11-08 11:40:19;-36,79985;-73,05853;55,5;77,5;7453,2;0;0;0;1;;27137;544,5;-10,9;
2022-11-08 11:40:49;-36,79985;-73,05853;55,5;77,6;7453,2;0;0;0;1;;27137;544,5;-10,3;
2022-11-08 11:41:19;-36,79985;-73,05853;55,5;77,6;7453,2;0;0;0;1;;27137;544,5;-10,9;
2022-11-08 11:41:49;-36,79985;-73,05853;55,5;77,6;7453,2;0;0;0;1;;27137;544,5;-10,3;
2022-11-08 11:42:19;-36,79985;-73,05853;55,5;77,7;7453,2;0;0;0;1;;27137;544,5;-10,3;
2022-11-08 11:42:49;-36,79985;-73,05853;55,5;77,7;7453,2;0;0;0;1;;27137;544,5;-10,9;
2022-11-08 11:43:19;-36,79985;-73,05853;55,5;77,7;7453,2;0;0;0;1;;27137;544,5;-10,9;
2022-11-08 11:43:49;-36,79985;-73,05853;55,5;77,8;7453,2;0;0;0;1;;27137;544,5;-10,6;
2022-11-08 11:44:19;-36,79985;-73,05853;55,5;77,8;7453,2;0;0;0;1;;27137;544,5;-10,6;
2022-11-08 11:44:49;-36,79985;-73,05853;55,5;77,9;7453,2;0;0;0;1;;27137;544,5;-10,6;
2022-11-08 11:45:19;-36,79985;-73,05853;55,5;77,9;7453,2;0;0;0;1;;27137;544,5;-11,2;
2022-11-08 11:45:49;-36,79985;-73,05853;55,5;78;7453,2;0;0;0;1;;27137;544,5;-11,2;
2022-11-08 11:46:19;-36,79985;-73,05853;55,5;78;7453,2;0;0;0;1;;27137;544,5;-10,6;
2022-11-08 11:46:49;-36,79985;-73,05853;55,5;78;7453,2;0;0;0;1;;27137;544,5;-10,6;
2022-11-08 11:47:19;-36,79985;-73,05853;55,5;78,1;7453,2;0;0;0;1;;27137;544,5;-10,6;
2022-11-08 11:47:49;-36,79985;-73,05853;55,5;78,1;7453,2;0;0;0;1;;27137;544,5;-10,9;
2022-11-08 11:48:19;-36,79985;-73,05853;55,5;78,2;7453,2;0;0;0;1;;27137;544,5;-10,6;
2022-11-08 11:48:49;-36,79985;-73,05853;55,5;78,2;7453,2;0;0;0;1;;27137;544,5;-10,9;
2022-11-08 11:49:19;-36,79985;-73,05853;55,5;78,2;7453,2;0;0;0;1;;27137;544,5;-10,6;
2022-11-08 11:49:49;-36,79985;-73,05853;55,5;78,3;7453,2;0;0;0;1;;27137;544,5;-10,9;
2022-11-08 11:50:19;-36,79985;-73,05853;55,5;78,3;7453,2;0;0;0;1;;27137;544,5;-10,9;
2022-11-08 11:50:49;-36,79985;-73,05853;55,5;78,4;7453,2;0;0;0;1;;27137;544,5;-10,3;
2022-11-08 11:51:19;-36,79985;-73,05853;55,5;78,4;7453,2;0;0;0;1;;27137;544,5;-10,6;
2022-11-08 11:51:49;-36,79985;-73,05853;55,5;78,5;7453,2;0;0;0;1;;27137;544,5;-10,3;
2022-11-08 11:52:19;-36,79985;-73,05853;55,5;78,5;7453,2;0;0;0;1;;27137;544,5;-10,9;
2022-11-08 11:52:49;-36,79985;-73,05853;55,5;78,5;7453,2;0;0;0;1;;27137;544,5;-10,3;
2022-11-08 11:53:19;-36,79985;-73,05853;55,5;78,6;7453,2;0;0;0;1;;27137;544,5;-10,6;
2022-11-08 11:53:49;-36,79985;-73,05853;55,5;78,6;7453,2;0;0;0;1;;27137;544,5;-10,9;
2022-11-08 11:54:19;-36,79985;-73,05853;55,5;78,7;7453,2;0;0;0;1;;27137;544,5;-10,9;
2022-11-08 11:54:49;-36,79985;-73,05853;55,5;78,7;7453,2;0;0;0;1;;27137;544,5;-10,6;
2022-11-08 11:55:19;-36,79985;-73,05853;55,5;78,7;7453,2;0;0;0;1;;27137;544,5;-10,9;
2022-11-08 11:55:49;-36,79985;-73,05853;55,5;78,8;7453,2;0;0;0;1;;27137;545;-11,2;
2022-11-08 11:56:19;-36,79985;-73,05853;55,5;78,8;7453,2;0;0;0;1;;27137;545;-10,6;
2022-11-08 11:56:49;-36,79985;-73,05853;55,5;78,9;7453,2;0;0;0;1;;27137;545;-10,6;
2022-11-08 11:57:19;-36,79985;-73,05853;55,5;78,9;7453,2;0;0;0;1;;27137;545;-10,3;
2022-11-08 11:57:49;-36,79985;-73,05853;55,5;78,9;7453,2;0;0;0;1;;27137;545;-10,9;
2022-11-08 11:58:19;-36,79985;-73,05853;55,5;79;7453,2;0;0;0;1;;27137;545;-10,9;
2022-11-08 11:58:49;-36,79985;-73,05853;55,5;79;7453,2;0;0;0;1;;27137;545;-10,3;
2022-11-08 11:59:19;-36,79985;-73,05853;55,5;79,1;7453,2;0;0;0;1;;27137;545;-10,9;
2022-11-08 11:59:49;-36,79985;-73,05853;55,5;79,1;7453,2;0;0;0;1;;27137;545;-10,9;
2022-11-08 12:00:19;-36,79985;-73,05853;55,5;79,1;7453,2;0;0;0;1;;27137;545;-10,9;
2022-11-08 12:00:49;-36,79985;-73,05853;55,5;79,2;7453,2;0;0;0;1;;27137;545;-10,6;
2022-11-08 12:01:19;-36,79985;-73,05853;55,5;79,2;7453,2;0;0;0;1;;27137;545;-10,9;
2022-11-08 12:01:49;-36,79985;-73,05853;55,5;79,3;7453,2;0;0;0;1;;27137;545;-10,6;
2022-11-08 12:02:19;-36,79985;-73,05853;55,5;79,3;7453,2;0;0;0;1;;27137;545;-10,9;
2022-11-08 12:02:49;-36,79985;-73,05853;55,5;79,4;7453,2;0;0;0;1;;27137;545;-10,9;
2022-11-08 12:03:19;-36,79985;-73,05853;55,5;79,4;7453,2;0;0;0;1;;27137;545;-10,3;
2022-11-08 12:03:49;-36,79985;-73,05853;55,5;79,4;7453,2;0;0;0;1;;27137;545;-10,6;
2022-11-08 12:04:19;-36,79985;-73,05853;55,5;79,5;7453,2;0;0;0;1;;27137;545;-10,9;
2022-11-08 12:04:49;-36,79985;-73,05853;55,5;79,5;7453,2;0;0;0;1;;27137;545;-10,3;
2022-11-08 12:05:19;-36,79985;-73,05853;55,5;79,6;7453,2;0;0;0;1;;27137;545;-10,6;
2022-11-08 12:05:49;-36,79985;-73,05853;55,5;79,6;7453,2;0;0;0;1;;27137;545;-10,9;
2022-11-08 12:06:19;-36,79985;-73,05853;55,5;79,6;7453,2;0;0;0;1;;27137;545;-10,9;
2022-11-08 12:06:49;-36,79985;-73,05853;55,5;79,7;7453,2;0;0;0;1;;27137;545;-10,3;
2022-11-08 12:07:19;-36,79985;-73,05853;55,5;79,7;7453,2;0;0;0;1;;27137;545;-10,3;
2022-11-08 12:07:49;-36,79985;-73,05853;55,5;79,8;7453,2;0;0;0;1;;27137;545;-10,6;
2022-11-08 12:08:19;-36,79985;-73,05853;55,5;79,8;7453,2;0;0;0;1;;27137;545;-10,3;
2022-11-08 12:08:49;-36,79985;-73,05853;55,5;79,8;7453,2;0;0;0;1;;27137;545;-10,6;
2022-11-08 12:09:19;-36,79985;-73,05853;55,5;79,9;7453,2;0;0;0;1;;27137;545;-10,6;
2022-11-08 12:09:49;-36,79985;-73,05853;55,5;79,9;7453,2;0;0;0;1;;27137;545;-10,3;
2022-11-08 12:10:19;-36,79985;-73,05853;55,5;80;7453,2;0;0;0;1;;27137;545;-10,6;
2022-11-08 12:10:49;-36,79985;-73,05853;55,5;80;7453,2;0;0;0;1;;27137;545;-10,3;
2022-11-08 12:11:19;-36,79985;-73,05853;55,5;80;7453,2;0;0;0;1;;27137;545;-10,6;
2022-11-08 12:11:49;-36,79985;-73,05853;55,5;80,1;7453,2;0;0;0;1;;27137;545;-10,3;
2022-11-08 12:12:19;-36,79985;-73,05853;55,5;80,1;7453,2;0;0;0;1;;27137;545;-10,6;
2022-11-08 12:12:49;-36,79985;-73,05853;55,5;80,2;7453,2;0;0;0;1;;27137;545;-10,6;
2022-11-08 12:13:19;-36,79985;-73,05853;55,5;80,2;7453,2;0;0;0;1;;27137;545;-10,3;
2022-11-08 12:13:49;-36,79985;-73,05853;55,5;80,2;7453,2;0;0;0;1;;27137;545;-10,6;
2022-11-08 12:14:19;-36,79985;-73,05853;55,5;80,3;7453,2;0;0;0;1;;27137;545;-10,9;
2022-11-08 12:14:49;-36,79985;-73,05853;55,5;80,3;7453,2;0;0;0;1;;27137;545;-10,6;
2022-11-08 12:15:19;-36,79985;-73,05853;55,5;80,4;7453,2;0;0;0;1;;27137;545;-10,9;
2022-11-08 12:15:49;-36,79985;-73,05853;55,5;80,4;7453,2;0;0;0;1;;27137;545;-10,6;
2022-11-08 12:16:19;-36,79985;-73,05853;55,5;80,4;7453,2;0;0;0;1;;27137;545;-10,3;
2022-11-08 12:16:49;-36,79985;-73,05853;55,5;80,5;7453,2;0;0;0;1;;27137;545;-10,6;
2022-11-08 12:17:19;-36,79985;-73,05853;55,5;80,5;7453,2;0;0;0;1;;27137;545;-10,6;
2022-11-08 12:17:49;-36,79985;-73,05853;55,5;80,6;7453,2;0;0;0;1;;27137;545;-10,6;
2022-11-08 12:18:19;-36,79985;-73,05853;55,5;80,6;7453,2;0;0;0;1;;27137;545;-10,3;
2022-11-08 12:18:49;-36,79985;-73,05853;55,5;80,6;7453,2;0;0;0;1;;27137;545;-10,6;
2022-11-08 12:19:19;-36,79985;-73,05853;55,5;80,7;7453,2;0;0;0;1;;27137;545;-10,1;
2022-11-08 12:19:49;-36,79985;-73,05853;55,5;80,7;7453,2;0;0;0;1;;27137;545;-10,1;
2022-11-08 12:20:19;-36,79985;-73,05853;55,5;80,8;7453,2;0;0;0;1;;27137;545;-10,3;
2022-11-08 12:20:49;-36,79985;-73,05853;55,5;80,8;7453,2;0;0;0;1;;27137;545;-10,6;
2022-11-08 12:21:19;-36,79985;-73,05853;55,5;80,8;7453,2;0;0;0;1;;27137;545;-10,3;
2022-11-08 12:21:49;-36,79985;-73,05853;55,5;80,9;7453,2;0;0;0;1;;27137;545;-10,9;
2022-11-08 12:22:19;-36,79985;-73,05853;55,5;80,9;7453,2;0;0;0;1;;27137;545;-10,3;
2022-11-08 12:22:49;-36,79985;-73,05853;55,5;81;7453,2;0;0;0;1;;27137;545;-10,9;
2022-11-08 12:23:19;-36,79985;-73,05853;55,5;81;7453,2;0;0;0;1;;27137;545;-10,6;
2022-11-08 12:23:49;-36,79985;-73,05853;55,5;81;7453,2;0;0;0;1;;27137;545;-10,9;
2022-11-08 12:24:19;-36,79985;-73,05853;55,5;81,1;7453,2;0;0;0;1;;27137;545;-10,3;
2022-11-08 12:24:49;-36,79985;-73,05853;55,5;81,1;7453,2;0;0;0;1;;27137;545;-10,3;
2022-11-08 12:25:19;-36,79985;-73,05853;55,5;81,2;7453,2;0;0;0;1;;27137;545;-10,9;
2022-11-08 12:25:49;-36,79985;-73,05853;55,5;81,2;7453,2;0;0;0;1;;27137;545;-10,3;
2022-11-08 12:26:19;-36,79985;-73,05853;55,5;81,2;7453,2;0;0;0;1;;27137;545;-10,3;
2022-11-08 12:26:49;-36,79985;-73,05853;55,5;81,3;7453,2;0;0;0;1;;27137;545;-10,3;
2022-11-08 12:27:19;-36,79985;-73,05853;55,5;81,3;7453,2;0;0;0;1;;27137;545;-10,6;
2022-11-08 12:27:49;-36,79985;-73,05853;55,5;81,4;7453,2;0;0;0;1;;27137;545;-10,6;
2022-11-08 12:28:19;-36,79985;-73,05853;55,5;81,4;7453,2;0;0;0;1;;27137;545;-10,3;
2022-11-08 12:28:49;-36,79985;-73,05853;55,5;81,5;7453,2;0;0;0;1;;27137;545;-10,6;
2022-11-08 12:39:19;-36,79985;-73,05853;55,5;81,5;7453,2;0;0;0;1;;27137;545;-10,3;
2022-11-08 12:39:22;-36,79985;-73,05853;55,5;81,5;7453,2;0;0;0;1;;27137;545;-10,3;
2022-11-08 12:39:22;-36,79985;-73,05853;55,5;81,6;7453,2;0;0;0;1;;27137;545;-10,3;
2022-11-08 12:39:25;-36,79985;-73,05853;55,5;81,6;7453,2;0;0;0;1;;27137;545;-10,3;
2022-11-08 12:39:25;-36,79985;-73,05853;55,5;81,6;7453,2;0;0;0;1;;27137;545;-10,3;
2022-11-08 12:39:28;-36,79985;-73,05853;55,5;81,7;7453,2;0;0;0;1;;27137;545;-10,6;
2022-11-08 12:39:28;-36,79985;-73,05853;55,5;81,7;7453,2;0;0;0;1;;27137;545;-10,6;
2022-11-08 12:39:31;-36,79985;-73,05853;55,5;81,8;7453,2;0;0;0;1;;27137;545;-10,3;
2022-11-08 12:39:31;-36,79985;-73,05853;55,5;81,8;7453,2;0;0;0;1;;27137;545;-10,3;
2022-11-08 12:39:31;-36,79985;-73,05853;55,5;81,9;7453,2;0;0;0;1;;27137;545;-10,9;
2022-11-08 12:39:34;-36,79985;-73,05853;55,5;81,9;7453,2;0;0;0;1;;27137;545;-10,9;
2022-11-08 12:39:37;-36,79985;-73,05853;55,5;81,9;7453,2;0;0;0;1;;27137;545;-10,6;
2022-11-08 12:39:37;-36,79985;-73,05853;55,5;82;7453,2;0;0;0;1;;27137;545;-10,3;
2022-11-08 12:39:40;-36,79985;-73,05853;55,5;82;7453,2;0;0;0;1;;27137;545;-10,3;
2022-11-08 12:39:40;-36,79985;-73,05853;55,5;82,1;7453,2;0;0;0;1;;27137;545;-10,3;
2022-11-08 12:39:40;-36,79985;-73,05853;55,5;82,1;7453,2;0;0;0;1;;27137;545;-10,1;
2022-11-08 12:39:43;-36,79985;-73,05853;55,5;82,1;7453,2;0;0;0;1;;27137;545;-10,3;
2022-11-08 12:39:43;-36,79985;-73,05853;55,5;82,2;7453,2;0;0;0;1;;27137;545;-10,3;
2022-11-08 12:39:43;-36,79985;-73,05853;55,5;82,2;7453,2;0;0;0;1;;27137;545;-10,6;
2022-11-08 12:39:46;-36,79985;-73,05853;55,5;82,3;7453,2;0;0;0;1;;27137;545;-10,3;
2022-11-08 12:39:46;-36,79985;-73,05853;55,5;82,3;7453,2;0;0;0;1;;27137;545;-10,3;
2022-11-08 12:39:49;-36,79985;-73,05853;55,5;82,3;7453,2;0;0;0;1;;27137;545;-10,6;
2022-11-08 12:40:19;-36,79985;-73,05853;55,5;82,4;7453,2;0;0;0;1;;27137;545;-10,6;
2022-11-08 12:40:49;-36,79985;-73,05853;55,5;82,4;7453,2;0;0;0;1;;27137;545;-10,6;
2022-11-08 12:41:19;-36,79985;-73,05853;55,5;82,5;7453,2;0;0;0;1;;27137;545;-10,3;
2022-11-08 12:41:49;-36,79985;-73,05853;55,5;82,5;7453,2;0;0;0;1;;27137;545;-10,6;
2022-11-08 12:42:19;-36,79985;-73,05853;55,5;82,5;7453,2;0;0;0;1;;27137;545;-10,6;
2022-11-08 12:42:49;-36,79985;-73,05853;55,5;82,6;7453,2;0;0;0;1;;27137;545;-10,3;
2022-11-08 12:43:19;-36,79985;-73,05853;55,5;82,6;7453,2;0;0;0;1;;27137;545;-10,6;
2022-11-08 12:43:49;-36,79985;-73,05853;55,5;82,7;7453,2;0;0;0;1;;27137;545;-10,6;
2022-11-08 12:44:19;-36,79985;-73,05853;55,5;82,7;7453,2;0;0;0;1;;27137;545;-10,3;
2022-11-08 12:44:49;-36,79985;-73,05853;55,5;82,7;7453,2;0;0;0;1;;27137;545;-10,6;
2022-11-08 12:45:19;-36,79985;-73,05853;55,5;82,8;7453,2;0;0;0;1;;27137;545;-10,3;
2022-11-08 12:45:49;-36,79985;-73,05853;55,5;82,8;7453,2;0;0;0;1;;27137;545;-10,6;
2022-11-08 12:46:19;-36,79985;-73,05853;55,5;82,9;7453,2;0;0;0;1;;27137;545;-10,3;
2022-11-08 12:46:49;-36,79985;-73,05853;55,5;82,9;7453,2;0;0;0;1;;27137;545;-10,6;
2022-11-08 12:47:19;-36,79985;-73,05853;55,5;82,9;7453,2;0;0;0;1;;27137;545;-10,6;
2022-11-08 12:47:49;-36,79985;-73,05853;55,5;83;7453,2;0;0;0;1;;27137;545;-10,9;
2022-11-08 12:48:19;-36,79985;-73,05853;55,5;83;7453,2;0;0;0;1;;27137;545;-10,6;
2022-11-08 12:48:49;-36,79985;-73,05853;55,5;83,1;7453,2;0;0;0;1;;27137;545;-10,3;
2022-11-08 12:49:19;-36,79985;-73,05853;55,5;83,1;7453,2;0;0;0;1;;27137;545;-10,6;
2022-11-08 12:49:49;-36,79985;-73,05853;55,5;83,1;7453,2;0;0;0;1;;27137;545;-10,6;
2022-11-08 12:50:19;-36,79985;-73,05853;55,5;83,2;7453,2;0;0;0;1;;27137;545;-10,6;
2022-11-08 12:50:49;-36,79985;-73,05853;55,5;83,2;7453,2;0;0;0;1;;27137;545;-10,6;
2022-11-08 12:51:19;-36,79985;-73,05853;55,5;83,3;7453,2;0;0;0;1;;27137;545;-10,6;
2022-11-08 12:51:49;-36,79985;-73,05853;55,5;83,3;7453,2;0;0;0;1;;27137;545;-10,6;
2022-11-08 12:52:19;-36,79985;-73,05853;55,5;83,3;7453,2;0;0;0;1;;27137;545;-10,3;
2022-11-08 12:52:49;-36,79985;-73,05853;55,5;83,4;7453,2;0;0;0;1;;27137;545;-10,6;
2022-11-08 12:53:19;-36,79985;-73,05853;55,5;83,4;7453,2;0;0;0;1;;27137;545;-10,3;
2022-11-08 12:53:49;-36,79985;-73,05853;55,5;83,5;7453,2;0;0;0;1;;27137;545;-10,6;
2022-11-08 12:54:19;-36,79985;-73,05853;55,5;83,5;7453,2;0;0;0;1;;27137;545;-10,6;
2022-11-08 12:54:49;-36,79985;-73,05853;55,5;83,5;7453,2;0;0;0;1;;27137;545;-10,3;
2022-11-08 12:55:19;-36,79985;-73,05853;55,5;83,6;7453,2;0;0;0;1;;27137;545;-10,3;
2022-11-08 12:55:49;-36,79985;-73,05853;55,5;83,6;7453,2;0;0;0;1;;27137;545;-10,1;
2022-11-08 12:56:19;-36,79985;-73,05853;55,5;83,7;7453,2;0;0;0;1;;27137;545;-10,6;
2022-11-08 12:56:49;-36,79985;-73,05853;55,5;83,7;7453,2;0;0;0;1;;27137;545;-10,3;
2022-11-08 12:57:19;-36,79985;-73,05853;55,5;83,7;7453,2;0;0;0;1;;27137;545,5;-10,6;
2022-11-08 12:57:49;-36,79985;-73,05853;55,5;83,8;7453,2;0;0;0;1;;27137;545,5;-10,3;
2022-11-08 12:58:19;-36,79985;-73,05853;55,5;83,8;7453,2;0;0;0;1;;27137;545,5;-10,6;
2022-11-08 12:58:49;-36,79985;-73,05853;55,5;83,9;7453,2;0;0;0;1;;27137;545,5;-10,3;
2022-11-08 12:59:19;-36,79985;-73,05853;55,5;83,9;7453,2;0;0;0;1;;27137;545,5;-10,3;
2022-11-08 12:59:49;-36,79985;-73,05853;55,5;83,9;7453,2;0;0;0;1;;27137;545,5;-10,6;
2022-11-08 13:00:19;-36,79985;-73,05853;55,5;84;7453,2;0;0;0;1;;27137;545,5;-10,6;
2022-11-08 13:00:49;-36,79985;-73,05853;55,5;84;7453,2;0;0;0;1;;27137;545,5;-10,9;
2022-11-08 13:01:19;-36,79985;-73,05853;55,5;84,1;7453,2;0;0;0;1;;27137;545,5;-10,9;
2022-11-08 13:01:49;-36,79985;-73,05853;55,5;84,1;7453,2;0;0;0;1;;27137;545,5;-10,6;
2022-11-08 13:02:19;-36,79985;-73,05853;55,5;84,2;7453,2;0;0;0;1;;27137;545,5;-10,6;
2022-11-08 13:02:49;-36,79985;-73,05853;55,5;84,2;7453,2;0;0;0;1;;27137;545,5;-10,3;
2022-11-08 13:03:19;-36,79985;-73,05853;55,5;84,2;7453,2;0;0;0;1;;27137;545,5;-10,3;
2022-11-08 13:03:49;-36,79985;-73,05853;55,5;84,3;7453,2;0;0;0;1;;27137;545,5;-10,3;
2022-11-08 13:04:19;-36,79985;-73,05853;55,5;84,3;7453,2;0;0;0;1;;27137;545,5;-10,3;
2022-11-08 13:04:49;-36,79985;-73,05853;55,5;84,4;7453,2;0;0;0;1;;27137;545,5;-10,3;
2022-11-08 13:05:19;-36,79985;-73,05853;55,5;84,4;7453,2;0;0;0;1;;27137;545,5;-10,6;
2022-11-08 13:05:49;-36,79985;-73,05853;55,5;84,4;7453,2;0;0;0;1;;27137;545,5;-10,3;
2022-11-08 13:06:19;-36,79985;-73,05853;55,5;84,5;7453,2;0;0;0;1;;27137;545,5;-10,6;
2022-11-08 13:06:49;-36,79985;-73,05853;55,5;84,5;7453,2;0;0;0;1;;27137;545,5;-10,6;
2022-11-08 13:07:19;-36,79985;-73,05853;55,5;84,6;7453,2;0;0;0;1;;27137;545,5;-10,6;
2022-11-08 13:07:49;-36,79985;-73,05853;55,5;84,6;7453,2;0;0;0;1;;27137;545,5;-10,6;
2022-11-08 13:08:19;-36,79985;-73,05853;55,5;84,6;7453,2;0;0;0;1;;27137;545,5;-10,6;
2022-11-08 17:21:43;-36,79985;-73,05853;55,5;84,6;7453,2;0;0;0;1;;25439;539,9;0;
2022-11-08 17:22:13;-36,79985;-73,05853;55,5;84,6;7453,2;0;0;0;1;;25439;541,4;-10,1;
2022-11-08 17:22:43;-36,79985;-73,05853;55,5;84,7;7453,2;0;0;0;1;;27137;542,5;-10,1;
2022-11-08 17:23:13;-36,79985;-73,05853;55,5;84,7;7453,2;0;0;0;1;;27137;543;-10,1;
2022-11-08 17:23:43;-36,79985;-73,05853;55,5;84,8;7453,2;0;0;0;1;;27137;543,5;-10,3;
2022-11-08 17:24:13;-36,79985;-73,05853;55,5;84,8;7453,2;0;0;0;1;;27137;544;-10,1;
2022-11-08 17:24:43;-36,79985;-73,05853;55,5;84,8;7453,2;0;0;0;1;;27137;544;-10,3;
2022-11-08 17:25:13;-36,79985;-73,05853;55,5;84,9;7453,2;0;0;0;1;;27137;544,5;-10,1;
2022-11-08 17:25:43;-36,79985;-73,05853;55,5;84,9;7453,2;0;0;0;1;;27137;544,5;-10,1;
2022-11-08 17:26:13;-36,79985;-73,05853;55,5;84,9;7453,2;0;0;0;1;;27137;545;-10,1;
2022-11-08 17:26:43;-36,79985;-73,05853;55,5;85;7453,2;0;0;0;1;;27137;545;-10,3;
2022-11-08 17:27:13;-36,79985;-73,05853;55,5;85;7453,2;0;0;0;1;;27137;545,5;-10,3;
2022-11-08 17:27:43;-36,79985;-73,05853;55,5;85,1;7453,2;0;0;0;1;;27137;545,5;-10,1;
2022-11-08 17:28:13;-36,79985;-73,05853;55,5;85,1;7453,2;0;0;0;1;;27137;546;-10,1;
2022-11-08 17:28:43;-36,79985;-73,05853;55,5;85,1;7453,2;0;0;0;1;;27137;546;-10,3;
2022-11-08 17:29:13;-36,79985;-73,05853;55,5;85,2;7453,2;0;0;0;1;;27137;546;-10,3;
2022-11-08 17:29:43;-36,79985;-73,05853;55,5;85,2;7453,2;0;0;0;1;;27137;546;-10,1;
2022-11-08 17:30:13;-36,79985;-73,05853;55,5;85,3;7453,2;0;0;0;1;;27137;546;-10,3;
2022-11-08 17:30:43;-36,79985;-73,05853;55,5;85,3;7453,2;0;0;0;1;;27137;546,6;-10,3;
2022-11-08 17:31:13;-36,79985;-73,05853;55,5;85,3;7453,2;0;0;0;1;;27137;546,6;-10,1;
2022-11-08 17:31:43;-36,79985;-73,05853;55,5;85,4;7453,2;0;0;0;1;;27137;546,6;-10,1;
2022-11-08 17:32:13;-36,79985;-73,05853;55,5;85,4;7453,2;0;0;0;1;;27137;546,6;-10,3;
2022-11-08 17:32:43;-36,79985;-73,05853;55,5;85,5;7453,2;0;0;0;1;;27137;546,6;-10,3;
2022-11-08 17:33:13;-36,79985;-73,05853;55,5;85,5;7453,2;0;0;0;1;;27137;546,6;-10,3;
2022-11-08 17:33:43;-36,79985;-73,05853;55,5;85,5;7453,2;0;0;0;1;;27137;546,6;-10,3;
2022-11-08 17:34:13;-36,79985;-73,05853;55,5;85,6;7453,2;0;0;0;1;;27137;546,6;-10,1;
2022-11-08 17:34:43;-36,79985;-73,05853;55,5;85,6;7453,2;0;0;0;1;;27137;546,6;-10,1;
2022-11-08 17:35:13;-36,79985;-73,05853;55,5;85,7;7453,2;0;0;0;1;;27137;547,1;-10,1;
2022-11-08 17:35:43;-36,79985;-73,05853;55,5;85,7;7453,2;0;0;0;1;;27137;547,1;-10,1;
2022-11-08 17:36:13;-36,79985;-73,05853;55,5;85,7;7453,2;0;0;0;1;;27137;547,1;-10,3;
2022-11-08 17:36:43;-36,79985;-73,05853;55,5;85,8;7453,2;0;0;0;1;;27137;547,1;-10,1;
2022-11-08 17:37:13;-36,79985;-73,05853;55,5;85,8;7453,2;0;0;0;1;;27137;547,1;-10,1;
2022-11-08 17:37:43;-36,79985;-73,05853;55,5;85,9;7453,2;0;0;0;1;;27137;547,1;-10,1;
2022-11-08 17:38:13;-36,79985;-73,05853;55,5;85,9;7453,2;0;0;0;1;;27137;547,1;-10,3;
2022-11-08 17:38:43;-36,79985;-73,05853;55,5;85,9;7453,2;0;0;0;1;;27137;547,1;-10,3;
2022-11-08 17:39:43;-36,79985;-73,05853;55,5;86;7453,2;0;0;0;1;;27137;547,1;-10,1;
2022-11-08 17:40:13;-36,79985;-73,05853;55,5;86,1;7453,2;0;0;0;1;;27137;547,1;-10,3;
2022-11-08 17:40:43;-36,79985;-73,05853;55,5;86,1;7453,2;0;0;0;1;;27137;547,1;-10,3;
2022-11-08 17:41:13;-36,79985;-73,05853;55,5;86,1;7453,2;0;0;0;1;;27137;547,1;-10,3;
2022-11-08 17:41:43;-36,79985;-73,05853;55,5;86,2;7453,2;0;0;0;1;;27137;547,1;-10,3;
2022-11-08 17:42:13;-36,79985;-73,05853;55,5;86,2;7453,2;0;0;0;1;;27137;547,1;-10,3;
2022-11-08 17:42:43;-36,79985;-73,05853;55,5;86,3;7453,2;0;0;0;1;;27137;547,1;-10,3;
2022-11-08 17:43:13;-36,79985;-73,05853;55,5;86,3;7453,2;0;0;0;1;;27137;547,1;-10,3;
2022-11-08 17:43:43;-36,79985;-73,05853;55,5;86,3;7453,2;0;0;0;1;;27137;547,1;-10,1;
2022-11-08 17:44:13;-36,79985;-73,05853;55,5;86,4;7453,2;0;0;0;1;;27137;547,1;-10,1;
2022-11-08 17:44:43;-36,79985;-73,05853;55,5;86,4;7453,2;0;0;0;1;;27137;547,1;-10,1;
2022-11-08 17:45:13;-36,79985;-73,05853;55,5;86,4;7453,2;0;0;0;1;;27137;547,1;-10,6;
2022-11-08 17:45:43;-36,79985;-73,05853;55,5;86,5;7453,2;0;0;0;1;;27137;547,1;-10,1;
2022-11-08 17:46:13;-36,79985;-73,05853;55,5;86,5;7453,2;0;0;0;1;;27137;547,1;-10,3;
2022-11-08 17:46:43;-36,79985;-73,05853;55,5;86,6;7453,2;0;0;0;1;;27137;547,1;-10,1;
2022-11-08 17:47:13;-36,79985;-73,05853;55,5;86,6;7453,2;0;0;0;1;;27137;547,1;-10,3;
2022-11-08 17:47:43;-36,79985;-73,05853;55,5;86,6;7453,2;0;0;0;1;;27137;547,1;-10,3;
2022-11-08 17:48:13;-36,79985;-73,05853;55,5;86,7;7453,2;0;0;0;1;;27137;547,1;-10,6;
2022-11-08 17:48:43;-36,79985;-73,05853;55,5;86,7;7453,2;0;0;0;1;;27137;547,1;-10,1;
2022-11-08 17:49:13;-36,79985;-73,05853;55,5;86,8;7453,2;0;0;0;1;;27137;547,1;-10,1;
2022-11-08 17:49:43;-36,79985;-73,05853;55,5;86,8;7453,2;0;0;0;1;;27137;547,1;-10,1;
2022-11-08 17:50:13;-36,79985;-73,05853;55,5;86,8;7453,2;0;0;0;1;;27137;547,1;-10,1;
2022-11-08 17:50:43;-36,79985;-73,05853;55,5;86,9;7453,2;0;0;0;1;;27137;547,1;-10,3;
2022-11-08 17:51:13;-36,79985;-73,05853;55,5;86,9;7453,2;0;0;0;1;;27137;547,1;-10,1;
2022-11-08 17:51:43;-36,79985;-73,05853;55,5;87;7453,2;0;0;0;1;;27137;547,1;-10,1;
2022-11-08 17:52:13;-36,79985;-73,05853;55,5;87;7453,2;0;0;0;1;;27137;546,6;-10,1;
2022-11-08 17:52:43;-36,79985;-73,05853;55,5;87;7453,2;0;0;0;1;;27137;547,1;-10,3;
2022-11-08 17:53:13;-36,79985;-73,05853;55,5;87,1;7453,2;0;0;0;1;;27137;546,6;-10,1;
2022-11-08 17:53:43;-36,79985;-73,05853;55,5;87,1;7453,2;0;0;0;1;;27137;547,1;-10,3;
2022-11-08 17:54:13;-36,79985;-73,05853;55,5;87,2;7453,2;0;0;0;1;;27137;547,1;-10,6;
2022-11-08 17:54:43;-36,79985;-73,05853;55,5;87,2;7453,2;0;0;0;1;;27137;547,1;-10,6;
2022-11-08 17:55:13;-36,79985;-73,05853;55,5;87,2;7453,2;0;0;0;1;;27137;547,1;-10,3;
2022-11-08 17:55:43;-36,79985;-73,05853;55,5;87,3;7453,2;0;0;0;1;;27137;547,1;-10,3;
2022-11-08 17:56:13;-36,79985;-73,05853;55,5;87,3;7453,2;0;0;0;1;;27137;547,1;-10,6;
2022-11-08 17:56:43;-36,79985;-73,05853;55,5;87,4;7453,2;0;0;0;1;;27137;547,1;-10,3;
2022-11-08 17:57:13;-36,79985;-73,05853;55,5;87,4;7453,2;0;0;0;1;;27137;547,1;-10,6;
2022-11-08 17:57:43;-36,79985;-73,05853;55,5;87,4;7453,2;0;0;0;1;;27137;547,1;-10,3;
2022-11-08 17:58:13;-36,79985;-73,05853;55,5;87,5;7453,2;0;0;0;1;;27137;547,1;-10,3;
2022-11-08 17:58:43;-36,79985;-73,05853;55,5;87,5;7453,2;0;0;0;1;;27137;547,1;-10,3;
2022-11-08 17:59:13;-36,79985;-73,05853;55,5;87,6;7453,2;0;0;0;1;;27137;547,1;-10,1;
2022-11-08 17:59:43;-36,79985;-73,05853;55,5;87,6;7453,2;0;0;0;1;;27137;547,1;-10,3;
2022-11-08 18:00:13;-36,79985;-73,05853;55,5;87,6;7453,2;0;0;0;1;;27137;547,1;-10,6;
2022-11-08 18:00:43;-36,79985;-73,05853;55,5;87,7;7453,2;0;0;0;1;;27137;547,1;-10,3;
2022-11-08 18:03:10;-36,79985;-73,05853;55,5;87,7;7453,2;0;0;0;0;;25184;543,5;2,2;
2022-11-08 18:03:40;-36,79985;-73,05853;55,5;87,7;7453,2;0;0;0;0;;25184;543;1,4;
2022-11-08 18:04:10;-36,79985;-73,05853;55,5;87,7;7453,2;0;0;0;0;;27005;543;1,7;
2022-11-08 18:04:40;-36,79985;-73,05853;55,5;87,7;7453,2;0;0;0;0;;27137;542,5;1,4;
2022-11-08 18:05:10;-36,79985;-73,05853;55,5;87,7;7453,2;0;0;0;0;;27137;542,5;1,1;
2022-11-08 18:05:40;-36,79985;-73,05853;55,5;87,7;7453,2;0;0;0;0;;27137;542,5;1,4;
2022-11-08 18:06:10;-36,79985;-73,05853;55,5;87,7;7453,2;4;0;0;0;;27005;541,4;8,3;
2022-11-08 18:06:40;-36,79985;-73,05853;32,1;87,7;7453,2;0;0;0;0;;27137;542;1,1;
2022-11-08 18:07:10;-36,79965;-73,05842;25,3;87,6;7453,3;26;0;0;0;;27137;538,9;35,8;
2022-11-08 18:07:40;-36,80148;-73,05658;18,3;87,6;7453,5;2;0;0;0;;27137;541,4;0,9;
2022-11-08 18:08:10;-36,80148;-73,05658;14;87,6;7453,7;21;0;0;0;;27137;540,9;-6,8;
2022-11-08 18:08:40;-36,8034;-73,05549;6,8;87,6;7453,8;0;0;0;0;;27137;540,9;0,9;
2022-11-08 18:09:10;-36,8036;-73,05568;3,4;87,6;7453,8;0;0;0;0;;27137;540,9;0,9;
2022-11-08 18:09:40;-36,8036;-73,05568;3,4;87,6;7453,8;0;0;0;0;;27137;540,9;0,9;
2022-11-08 18:10:10;-36,8036;-73,05568;10,4;87,5;7453,8;12;0;0;0;;27137;540,9;2,5;
2022-11-08 18:10:40;-36,80396;-73,05549;5,3;87,5;7453,8;0;0;0;0;;27137;540,9;0,9;
2022-11-08 18:11:10;-36,80396;-73,05549;5,3;87,5;7453,8;0;0;0;0;;27137;540,9;1,1;
2022-11-08 18:11:40;-36,80396;-73,05549;7;87,5;7453,9;0;0;0;0;;27137;540,4;1,4;
2022-11-08 18:12:10;-36,80403;-73,05496;7;87,5;7453,9;0;0;0;0;;27005;540,4;1,4;
2022-11-08 18:12:40;-36,80403;-73,05496;7;87,5;7453,9;18;0;0;0;;27137;538,4;1,1;
2022-11-08 18:13:10;-36,80366;-73,05481;8,8;87,4;7454;5;0;0;0;;27137;539,4;17,6;
2022-11-08 18:13:40;-36,80265;-73,05547;10,7;87,4;7454,1;4;0;0;0;;27137;538,9;13,8;
2022-11-08 18:14:10;-36,80265;-73,05547;9,8;87,3;7454,2;0;0;0;0;;27137;538,4;1,1;
2022-11-08 18:14:40;-36,8015;-73,05617;11;87,2;7454,3;33;0;0;0;;27137;531,2;91,3;
2022-11-08 18:15:10;-36,79909;-73,05855;18,9;87,1;7454,6;17;0;0;0;;27137;536,8;-2,4;
2022-11-08 18:15:40;-36,79909;-73,05855;19,8;87,1;7454,6;6;0;0;0;;27137;537,3;3,1;
2022-11-08 18:16:10;-36,79865;-73,0594;21,8;87;7454,7;17;0;0;0;;27005;534,3;38,3;
2022-11-08 18:16:40;-36,79763;-73,06139;24,9;86,9;7454,9;31;0;0;0;;27005;534,3;15,4;
2022-11-08 18:17:10;-36,79763;-73,06139;18,7;86,9;7455,2;45;0;0;0;;27005;535,3;20,1;
2022-11-08 18:17:40;-36,79477;-73,06468;8,5;86,8;7455,5;55;0;0;0;;27005;531,7;44,3;
2022-11-08 18:18:10;-36,7892;-73,06141;10;86,4;7456,1;82;0;0;0;;27005;530,7;18,5;
2022-11-08 18:18:40;-36,7892;-73,06141;5;86,1;7456,7;73;0;0;0;;27005;526,6;83,1;
2022-11-08 18:19:10;-36,78119;-73,05842;4,7;86,1;7457,1;33;0;0;0;;27005;533,2;27,5;
2022-11-08 18:19:40;-36,77829;-73,05741;5,3;86,1;7457,3;19;0;0;0;;27005;535,3;6,9;
2022-11-08 18:20:10;-36,77829;-73,05741;5,6;86,1;7457,5;17;0;0;0;;27005;536,3;-1,3;
2022-11-08 18:20:40;-36,77724;-73,0592;3,4;86,1;7457,6;16;0;0;0;;27005;536,3;-2,1;
2022-11-08 18:21:10;-36,77762;-73,06069;1,7;86;7457,7;17;0;0;0;;27005;535,3;11,6;
2022-11-08 18:21:40;-36,77762;-73,06069;2;86;7457,9;15;0;0;0;;27005;535,8;2,5;
2022-11-08 18:22:10;-36,77808;-73,05971;2,9;86;7457,9;0;0;0;0;;27005;536,8;2;
2022-11-08 18:22:40;-36,77808;-73,05971;2,9;86;7457,9;0;0;0;0;;27005;536,8;2;
2022-11-08 18:23:10;-36,77808;-73,05971;2,9;86;7457,9;0;0;0;0;;27005;536,8;2;
2022-11-08 18:23:40;-36,77808;-73,05971;2,9;86;7457,9;0;0;0;0;;27005;536,8;2;
2022-11-08 18:24:10;-36,77808;-73,05971;2,9;86;7457,9;0;0;0;0;;27005;537,3;2;
2022-11-08 18:24:40;-36,77808;-73,05971;2,9;86;7457,9;0;0;0;0;;27005;537,3;2,2;
2022-11-08 18:25:10;-36,77808;-73,05971;2,9;86;7457,9;0;0;0;0;;27005;537,3;2,2;
2022-11-08 18:25:37;-36,77808;-73,05971;2,9;85,9;7457,9;0;0;0;0;;27005;537,3;2,8;
2022-11-08 18:26:10;-36,77808;-73,05971;2,9;85,9;7457,9;2;0;0;0;;27005;537,3;2,5;
2022-11-08 18:26:40;-36,77808;-73,05971;2,9;85,9;7457,9;0;0;0;0;;27005;537,3;2,2;
2022-11-08 18:27:10;-36,77808;-73,05971;2,9;85,9;7457,9;0;0;0;0;;27005;537,3;2,2;
2022-11-08 18:27:40;-36,77808;-73,05971;5,4;85,9;7458;16;0;0;0;;27005;537,3;0;
2022-11-08 18:28:10;-36,77784;-73,06019;5,8;85,9;7458;0;1;0;0;;27005;537,3;2;
2022-11-08 18:30:16;-36,77785;-73,06008;5,8;85,9;7458;0;0;0;0;;25964;537,9;3,1;
2022-11-08 18:30:46;-36,77785;-73,06008;6,8;85,9;7458;4;0;0;0;;27005;536,8;11;
2022-11-08 18:31:16;-36,77786;-73,06037;4,4;85,8;7458,1;6;0;0;0;;26874;536,8;5,3;
2022-11-08 18:31:46;-36,77765;-73,06019;5,5;85,8;7458,1;17;0;0;0;;27005;535,3;21,5;
2022-11-08 18:32:16;-36,77765;-73,06019;6,2;85,8;7458,2;0;0;0;0;;27005;537,3;0,9;
2022-11-08 18:32:46;-36,77784;-73,05976;6,2;85,8;7458,2;0;0;0;0;;27005;537,9;0,9;
2022-11-08 18:33:16;-36,77797;-73,05938;6,8;85,8;7458,2;15;0;0;0;;27137;536,8;7,2;
2022-11-08 18:33:46;-36,77797;-73,05938;6,8;85,8;7458,3;0;0;0;0;;27005;537,3;1,1;
2022-11-08 18:34:16;-36,77831;-73,05934;6,9;85,7;7458,4;22;0;0;0;;27137;535,3;19,3;
2022-11-08 18:34:46;-36,78062;-73,05852;5,6;85,5;7458,6;57;0;0;0;;27137;527,6;98,5;
2022-11-08 18:35:16;-36,78062;-73,05852;4,9;85,3;7459,2;71;0;0;0;;27137;529,2;61,9;
2022-11-08 18:35:46;-36,78804;-73,06095;9,4;85;7459,8;78;0;0;0;;27137;530,7;29,7;
2022-11-08 18:36:16;-36,79494;-73,06585;6,9;85;7460,3;51;0;0;0;;27137;534,3;9,1;
2022-11-08 18:36:46;-36,79494;-73,06585;13,6;84,9;7460,7;35;0;0;0;;27005;531,7;28,6;
2022-11-08 18:37:16;-36,79604;-73,06533;24,6;84,7;7461,1;50;0;0;0;;27137;531,2;25,9;
2022-11-08 18:37:46;-36,79893;-73,05969;23,1;84,7;7461,4;38;0;0;0;;27137;537,3;-30,1;
2022-11-08 18:38:16;-36,79893;-73,05969;16,5;84,7;7461,5;0;0;0;0;;27005;535,8;0,9;
2022-11-08 18:38:46;-36,79971;-73,05846;17,4;84,7;7461,6;7;0;0;0;;27005;535,8;0,9;
2022-11-08 18:39:16;-36,79993;-73,05881;6,9;84,7;7461,6;0;0;0;0;;27005;536,3;0,9;
2022-11-08 18:39:46;-36,79993;-73,05881;6,9;84,7;7461,6;0;0;0;0;;27137;536,3;0,9;
2022-11-08 18:40:16;-36,79993;-73,05881;6,9;84,7;7461,6;0;0;0;0;;27137;536,3;0,9;
2022-11-08 18:40:46;-36,79993;-73,05881;6,9;84,6;7461,6;8;0;0;0;;27005;536,3;0,9;
2022-11-08 18:41:16;-36,79993;-73,05881;24,6;84,6;7461,6;2;0;0;0;;27005;536,3;2,2;
2022-11-08 18:42:58;-36,79999;-73,05879;24,6;84,7;7461,6;0;0;0;0;;25570;537,3;3,1;
2022-11-08 18:43:34;-36,79999;-73,05879;24,6;84,7;7461,6;0;0;0;1;;26095;536,8;0;
2022-11-08 18:44:04;-36,79999;-73,05879;24,6;84,7;7461,6;0;0;0;1;;27137;538,4;-11,2;
2022-11-08 18:44:34;-36,79999;-73,05879;24,6;84,8;7461,6;0;0;0;1;;27137;538,9;-10,9;
2022-11-08 18:45:04;-36,79999;-73,05879;24,6;84,8;7461,6;0;0;0;1;;27137;539,4;-11,2;
2022-11-08 18:45:34;-36,79999;-73,05879;24,6;84,8;7461,6;0;0;0;1;;27137;539,4;-11,2;
2022-11-08 18:46:04;-36,79999;-73,05879;24,6;84,9;7461,6;0;0;0;1;;27137;539,9;-10,9;
2022-11-08 18:46:34;-36,79999;-73,05879;24,6;84,9;7461,6;0;0;0;1;;27137;539,9;-11,2;
2022-11-08 18:47:04;-36,79999;-73,05879;24,6;85;7461,6;0;0;0;1;;27137;539,9;-10,9;
2022-11-08 18:47:34;-36,79999;-73,05879;24,6;85;7461,6;0;0;0;1;;27137;540,4;-10,9;
2022-11-08 18:48:04;-36,79999;-73,05879;24,6;85,1;7461,6;0;0;0;1;;27137;540,4;-10,9;
2022-11-08 18:48:34;-36,79999;-73,05879;24,6;85,1;7461,6;0;0;0;1;;27137;540,4;-11,2;
2022-11-08 18:49:04;-36,79999;-73,05879;24,6;85,1;7461,6;0;0;0;1;;27137;540,4;-10,9;
2022-11-08 18:49:34;-36,79999;-73,05879;24,6;85,2;7461,6;0;0;0;1;;27137;540,9;-11,2;
2022-11-08 18:50:04;-36,79999;-73,05879;24,6;85,2;7461,6;0;0;0;1;;27137;540,9;-11,2;
2022-11-08 18:50:34;-36,79999;-73,05879;24,6;85,3;7461,6;0;0;0;1;;27137;540,9;-11,2;
2022-11-08 18:51:04;-36,79999;-73,05879;24,6;85,3;7461,6;0;0;0;1;;27137;541,4;-10,9;
2022-11-08 18:51:34;-36,79999;-73,05879;24,6;85,4;7461,6;0;0;0;1;;27137;541,4;-10,9;
2022-11-08 18:52:04;-36,79999;-73,05879;24,6;85,4;7461,6;0;0;0;1;;27137;541,4;-11,2;
2022-11-08 18:52:34;-36,79999;-73,05879;24,6;85,4;7461,6;0;0;0;1;;27137;541,4;-10,9;
2022-11-08 18:53:04;-36,79999;-73,05879;24,6;85,5;7461,6;0;0;0;1;;27137;542;-11,2;
2022-11-08 18:53:34;-36,79999;-73,05879;24,6;85,5;7461,6;0;0;0;1;;27137;542;-10,9;
2022-11-08 18:54:04;-36,79999;-73,05879;24,6;85,6;7461,6;0;0;0;1;;27137;542;-11,2;
2022-11-08 18:54:34;-36,79999;-73,05879;24,6;85,6;7461,6;0;0;0;1;;27137;542,5;-10,9;
2022-11-08 18:55:04;-36,79999;-73,05879;24,6;85,7;7461,6;0;0;0;1;;27137;542,5;-10,9;
2022-11-08 18:55:34;-36,79999;-73,05879;24,6;85,7;7461,6;0;0;0;1;;27137;542,5;-11,2;
2022-11-08 18:56:04;-36,79999;-73,05879;24,6;85,7;7461,6;0;0;0;1;;27137;542,5;-10,9;
2022-11-08 18:56:34;-36,79999;-73,05879;24,6;85,8;7461,6;0;0;0;1;;27137;543;-10,9;
2022-11-08 18:57:04;-36,79999;-73,05879;24,6;85,8;7461,6;0;0;0;1;;27137;543;-11,2;
2022-11-08 18:57:34;-36,79999;-73,05879;24,6;85,9;7461,6;0;0;0;1;;27137;543;-10,9;
2022-11-08 18:58:04;-36,79999;-73,05879;24,6;85,9;7461,6;0;0;0;1;;27137;543,5;-11,2;
2022-11-08 18:58:34;-36,79999;-73,05879;24,6;86;7461,6;0;0;0;1;;27137;543,5;-11,2;
2022-11-08 18:59:04;-36,79999;-73,05879;24,6;86;7461,6;0;0;0;1;;27137;543,5;-11,2;
2022-11-08 18:59:34;-36,79999;-73,05879;24,6;86;7461,6;0;0;0;1;;27137;544;-10,6;
2022-11-08 19:00:04;-36,79999;-73,05879;24,6;86,1;7461,6;0;0;0;1;;27137;544;-11,2;
2022-11-08 19:00:34;-36,79999;-73,05879;24,6;86,1;7461,6;0;0;0;1;;27137;544;-10,9;
2022-11-08 19:01:04;-36,79999;-73,05879;24,6;86,2;7461,6;0;0;0;1;;27137;544,5;-10,6;
2022-11-08 19:01:34;-36,79999;-73,05879;24,6;86,2;7461,6;0;0;0;1;;27137;544,5;-10,9;
2022-11-08 19:02:04;-36,79999;-73,05879;24,6;86,3;7461,6;0;0;0;1;;27137;544,5;-10,9;
2022-11-08 19:02:34;-36,79999;-73,05879;24,6;86,3;7461,6;0;0;0;1;;27137;544,5;-10,6;
2022-11-08 19:03:04;-36,79999;-73,05879;24,6;86,3;7461,6;0;0;0;1;;27137;545;-10,6;
2022-11-08 19:03:34;-36,79999;-73,05879;24,6;86,4;7461,6;0;0;0;1;;27137;545;-10,9;
2022-11-08 19:04:04;-36,79999;-73,05879;24,6;86,4;7461,6;0;0;0;1;;27137;545;-10,6;
2022-11-08 19:04:34;-36,79999;-73,05879;24,6;86,5;7461,6;0;0;0;1;;27137;545,5;-10,6;
2022-11-08 19:05:04;-36,79999;-73,05879;24,6;86,5;7461,6;0;0;0;1;;27137;545,5;-10,6;
2022-11-08 19:05:34;-36,79999;-73,05879;24,6;86,6;7461,6;0;0;0;1;;27137;545,5;-10,9;
2022-11-08 19:06:04;-36,79999;-73,05879;24,6;86,6;7461,6;0;0;0;1;;27137;545,5;-10,9;
2022-11-08 19:06:34;-36,79999;-73,05879;24,6;86,6;7461,6;0;0;0;1;;27137;546;-10,9;
2022-11-08 19:07:04;-36,79999;-73,05879;24,6;86,7;7461,6;0;0;0;1;;27137;546;-10,6;
2022-11-08 19:07:34;-36,79999;-73,05879;24,6;86,7;7461,6;0;0;0;1;;27137;546;-10,9;
2022-11-08 19:08:04;-36,79999;-73,05879;24,6;86,8;7461,6;0;0;0;1;;27137;546;-10,9;
2022-11-08 19:08:34;-36,79999;-73,05879;24,6;86,8;7461,6;0;0;0;1;;27137;546;-10,9;
2022-11-08 19:09:04;-36,79999;-73,05879;24,6;86,8;7461,6;0;0;0;1;;27137;546,6;-10,9;
2022-11-08 19:09:34;-36,79999;-73,05879;24,6;86,9;7461,6;0;0;0;1;;27137;546,6;-10,9;
2022-11-08 19:10:04;-36,79999;-73,05879;24,6;86,9;7461,6;0;0;0;1;;27137;546,6;-10,6;
2022-11-08 19:10:34;-36,79999;-73,05879;24,6;87;7461,6;0;0;0;1;;27137;546,6;-10,9;
2022-11-08 19:11:04;-36,79999;-73,05879;24,6;87;7461,6;0;0;0;1;;27137;546,6;-10,3;
2022-11-08 19:11:34;-36,79999;-73,05879;24,6;87;7461,6;0;0;0;1;;27137;546,6;-10,3;
2022-11-08 19:12:04;-36,79999;-73,05879;24,6;87,1;7461,6;0;0;0;1;;27137;546,6;-10,9;
2022-11-08 19:12:34;-36,79999;-73,05879;24,6;87,1;7461,6;0;0;0;1;;27137;546,6;-10,9;
2022-11-08 19:13:04;-36,79999;-73,05879;24,6;87,2;7461,6;0;0;0;1;;27137;547,1;-10,6;
2022-11-08 19:13:34;-36,79999;-73,05879;24,6;87,2;7461,6;0;0;0;1;;27137;547,1;-10,6;
2022-11-08 19:14:04;-36,79999;-73,05879;24,6;87,3;7461,6;0;0;0;1;;27137;547,1;-10,9;
2022-11-08 19:14:34;-36,79999;-73,05879;24,6;87,3;7461,6;0;0;0;1;;27137;547,1;-11,2;
2022-11-08 19:15:04;-36,79999;-73,05879;24,6;87,3;7461,6;0;0;0;1;;27137;547,1;-10,6;
2022-11-08 19:15:34;-36,79999;-73,05879;24,6;87,4;7461,6;0;0;0;1;;27137;547,1;-10,9;
2022-11-08 19:16:04;-36,79999;-73,05879;24,6;87,4;7461,6;0;0;0;1;;27137;547,1;-10,9;
2022-11-08 19:16:34;-36,79999;-73,05879;24,6;87,5;7461,6;0;0;0;1;;27137;547,1;-10,3;
2022-11-08 19:17:04;-36,79999;-73,05879;24,6;87,5;7461,6;0;0;0;1;;27137;547,1;-10,3;
2022-11-08 19:17:34;-36,79999;-73,05879;24,6;87,5;7461,6;0;0;0;1;;27137;547,1;-10,3;
2022-11-08 19:18:04;-36,79999;-73,05879;24,6;87,6;7461,6;0;0;0;1;;27137;547,1;-10,9;
2022-11-08 19:18:34;-36,79999;-73,05879;24,6;87,6;7461,6;0;0;0;1;;27137;547,1;-10,6;
2022-11-08 19:19:04;-36,79999;-73,05879;24,6;87,7;7461,6;0;0;0;1;;27137;547,1;-10,6;
2022-11-08 19:19:34;-36,79999;-73,05879;24,6;87,7;7461,6;0;0;0;1;;27137;547,1;-10,6;
2022-11-08 19:20:04;-36,79999;-73,05879;24,6;87,8;7461,6;0;0;0;1;;27137;547,1;-10,9;
2022-11-08 19:20:34;-36,79999;-73,05879;24,6;87,8;7461,6;0;0;0;1;;27137;547,1;-10,9;
2022-11-08 19:21:04;-36,79999;-73,05879;24,6;87,8;7461,6;0;0;0;1;;27137;547,1;-10,3;
2022-11-08 19:21:34;-36,79999;-73,05879;24,6;87,9;7461,6;0;0;0;1;;27137;547,1;-11,2;
2022-11-08 19:22:04;-36,79999;-73,05879;24,6;87,9;7461,6;0;0;0;1;;27137;547,1;-10,9;
2022-11-08 19:22:34;-36,79999;-73,05879;24,6;88;7461,6;0;0;0;1;;27137;547,1;-10,6;
2022-11-08 19:23:04;-36,79999;-73,05879;24,6;88;7461,6;0;0;0;1;;27137;547,1;-10,9;
2022-11-08 19:23:34;-36,79999;-73,05879;24,6;88;7461,6;0;0;0;1;;27137;547,1;-10,3;
2022-11-08 19:24:04;-36,79999;-73,05879;24,6;88,1;7461,6;0;0;0;1;;27137;547,1;-10,6;
2022-11-08 19:24:34;-36,79999;-73,05879;24,6;88,1;7461,6;0;0;0;1;;27137;547,1;-10,6;
2022-11-08 19:25:04;-36,79999;-73,05879;24,6;88,2;7461,6;0;0;0;1;;27137;547,1;-10,9;
2022-11-08 19:25:34;-36,79999;-73,05879;24,6;88,2;7461,6;0;0;0;1;;27137;547,1;-10,9;
2022-11-08 19:26:04;-36,79999;-73,05879;24,6;88,2;7461,6;0;0;0;1;;27137;547,1;-10,6;
2022-11-08 19:26:34;-36,79999;-73,05879;24,6;88,3;7461,6;0;0;0;1;;27137;547,1;-10,6;
2022-11-08 19:27:04;-36,79999;-73,05879;24,6;88,3;7461,6;0;0;0;1;;27137;547,1;-10,3;
2022-11-08 19:27:34;-36,79999;-73,05879;24,6;88,4;7461,6;0;0;0;1;;27137;547,1;-10,6;
2022-11-08 19:28:04;-36,79999;-73,05879;24,6;88,4;7461,6;0;0;0;1;;27137;547,1;-10,6;
2022-11-08 19:28:34;-36,79999;-73,05879;24,6;88,5;7461,6;0;0;0;1;;27137;547,1;-10,9;
2022-11-08 19:29:04;-36,79999;-73,05879;24,6;88,5;7461,6;0;0;0;1;;27137;547,1;-10,6;
2022-11-08 19:29:34;-36,79999;-73,05879;24,6;88,5;7461,6;0;0;0;1;;27137;547,1;-10,9;
2022-11-08 19:30:04;-36,79999;-73,05879;24,6;88,6;7461,6;0;0;0;1;;27137;547,1;-10,6;
2022-11-08 19:30:34;-36,79999;-73,05879;24,6;88,6;7461,6;0;0;0;1;;27137;547,1;-11,2;
2022-11-08 19:31:04;-36,79999;-73,05879;24,6;88,7;7461,6;0;0;0;1;;27137;547,1;-10,3;
2022-11-08 19:31:34;-36,79999;-73,05879;24,6;88,7;7461,6;0;0;0;1;;27137;547,1;-10,3;
2022-11-08 19:32:04;-36,79999;-73,05879;24,6;88,7;7461,6;0;0;0;1;;27137;547,1;-10,6;
2022-11-08 19:32:34;-36,79999;-73,05879;24,6;88,8;7461,6;0;0;0;1;;27137;547,1;-10,9;
2022-11-08 19:33:04;-36,79999;-73,05879;24,6;88,8;7461,6;0;0;0;1;;27137;547,1;-10,9;
2022-11-08 19:33:34;-36,79999;-73,05879;24,6;88,9;7461,6;0;0;0;1;;27137;547,1;-10,9;
2022-11-08 19:34:04;-36,79999;-73,05879;24,6;88,9;7461,6;0;0;0;1;;27137;547,1;-10,9;
2022-11-08 19:34:34;-36,79999;-73,05879;24,6;89;7461,6;0;0;0;1;;27137;547,1;-10,9;
2022-11-08 19:35:04;-36,79999;-73,05879;24,6;89;7461,6;0;0;0;1;;27137;547,1;-10,6;
2022-11-08 19:35:34;-36,79999;-73,05879;24,6;89;7461,6;0;0;0;1;;27137;547,1;-10,9;
2022-11-08 19:36:04;-36,79999;-73,05879;24,6;89,1;7461,6;0;0;0;1;;27137;547,1;-10,6;
2022-11-08 19:36:34;-36,79999;-73,05879;24,6;89,1;7461,6;0;0;0;1;;27137;547,1;-10,9;
2022-11-08 19:37:04;-36,79999;-73,05879;24,6;89,2;7461,6;0;0;0;1;;27137;547,1;-10,3;
2022-11-08 19:37:34;-36,79999;-73,05879;24,6;89,2;7461,6;0;0;0;1;;27137;547,1;-10,6;
2022-11-08 19:38:04;-36,79999;-73,05879;24,6;89,3;7461,6;0;0;0;1;;27137;547,1;-10,9;
2022-11-08 19:38:34;-36,79999;-73,05879;24,6;89,3;7461,6;0;0;0;1;;27137;547,1;-10,6;
2022-11-08 19:39:04;-36,79999;-73,05879;24,6;89,3;7461,6;0;0;0;1;;27137;547,1;-11,2;
2022-11-08 19:39:34;-36,79999;-73,05879;24,6;89,4;7461,6;0;0;0;1;;27137;547,1;-10,6;
2022-11-08 19:40:04;-36,79999;-73,05879;24,6;89,4;7461,6;0;0;0;1;;27137;547,1;-11,2;
2022-11-08 19:40:34;-36,79999;-73,05879;24,6;89,5;7461,6;0;0;0;1;;27137;547,1;-10,9;
2022-11-08 19:41:04;-36,79999;-73,05879;24,6;89,5;7461,6;0;0;0;1;;27137;547,1;-10,6;
2022-11-08 19:41:34;-36,79999;-73,05879;24,6;89,5;7461,6;0;0;0;1;;27137;547,1;-10,6;
2022-11-08 19:42:04;-36,79999;-73,05879;24,6;89,6;7461,6;0;0;0;1;;27137;547,1;-10,6;
2022-11-08 19:42:34;-36,79999;-73,05879;24,6;89,6;7461,6;0;0;0;1;;27137;547,1;-10,6;
2022-11-08 19:43:04;-36,79999;-73,05879;24,6;89,7;7461,6;0;0;0;1;;27137;547,1;-10,6;
2022-11-08 19:43:34;-36,79999;-73,05879;24,6;89,7;7461,6;0;0;0;1;;27137;547,1;-10,6;
2022-11-08 19:44:04;-36,79999;-73,05879;24,6;89,8;7461,6;0;0;0;1;;27137;547,1;-11,2;
2022-11-08 19:44:34;-36,79999;-73,05879;24,6;89,8;7461,6;0;0;0;1;;27137;547,1;-11,2;
2022-11-08 19:45:04;-36,79999;-73,05879;24,6;89,8;7461,6;0;0;0;1;;27137;547,1;-10,9;
2022-11-08 19:45:34;-36,79999;-73,05879;24,6;89,9;7461,6;0;0;0;1;;27137;547,1;-10,6;
2022-11-08 19:46:04;-36,79999;-73,05879;24,6;89,9;7461,6;0;0;0;1;;27137;547,1;-10,6;
2022-11-08 19:46:34;-36,79999;-73,05879;24,6;90;7461,6;0;0;0;1;;27137;547,1;-10,6;
2022-11-08 19:47:04;-36,79999;-73,05879;24,6;90;7461,6;0;0;0;1;;27137;547,1;-10,6;
2022-11-08 19:47:34;-36,79999;-73,05879;24,6;90;7461,6;0;0;0;1;;27137;547,1;-10,6;
2022-11-08 19:48:04;-36,79999;-73,05879;24,6;90,1;7461,6;0;0;0;1;;27137;547,1;-10,6;
2022-11-08 19:48:34;-36,79999;-73,05879;24,6;90,1;7461,6;0;0;0;1;;27137;547,1;-10,6;
2022-11-08 19:49:04;-36,79999;-73,05879;24,6;90,2;7461,6;0;0;0;1;;27137;547,1;-10,9;
2022-11-08 19:49:34;-36,79999;-73,05879;24,6;90,2;7461,6;0;0;0;1;;27137;547,1;-10,9;
2022-11-08 19:50:04;-36,79999;-73,05879;24,6;90,3;7461,6;0;0;0;1;;27137;547,1;-11,2;
2022-11-08 19:50:34;-36,79999;-73,05879;24,6;90,3;7461,6;0;0;0;1;;27137;547,1;-10,9;
2022-11-08 19:51:04;-36,79999;-73,05879;24,6;90,3;7461,6;0;0;0;1;;27137;547,1;-10,9;
2022-11-08 19:51:34;-36,79999;-73,05879;24,6;90,4;7461,6;0;0;0;1;;27137;547,1;-10,9;
2022-11-08 19:52:04;-36,79999;-73,05879;24,6;90,4;7461,6;0;0;0;1;;27137;547,1;-10,6;
2022-11-08 19:52:34;-36,79999;-73,05879;24,6;90,5;7461,6;0;0;0;1;;27137;547,1;-10,9;
2022-11-08 19:53:04;-36,79999;-73,05879;24,6;90,5;7461,6;0;0;0;1;;27137;547,1;-10,9;
2022-11-08 19:53:34;-36,79999;-73,05879;24,6;90,6;7461,6;0;0;0;1;;27137;547,1;-10,9;
2022-11-08 19:54:04;-36,79999;-73,05879;24,6;90,6;7461,6;0;0;0;1;;27137;547,1;-10,6;
2022-11-08 19:54:34;-36,79999;-73,05879;24,6;90,6;7461,6;0;0;0;1;;27137;547,1;-10,6;
2022-11-08 19:55:04;-36,79999;-73,05879;24,6;90,7;7461,6;0;0;0;1;;27137;547,1;-10,9;
2022-11-08 19:55:34;-36,79999;-73,05879;24,6;90,7;7461,6;0;0;0;1;;27137;547,1;-11,2;
2022-11-08 19:56:04;-36,79999;-73,05879;24,6;90,8;7461,6;0;0;0;1;;27137;547,1;-10,6;
2022-11-08 19:56:34;-36,79999;-73,05879;24,6;90,8;7461,6;0;0;0;1;;27137;547,1;-10,9;
2022-11-08 19:57:04;-36,79999;-73,05879;24,6;90,8;7461,6;0;0;0;1;;27137;547,1;-10,6;
2022-11-08 19:57:34;-36,79999;-73,05879;24,6;90,9;7461,6;0;0;0;1;;27137;547,1;-10,6;
2022-11-08 19:58:04;-36,79999;-73,05879;24,6;90,9;7461,6;0;0;0;1;;27137;547,1;-11,2;
2022-11-08 19:58:34;-36,79999;-73,05879;24,6;91;7461,6;0;0;0;1;;27137;547,1;-10,9;
2022-11-08 19:59:04;-36,79999;-73,05879;24,6;91;7461,6;0;0;0;1;;27137;547,1;-10,6;
2022-11-08 19:59:34;-36,79999;-73,05879;24,6;91,1;7461,6;0;0;0;1;;27137;547,6;-10,9;
2022-11-08 20:00:04;-36,79999;-73,05879;24,6;91,1;7461,6;0;0;0;1;;27137;547,6;-10,9;
2022-11-08 20:00:34;-36,79999;-73,05879;24,6;91,1;7461,6;0;0;0;1;;27137;547,6;-10,9;
2022-11-08 20:01:04;-36,79999;-73,05879;24,6;91,2;7461,6;0;0;0;1;;27137;547,1;-10,6;
2022-11-08 20:01:34;-36,79999;-73,05879;24,6;91,2;7461,6;0;0;0;1;;27137;547,1;-10,6;
2022-11-08 20:02:04;-36,79999;-73,05879;24,6;91,3;7461,6;0;0;0;1;;27137;547,1;-10,6;
2022-11-08 20:02:34;-36,79999;-73,05879;24,6;91,3;7461,6;0;0;0;1;;27137;547,1;-10,6;
2022-11-08 20:03:04;-36,79999;-73,05879;24,6;91,4;7461,6;0;0;0;1;;27137;547,1;-10,6;
2022-11-08 20:03:34;-36,79999;-73,05879;24,6;91,4;7461,6;0;0;0;1;;27137;547,1;-10,3;
2022-11-08 20:04:04;-36,79999;-73,05879;24,6;91,4;7461,6;0;0;0;1;;27137;547,6;-10,6;
2022-11-08 20:04:34;-36,79999;-73,05879;24,6;91,5;7461,6;0;0;0;1;;27137;547,6;-10,3;
2022-11-08 20:05:04;-36,79999;-73,05879;24,6;91,5;7461,6;0;0;0;1;;27137;547,6;-10,9;
2022-11-08 20:05:34;-36,79999;-73,05879;24,6;91,6;7461,6;0;0;0;1;;27137;547,6;-11,2;
2022-11-08 20:06:04;-36,79999;-73,05879;24,6;91,6;7461,6;0;0;0;1;;27137;547,6;-10,6;
2022-11-08 20:06:34;-36,79999;-73,05879;24,6;91,6;7461,6;0;0;0;1;;27137;547,6;-10,6;
2022-11-08 20:07:04;-36,79999;-73,05879;24,6;91,7;7461,6;0;0;0;1;;27137;547,6;-10,9;
2022-11-08 20:07:34;-36,79999;-73,05879;24,6;91,7;7461,6;0;0;0;1;;27137;547,6;-10,6;
2022-11-08 20:08:04;-36,79999;-73,05879;24,6;91,8;7461,6;0;0;0;1;;27137;547,6;-10,3;
2022-11-08 20:08:34;-36,79999;-73,05879;24,6;91,8;7461,6;0;0;0;1;;27137;547,6;-10,6;
2022-11-08 20:09:04;-36,79999;-73,05879;24,6;91,8;7461,6;0;0;0;1;;27137;547,6;-10,3;
2022-11-08 20:09:34;-36,79999;-73,05879;24,6;91,9;7461,6;0;0;0;1;;27137;547,6;-10,3;
2022-11-08 20:10:04;-36,79999;-73,05879;24,6;91,9;7461,6;0;0;0;1;;27137;547,6;-10,9;
2022-11-08 20:10:34;-36,79999;-73,05879;24,6;92;7461,6;0;0;0;1;;27137;547,6;-10,3;
2022-11-08 20:11:04;-36,79999;-73,05879;24,6;92;7461,6;0;0;0;1;;27137;547,6;-11,2;
2022-11-08 20:11:34;-36,79999;-73,05879;24,6;92;7461,6;0;0;0;1;;27137;547,6;-10,9;
2022-11-08 20:12:04;-36,79999;-73,05879;24,6;92,1;7461,6;0;0;0;1;;27137;547,6;-10,9;
2022-11-08 20:12:34;-36,79999;-73,05879;24,6;92,1;7461,6;0;0;0;1;;27137;547,6;-11,2;
2022-11-08 20:13:04;-36,79999;-73,05879;24,6;92,2;7461,6;0;0;0;1;;27137;547,6;-10,6;
2022-11-08 20:13:34;-36,79999;-73,05879;24,6;92,2;7461,6;0;0;0;1;;27137;547,6;-10,6;
2022-11-08 20:14:04;-36,79999;-73,05879;24,6;92,3;7461,6;0;0;0;1;;27137;547,6;-10,6;
2022-11-08 20:14:34;-36,79999;-73,05879;24,6;92,3;7461,6;0;0;0;1;;27137;547,6;-11,2;
2022-11-08 20:15:04;-36,79999;-73,05879;24,6;92,3;7461,6;0;0;0;1;;27137;547,6;-10,6;
2022-11-08 20:15:34;-36,79999;-73,05879;24,6;92,4;7461,6;0;0;0;1;;27137;547,6;-10,9;
2022-11-08 20:16:04;-36,79999;-73,05879;24,6;92,4;7461,6;0;0;0;1;;27137;547,6;-10,9;
2022-11-08 20:16:34;-36,79999;-73,05879;24,6;92,5;7461,6;0;0;0;1;;27137;548,1;-11,2;
2022-11-08 20:17:04;-36,79999;-73,05879;24,6;92,5;7461,6;0;0;0;1;;27137;548,1;-10,6;
2022-11-08 20:17:34;-36,79999;-73,05879;24,6;92,6;7461,6;0;0;0;1;;27137;548,1;-11,2;
2022-11-08 20:18:04;-36,79999;-73,05879;24,6;92,6;7461,6;0;0;0;1;;27137;548,1;-10,9;
2022-11-08 20:18:34;-36,79999;-73,05879;24,6;92,6;7461,6;0;0;0;1;;27137;548,1;-10,9;
2022-11-08 20:19:04;-36,79999;-73,05879;24,6;92,7;7461,6;0;0;0;1;;27137;548,1;-11,2;
2022-11-08 20:19:34;-36,79999;-73,05879;24,6;92,7;7461,6;0;0;0;1;;27137;548,1;-10,6;
2022-11-08 20:20:04;-36,79999;-73,05879;24,6;92,8;7461,6;0;0;0;1;;27137;548,1;-10,6;
2022-11-08 20:20:34;-36,79999;-73,05879;24,6;92,8;7461,6;0;0;0;1;;27137;548,1;-11,2;
2022-11-08 20:21:04;-36,79999;-73,05879;24,6;92,9;7461,6;0;0;0;1;;27137;548,1;-11,2;
2022-11-08 20:21:34;-36,79999;-73,05879;24,6;92,9;7461,6;0;0;0;1;;27137;548,1;-10,6;
2022-11-08 20:22:04;-36,79999;-73,05879;24,6;92,9;7461,6;0;0;0;1;;27137;548,1;-10,6;
2022-11-08 20:22:34;-36,79999;-73,05879;24,6;93;7461,6;0;0;0;1;;27137;548,1;-10,9;
2022-11-08 20:23:04;-36,79999;-73,05879;24,6;93;7461,6;0;0;0;1;;27137;548,1;-10,9;
2022-11-08 20:23:34;-36,79999;-73,05879;24,6;93,1;7461,6;0;0;0;1;;27137;548,1;-10,9;
2022-11-08 20:24:04;-36,79999;-73,05879;24,6;93,1;7461,6;0;0;0;1;;27137;548,1;-10,9;
2022-11-08 20:24:34;-36,79999;-73,05879;24,6;93,1;7461,6;0;0;0;1;;27137;548,1;-10,6;
2022-11-08 20:25:04;-36,79999;-73,05879;24,6;93,2;7461,6;0;0;0;1;;27137;548,1;-10,9;
2022-11-08 20:25:34;-36,79999;-73,05879;24,6;93,2;7461,6;0;0;0;1;;27137;548,1;-10,6;
2022-11-08 20:26:04;-36,79999;-73,05879;24,6;93,3;7461,6;0;0;0;1;;27137;548,6;-10,9;
2022-11-08 20:26:34;-36,79999;-73,05879;24,6;93,3;7461,6;0;0;0;1;;27137;548,6;-10,9;
2022-11-08 20:27:04;-36,79999;-73,05879;24,6;93,4;7461,6;0;0;0;1;;27137;548,6;-10,9;
2022-11-08 20:27:34;-36,79999;-73,05879;24,6;93,4;7461,6;0;0;0;1;;27137;548,6;-10,9;
2022-11-08 20:28:04;-36,79999;-73,05879;24,6;93,4;7461,6;0;0;0;1;;27137;548,6;-10,9;
2022-11-08 20:28:34;-36,79999;-73,05879;24,6;93,5;7461,6;0;0;0;1;;27137;548,6;-10,6;
2022-11-08 20:29:04;-36,79999;-73,05879;24,6;93,5;7461,6;0;0;0;1;;27137;548,6;-10,6;
2022-11-08 20:29:34;-36,79999;-73,05879;24,6;93,6;7461,6;0;0;0;1;;27137;548,6;-10,6;
2022-11-08 20:30:04;-36,79999;-73,05879;24,6;93,6;7461,6;0;0;0;1;;27137;548,6;-10,9;
2022-11-08 20:30:34;-36,79999;-73,05879;24,6;93,6;7461,6;0;0;0;1;;27137;548,6;-10,6;
2022-11-08 20:31:04;-36,79999;-73,05879;24,6;93,7;7461,6;0;0;0;1;;27137;548,6;-10,9;
2022-11-08 20:31:34;-36,79999;-73,05879;24,6;93,7;7461,6;0;0;0;1;;27137;549,1;-10,9;
2022-11-08 20:32:04;-36,79999;-73,05879;24,6;93,8;7461,6;0;0;0;1;;27137;549,1;-10,6;
2022-11-08 20:32:34;-36,79999;-73,05879;24,6;93,8;7461,6;0;0;0;1;;27137;549,1;-10,6;
2022-11-08 20:33:04;-36,79999;-73,05879;24,6;93,9;7461,6;0;0;0;1;;27137;549,1;-10,6;
2022-11-08 20:33:34;-36,79999;-73,05879;24,6;93,9;7461,6;0;0;0;1;;27137;549,1;-10,9;
2022-11-08 20:34:04;-36,79999;-73,05879;24,6;93,9;7461,6;0;0;0;1;;27137;549,1;-10,6;
2022-11-08 20:34:34;-36,79999;-73,05879;24,6;94;7461,6;0;0;0;1;;27137;549,1;-10,9;
2022-11-08 20:35:04;-36,79999;-73,05879;24,6;94;7461,6;0;0;0;1;;27137;549,1;-10,6;
2022-11-08 20:35:34;-36,79999;-73,05879;24,6;94,1;7461,6;0;0;0;1;;27137;549,1;-11,2;
2022-11-08 20:36:04;-36,79999;-73,05879;24,6;94,1;7461,6;0;0;0;1;;27137;549,1;-10,9;
2022-11-08 20:36:34;-36,79999;-73,05879;24,6;94,2;7461,6;0;0;0;1;;27137;549,1;-10,6;
2022-11-08 20:37:04;-36,79999;-73,05879;24,6;94,2;7461,6;0;0;0;1;;27137;549,6;-10,6;
2022-11-08 20:37:34;-36,79999;-73,05879;24,6;94,2;7461,6;0;0;0;1;;27137;549,6;-10,9;
2022-11-08 20:38:04;-36,79999;-73,05879;24,6;94,3;7461,6;0;0;0;1;;27137;549,6;-10,6;
2022-11-08 20:38:34;-36,79999;-73,05879;24,6;94,3;7461,6;0;0;0;1;;27137;549,6;-10,6;
2022-11-08 20:39:04;-36,79999;-73,05879;24,6;94,4;7461,6;0;0;0;1;;27137;549,6;-10,9;
2022-11-08 20:39:34;-36,79999;-73,05879;24,6;94,4;7461,6;0;0;0;1;;27137;549,6;-10,6;
2022-11-08 20:40:04;-36,79999;-73,05879;24,6;94,4;7461,6;0;0;0;1;;27137;549,6;-10,6;
2022-11-08 20:40:34;-36,79999;-73,05879;24,6;94,5;7461,6;0;0;0;1;;27137;550,1;-10,3;
2022-11-08 20:41:04;-36,79999;-73,05879;24,6;94,5;7461,6;0;0;0;1;;27137;550,1;-10,9;
2022-11-08 20:41:34;-36,79999;-73,05879;24,6;94,6;7461,6;0;0;0;1;;27137;550,1;-11,2;
2022-11-08 20:42:04;-36,79999;-73,05879;24,6;94,6;7461,6;0;0;0;1;;27137;550,1;-10,6;
2022-11-08 20:42:34;-36,79999;-73,05879;24,6;94,7;7461,6;0;0;0;1;;27137;550,1;-10,6;
2022-11-08 20:43:04;-36,79999;-73,05879;24,6;94,7;7461,6;0;0;0;1;;27137;550,1;-10,9;
2022-11-08 20:43:34;-36,79999;-73,05879;24,6;94,7;7461,6;0;0;0;1;;27137;550,7;-10,9;
2022-11-08 20:44:04;-36,79999;-73,05879;24,6;94,8;7461,6;0;0;0;1;;27137;550,7;-10,6;
2022-11-08 20:44:34;-36,79999;-73,05879;24,6;94,8;7461,6;0;0;0;1;;27137;550,7;-10,6;
2022-11-08 20:45:04;-36,79999;-73,05879;24,6;94,9;7461,6;0;0;0;1;;27137;550,7;-11,2;
2022-11-08 20:45:34;-36,79999;-73,05879;24,6;94,9;7461,6;0;0;0;1;;27137;550,7;-10,6;
2022-11-08 20:46:04;-36,79999;-73,05879;24,6;95;7461,6;0;0;0;1;;27137;551,2;-10,6;
2022-11-08 20:46:34;-36,79999;-73,05879;24,6;95;7461,6;0;0;0;1;;27137;551,2;-11,2;
2022-11-08 20:47:04;-36,79999;-73,05879;24,6;95;7461,6;0;0;0;1;;27137;551,2;-10,6;
2022-11-08 20:47:34;-36,79999;-73,05879;24,6;95,1;7461,6;0;0;0;1;;27137;551,2;-10,6;
2022-11-08 20:48:04;-36,79999;-73,05879;24,6;95,1;7461,6;0;0;0;1;;27137;551,7;-10,9;
2022-11-08 20:48:34;-36,79999;-73,05879;24,6;95,2;7461,6;0;0;0;1;;27137;551,7;-10,9;
2022-11-08 20:49:04;-36,79999;-73,05879;24,6;95,2;7461,6;0;0;0;1;;27137;551,7;-10,6;
2022-11-08 20:49:34;-36,79999;-73,05879;24,6;95,3;7461,6;0;0;0;1;;27137;552,2;-10,6;
2022-11-08 20:50:04;-36,79999;-73,05879;24,6;95,3;7461,6;0;0;0;1;;27137;552,2;-10,9;
2022-11-08 20:50:34;-36,79999;-73,05879;24,6;95,3;7461,6;0;0;0;1;;27137;552,2;-10,3;
2022-11-08 20:51:04;-36,79999;-73,05879;24,6;95,4;7461,6;0;0;0;1;;27137;552,2;-10,6;
2022-11-08 20:51:34;-36,79999;-73,05879;24,6;95,4;7461,6;0;0;0;1;;27137;552,7;-10,3;
2022-11-08 20:52:04;-36,79999;-73,05879;24,6;95,5;7461,6;0;0;0;1;;27137;552,7;-10,9;
2022-11-08 20:52:34;-36,79999;-73,05879;24,6;95,5;7461,6;0;0;0;1;;27137;553,2;-10,9;
2022-11-08 20:53:04;-36,79999;-73,05879;24,6;95,5;7461,6;0;0;0;1;;27137;553,2;-10,6;
2022-11-08 20:53:34;-36,79999;-73,05879;24,6;95,6;7461,6;0;0;0;1;;27137;553,7;-10,9;
2022-11-08 20:54:04;-36,79999;-73,05879;24,6;95,6;7461,6;0;0;0;1;;27137;553,7;-10,9;
2022-11-08 20:54:34;-36,79999;-73,05879;24,6;95,7;7461,6;0;0;0;1;;27137;554,2;-10,9;
2022-11-08 20:55:04;-36,79999;-73,05879;24,6;95,7;7461,6;0;0;0;1;;27137;554,2;-10,6;
2022-11-08 20:55:34;-36,79999;-73,05879;24,6;95,7;7461,6;0;0;0;1;;27137;554,8;-10,3;
2022-11-08 20:56:04;-36,79999;-73,05879;24,6;95,8;7461,6;0;0;0;1;;27137;554,8;-10,9;
2022-11-08 20:56:34;-36,79999;-73,05879;24,6;95,8;7461,6;0;0;0;1;;27137;555,3;-10,3;
2022-11-08 20:57:04;-36,79999;-73,05879;24,6;95,9;7461,6;0;0;0;1;;27137;555,8;-10,3;
2022-11-08 20:57:34;-36,79999;-73,05879;24,6;95,9;7461,6;0;0;0;1;;27137;556,3;-10,9;
2022-11-08 20:58:04;-36,79999;-73,05879;24,6;96;7461,6;0;0;0;1;;27137;556,8;-10,6;
2022-11-08 20:58:34;-36,79999;-73,05879;24,6;96;7461,6;0;0;0;1;;27137;557,3;-10,9;
2022-11-08 20:59:04;-36,79999;-73,05879;24,6;96;7461,6;0;0;0;1;;27137;557,8;-10,3;
2022-11-08 20:59:34;-36,79999;-73,05879;24,6;96,1;7461,6;0;0;0;1;;27137;558,3;-10,9;
2022-11-08 21:00:04;-36,79999;-73,05879;24,6;96,1;7461,6;0;0;0;1;;27137;559,4;-10,6;
2022-11-08 21:00:34;-36,79999;-73,05879;24,6;96,2;7461,6;0;0;0;1;;27137;560,4;-10,3;
2022-11-08 21:01:04;-36,79999;-73,05879;24,6;96,2;7461,6;0;0;0;1;;27137;560,9;-10,9;
2022-11-08 21:01:34;-36,79999;-73,05879;24,6;98,6;7461,6;0;0;0;1;;27137;562,4;-10,3;
