fecha_hora;lat;lon;altitud;SOC;odometro;vel;AC;calefaccion;cargando;km_restantes;carga_bat_aux;voltaje;corriente;rpm
2022-11-28 08:23:19;-36,79998;-73,05879;28,6;100;8992;0;0;0;1;;25053;544;0;
2022-11-28 08:25:22;-36,80023;-73,05871;28,6;100;8992;0;0;0;0;;24922;544,5;2;
2022-11-28 08:25:52;-36,80023;-73,05871;40,4;100;8992;8;0;0;0;;24791;543,5;6,1;
2022-11-28 08:26:22;-36,79979;-73,05844;28,5;100;8992,1;0;0;0;0;;27005;544;1,4;
2022-11-28 08:26:52;-36,79979;-73,05844;28,5;100;8992,1;0;0;0;0;;27005;544;1,4;
2022-11-28 08:27:22;-36,79979;-73,05844;28,5;100;8992,1;0;0;0;0;;27005;543,5;1,4;
2022-11-28 08:27:52;-36,79979;-73,05844;28,5;100;8992,1;0;0;0;0;;27005;543,5;1,4;
2022-11-28 08:28:22;-36,79979;-73,05844;28,5;100;8992,1;0;0;0;0;;27005;543,5;1,4;
2022-11-28 08:28:52;-36,79978;-73,05843;21,5;99,9;8992,2;31;0;0;0;;27005;540,9;1,7;
2022-11-28 08:29:22;-36,80089;-73,05696;22,2;99,9;8992,3;11;0;0;0;;27005;541,4;2;
2022-11-28 08:29:52;-36,80089;-73,05696;23,1;99,9;8992,3;0;0;0;0;;27005;541,4;1,4;
2022-11-28 08:30:22;-36,80123;-73,05669;21,5;99,8;8992,4;37;0;0;0;;27005;538,4;0,9;
2022-11-28 08:30:52;-36,80336;-73,05538;12,1;99,7;8992,6;22;0;0;0;;27137;537,9;1,1;
2022-11-28 08:31:22;-36,80336;-73,05538;1,6;99,7;8992,7;0;0;0;0;;27005;537,9;1,4;
2022-11-28 08:31:52;-36,80399;-73,05504;4,1;99,6;8992,8;33;0;0;0;;27137;535,8;1,1;
2022-11-28 08:32:22;-36,80171;-73,05605;12;99,5;8993;0;0;0;0;;27137;535,8;1,4;
2022-11-28 08:32:52;-36,80171;-73,05605;18,2;99,3;8993,2;53;0;0;0;;27005;520,2;161,7;
2022-11-28 08:33:22;-36,79949;-73,05786;27,3;98,8;8993,7;79;0;0;0;;27137;529,7;12,7;
2022-11-28 08:33:52;-36,79536;-73,06656;8,7;98,6;8994,4;88;0;0;0;;27005;524,5;47,9;
2022-11-28 08:34:22;-36,79536;-73,06656;7,5;98,3;8995,1;88;0;0;0;;27005;530,2;8,3;
2022-11-28 08:34:52;-36,78691;-73,07252;12,4;98,1;8995,7;68;0;0;0;;27005;530,7;2,5;
2022-11-28 08:35:22;-36,7841;-73,08106;6,4;97,7;8996,4;89;0;0;0;;27005;521,2;112;
2022-11-28 08:35:52;-36,7841;-73,08106;8,6;97,2;8997,1;88;0;0;0;;27005;529,2;8;
2022-11-28 08:36:22;-36,78114;-73,09268;13,1;97,2;8997,7;54;0;0;0;;27137;532,2;1,1;
2022-11-28 08:36:52;-36,77958;-73,09914;11,7;97;8998;57;0;0;0;;26874;519,2;140,6;
2022-11-28 08:37:22;-36,77958;-73,09914;5,7;96,9;8998,5;16;0;0;0;;27005;533,8;1,4;
2022-11-28 08:37:52;-36,77805;-73,10462;7;96,9;8998,5;8;0;0;0;;27005;534,3;1,4;
2022-11-28 08:38:22;-36,77758;-73,10442;7,8;96,9;8998,5;0;0;0;0;;27005;534,8;1,4;
2022-11-28 08:38:52;-36,77758;-73,10442;7,8;96,9;8998,5;0;0;0;0;;27005;535,3;1,4;
2022-11-28 08:39:22;-36,77758;-73,10442;7,8;96,9;8998,5;0;0;0;0;;27137;535,3;1,4;
2022-11-28 08:39:52;-36,77758;-73,10442;7,8;96,9;8998,5;0;0;0;0;;27137;535,3;1,4;
2022-11-28 08:40:22;-36,77758;-73,10442;7,8;96,9;8998,5;0;0;0;0;;27137;535,8;1,4;
2022-11-28 08:40:52;-36,77758;-73,10442;7,8;96,9;8998,5;0;0;0;0;;27137;535,8;1,4;
2022-11-28 08:41:22;-36,77758;-73,10442;7,8;96,9;8998,5;0;0;0;0;;27137;535,8;1,4;
2022-11-28 08:41:52;-36,77758;-73,10442;7,8;96,9;8998,5;0;0;0;0;;27137;535,8;1,4;
2022-11-28 08:42:22;-36,77758;-73,10442;7,8;96,9;8998,5;0;0;0;0;;27137;535,8;1,4;
2022-11-28 08:42:52;-36,77758;-73,10442;7,8;96,9;8998,5;0;0;0;0;;27137;535,8;1,4;
2022-11-28 08:43:22;-36,77758;-73,10442;7,8;96,9;8998,5;0;0;0;0;;27137;536,3;1,4;
2022-11-28 08:43:52;-36,77758;-73,10442;7,8;96,9;8998,5;0;0;0;0;;27137;536,3;1,4;
2022-11-28 08:44:22;-36,77727;-73,10388;1,3;96,8;8998,6;0;0;0;0;;27137;535,8;2;
2022-11-28 09:17:28;-36,77724;-73,10397;1,4;96,8;8998,6;0;0;0;0;;25184;537,3;2,8;
2022-11-28 09:17:58;-36,77724;-73,10397;3,7;96,8;8998,7;0;0;0;0;;25184;537,3;1,4;
2022-11-28 09:18:28;-36,77776;-73,1044;3,7;96,8;8998,7;0;0;0;0;;27005;537,3;1,1;
2022-11-28 09:18:58;-36,77776;-73,1044;3,7;96,8;8998,7;0;0;0;0;;27005;537,3;0,9;
2022-11-28 09:19:28;-36,77776;-73,1044;3,7;96,8;8998,7;0;0;0;0;;27005;537,3;1,1;
2022-11-28 09:19:58;-36,77776;-73,1044;3,7;96,8;8998,7;0;0;0;0;;27005;537,3;1,1;
2022-11-28 09:20:25;-36,77776;-73,1044;3,7;96,8;8998,7;0;0;0;0;;27005;537,3;0,9;
2022-11-28 09:20:58;-36,77776;-73,1044;3,7;96,8;8998,7;0;0;0;0;;27005;537,3;0,9;
2022-11-28 09:21:28;-36,77776;-73,1044;3,7;96,8;8998,7;0;0;0;0;;27005;537,3;1,1;
2022-11-28 09:21:58;-36,77776;-73,1044;3,7;96,8;8998,7;0;0;0;0;;27005;537,3;0,9;
2022-11-28 09:22:28;-36,77776;-73,1044;3,7;96,8;8998,7;0;0;0;0;;27005;537,3;1,1;
2022-11-28 09:22:58;-36,77776;-73,1044;3,7;96,8;8998,7;0;0;0;0;;27005;537,3;1,1;
2022-11-28 09:23:28;-36,77776;-73,1044;3,7;96,8;8998,7;0;0;0;0;;27005;537,3;0,9;
2022-11-28 09:23:58;-36,77776;-73,1044;3,7;96,8;8998,7;0;0;0;0;;27005;537,3;1,1;
2022-11-28 09:24:28;-36,77776;-73,1044;3,7;96,8;8998,7;0;0;0;0;;27005;537,3;1,1;
2022-11-28 09:24:58;-36,77776;-73,1044;3,7;96,8;8998,7;0;0;0;0;;27005;537,3;1,1;
2022-11-28 09:25:28;-36,77776;-73,1044;3,7;96,8;8998,7;0;0;0;0;;27005;537,3;1,1;
2022-11-28 09:25:58;-36,77776;-73,1044;3,7;96,8;8998,7;0;0;0;0;;27005;537,3;1,1;
2022-11-28 09:26:28;-36,77776;-73,1044;3,7;96,8;8998,7;0;0;0;0;;27137;537,3;0,9;
2022-11-28 09:26:55;-36,77776;-73,1044;3,7;96,8;8998,7;0;0;0;0;;27137;537,3;1,1;
2022-11-28 09:27:25;-36,77776;-73,1044;3,7;96,8;8998,7;0;0;0;0;;27137;537,3;1,1;
2022-11-28 09:27:58;-36,77776;-73,1044;3,7;96,8;8998,7;0;0;0;0;;27137;537,3;1,1;
2022-11-28 09:28:28;-36,77776;-73,1044;3,7;96,8;8998,7;0;0;0;0;;27005;537,3;1,1;
2022-11-28 09:28:58;-36,77776;-73,1044;3,7;96,8;8998,7;0;0;0;0;;27137;537,3;0,9;
2022-11-28 09:29:25;-36,77776;-73,1044;3,7;96,8;8998,7;0;0;0;0;;27137;537,3;1,1;
2022-11-28 09:29:58;-36,77776;-73,1044;3,7;96,8;8998,7;0;0;0;0;;27137;537,3;1,1;
2022-11-28 09:30:28;-36,77776;-73,1044;3,7;96,8;8998,7;0;0;0;0;;27137;537,3;0,9;
2022-11-28 09:30:58;-36,77776;-73,1044;3,7;96,8;8998,7;0;0;0;0;;27137;537,3;1,1;
2022-11-28 09:31:25;-36,77776;-73,1044;3,7;96,8;8998,7;0;0;0;0;;27137;537,3;0,9;
2022-11-28 09:31:58;-36,77776;-73,1044;3,7;96,8;8998,7;0;0;0;0;;27137;537,3;1,1;
2022-11-28 09:32:28;-36,77776;-73,1044;3,7;96,8;8998,7;0;0;0;0;;27137;537,3;1,1;
2022-11-28 09:32:58;-36,77776;-73,1044;3,7;96,8;8998,7;0;0;0;0;;27137;537,3;1,1;
2022-11-28 09:33:25;-36,77776;-73,1044;3,7;96,7;8998,7;4;0;0;0;;27137;536,3;9,4;
2022-11-28 09:33:58;-36,77792;-73,1046;-0,3;96,7;8998,7;0;0;0;0;;27005;537,3;1,1;
2022-11-28 09:34:28;-36,77792;-73,1046;-0,3;96,7;8998,7;0;0;0;0;;27137;537,3;0,9;
2022-11-28 09:34:58;-36,77792;-73,1046;-0,3;96,7;8998,7;0;0;0;0;;27005;537,3;0,9;
2022-11-28 09:35:25;-36,77792;-73,1046;-0,3;96,7;8998,7;0;0;0;0;;27137;537,3;1,1;
2022-11-28 09:35:58;-36,77792;-73,1046;-0,3;96,7;8998,7;0;0;0;0;;27137;537,3;0,9;
2022-11-28 09:36:28;-36,77792;-73,1046;-0,3;96,6;8998,7;0;0;0;0;;27005;537,3;0,9;
2022-11-28 09:36:58;-36,77792;-73,1046;-0,3;96,6;8998,7;0;0;0;0;;27005;537,3;1,1;
2022-11-28 09:37:28;-36,77792;-73,1046;-0,3;96,6;8998,7;6;0;0;0;;27005;535,8;26,4;
2022-11-28 09:37:55;-36,77803;-73,10464;4,8;96,5;8998,8;43;0;0;0;;27005;521,2;160,1;
2022-11-28 09:38:25;-36,77721;-73,10911;4,5;96,3;8999,2;16;0;0;0;;27137;533,8;23,4;
2022-11-28 09:38:58;-36,77721;-73,10911;2;96,2;8999,4;21;0;0;0;;27005;534,8;-9,2;
2022-11-28 09:39:28;-36,77813;-73,10816;0,1;96,1;8999,6;11;0;0;0;;27137;531,2;55;
2022-11-28 09:39:58;-36,77878;-73,1053;-1,6;96;8999,8;3;0;0;0;;27137;534,3;1,1;
2022-11-28 09:40:25;-36,77878;-73,1053;-1;96;8999,8;0;0;0;0;;27137;535,3;1,1;
2022-11-28 09:40:55;-36,77843;-73,10516;-0,5;95,8;8999,9;45;0;0;0;;27005;519,7;168,6;
2022-11-28 09:41:25;-36,77951;-73,1001;5;95,5;9000,3;30;0;0;0;;27137;534,8;-29,3;
2022-11-28 09:41:55;-36,77951;-73,1001;5,4;95,5;9000,4;30;0;0;0;;27005;521,7;153,2;
2022-11-28 09:42:25;-36,7801;-73,09765;2,6;95,1;9000,8;72;0;0;0;;27137;519,2;146,9;
2022-11-28 09:42:55;-36,78209;-73,08929;5,3;94,7;9001,4;77;0;0;0;;27005;519,2;148,8;
2022-11-28 09:43:25;-36,78209;-73,08929;-2,2;94,4;9002,1;83;0;0;0;;27137;537,3;-86,5;
2022-11-28 09:43:55;-36,78475;-73,07857;-1,2;94,4;9002,6;53;0;0;0;;27137;537,3;-43,9;
2022-11-28 09:44:28;-36,78856;-73,07227;0,9;94;9003,2;76;0;0;0;;27005;517,1;179,1;
2022-11-28 09:44:58;-36,78856;-73,07227;3,7;93,6;9003,8;79;0;0;0;;27137;527,6;54,2;
2022-11-28 09:45:28;-36,79559;-73,06622;20,5;93,3;9004,4;64;0;0;0;;27137;516,6;183,2;
2022-11-28 09:45:58;-36,79947;-73,05815;11,6;93,2;9004,9;64;0;0;0;;27137;518,1;179,1;
2022-11-28 09:46:28;-36,79947;-73,05815;17,8;92,5;9005,6;88;0;0;0;;27137;516,1;171,1;
2022-11-28 09:46:58;-36,79898;-73,0474;11,1;92,4;9006,2;84;0;0;0;;27137;517,6;175,8;
2022-11-28 09:47:28;-36,80438;-73,03923;15,5;92,1;9006,9;70;0;0;0;;27137;536,8;-80,2;
2022-11-28 09:47:58;-36,80438;-73,03923;6,7;91,8;9007,6;88;0;0;0;;27137;526,6;57,2;
2022-11-28 09:48:28;-36,80927;-73,0299;1,1;91,6;9008,3;59;0;0;0;;27137;539,4;-82,7;
2022-11-28 09:48:58;-36,81406;-73,02222;0,7;91,6;9008,7;19;0;0;0;;27137;534,8;-7,9;
2022-11-28 09:49:28;-36,81406;-73,02222;0,4;91,6;9008,7;0;0;0;0;;27137;534,8;0,9;
2022-11-28 09:49:55;-36,81457;-73,02147;0,4;91,6;9008,7;0;0;0;0;;27137;535,3;0,9;
2022-11-28 09:50:28;-36,81457;-73,02147;0,4;91,6;9008,7;0;0;0;0;;27137;535,3;0,9;
2022-11-28 09:50:58;-36,81457;-73,02147;0,4;91,6;9008,7;0;0;0;0;;27137;535,3;0,9;
2022-11-28 09:51:28;-36,81457;-73,02147;0,4;91,6;9008,7;0;0;0;0;;27137;535,8;0,9;
2022-11-28 09:51:55;-36,81457;-73,02147;0,4;91,6;9008,7;0;0;0;0;;27137;535,8;0,9;
2022-11-28 09:52:25;-36,81457;-73,02147;0,4;91,6;9008,7;0;0;0;0;;27137;535,8;0,9;
2022-11-28 09:52:55;-36,81457;-73,02147;0,9;91,5;9008,8;28;0;0;0;;27137;533,2;19,8;
2022-11-28 09:53:25;-36,81647;-73,0183;4,1;91,3;9009,2;34;0;0;0;;27137;536,3;-22,4;
2022-11-28 09:53:55;-36,81647;-73,0183;2,4;91,2;9009,4;48;0;0;0;;27137;528,1;66,3;
2022-11-28 09:54:25;-36,81609;-73,01837;0,9;90,8;9010;73;0;0;0;;27137;521,2;163,4;
2022-11-28 09:54:55;-36,81168;-73,02562;1,2;90,9;9010,4;16;0;0;0;;27137;535,3;-1;
2022-11-28 09:55:25;-36,81168;-73,02562;0,9;90,8;9010,5;11;0;0;0;;27137;533,2;52,8;
2022-11-28 09:55:58;-36,81002;-73,02646;2,2;90,4;9010,9;58;0;0;0;;27137;527,1;74,6;
2022-11-28 09:56:28;-36,80434;-73,02472;3,1;90,3;9011,4;58;0;0;0;;27137;534,3;12,1;
2022-11-28 09:56:55;-36,80434;-73,02472;-0,9;90,2;9011,9;44;0;0;0;;27137;534,3;-43,3;
2022-11-28 09:57:25;-36,79841;-73,02568;-3,4;90,1;9012,2;48;0;0;0;;27137;533,2;-62,3;
2022-11-28 09:57:55;-36,79326;-73,0253;-4,5;90,1;9012,6;14;0;0;0;;27137;535,8;0,6;
2022-11-28 09:58:25;-36,79326;-73,0253;-3,3;89,9;9012,8;45;0;0;0;;27005;532,2;11;
2022-11-28 09:58:55;-36,7897;-73,02418;-1,5;89,9;9013,1;0;0;0;0;;27137;535,3;1,1;
2022-11-28 09:59:25;-36,78818;-73,02352;-3;89,9;9013,1;32;0;0;0;;27005;527,6;84,7;
2022-11-28 09:59:55;-36,78818;-73,02352;-2,7;89,6;9013,5;57;0;0;0;;27137;536,3;-60,9;
2022-11-28 10:00:28;-36,78354;-73,02151;-2,8;89,5;9014;55;0;0;0;;27137;527,1;118;
2022-11-28 10:00:58;-36,77811;-73,01839;-2,1;89,4;9014,4;55;0;0;0;;27137;530,2;32,8;
2022-11-28 10:01:28;-36,77811;-73,01839;-1,7;89,1;9014,9;61;0;0;0;;27137;524,5;150,5;
2022-11-28 10:01:58;-36,77214;-73,01469;0,6;89,2;9015,3;11;0;0;0;;27137;535,3;1,7;
2022-11-28 10:02:28;-36,76995;-73,01355;1,1;89,1;9015,3;0;0;0;0;;27137;535,3;3,6;
2022-11-28 10:02:58;-36,76995;-73,01355;7;89;9015,5;27;0;0;0;;27137;533,8;7,5;
2022-11-28 10:03:28;-36,76802;-73,01253;10,2;88,7;9015,8;52;0;0;0;;27137;523,3;119,7;
2022-11-28 10:03:55;-36,76345;-73,00898;13,9;88,4;9016,3;60;0;0;0;;27137;534,8;-69,2;
2022-11-28 10:04:25;-36,76345;-73,00898;23;88,1;9016,7;57;0;0;0;;27137;534,8;-60,4;
2022-11-28 10:04:55;-36,75812;-73,00449;36,1;87,9;9017,2;51;0;0;0;;27137;525,1;92,4;
2022-11-28 10:05:25;-36,75534;-72,99846;54,1;87,5;9017,6;60;0;0;0;;27137;521,7;108,1;
2022-11-28 10:05:55;-36,75534;-72,99846;65,4;87,3;9018;33;0;0;0;;27137;534,3;-22,2;
2022-11-28 10:06:28;-36,75482;-72,99237;59,5;87,1;9018,4;50;0;0;0;;27137;516,6;191,2;
2022-11-28 10:06:58;-36,75099;-72,99241;71,2;86,9;9018,7;51;0;0;0;;27137;535,8;-55,7;
2022-11-28 10:07:28;-36,75099;-72,99241;48,9;87;9019,2;72;0;0;0;;27137;540,4;-87,6;
2022-11-28 10:07:55;-36,745;-72,98959;30,6;86,9;9019,9;74;0;0;0;;27137;522,8;144,7;
2022-11-28 10:08:25;-36,73742;-72,98544;34;86,5;9020,5;62;0;0;0;;27137;537,3;-74,1;
2022-11-28 10:08:58;-36,73742;-72,98544;33;86,3;9021;60;0;0;0;;27137;541,4;-107,7;
2022-11-28 10:09:28;-36,73062;-72,98119;6,7;86,4;9021,6;71;0;0;0;;27005;532,7;45,7;
2022-11-28 10:09:58;-36,72467;-72,9789;5,7;86,5;9021,9;28;0;0;0;;27005;535,3;-13,9;
2022-11-28 10:10:25;-36,72467;-72,9789;17,1;86,3;9022;7;0;0;0;;27137;533,2;3,1;
2022-11-28 10:10:55;-36,72578;-72,97746;35,3;86;9022,2;20;0;0;0;;27137;532,2;-7;
2022-11-28 10:11:25;-36,72695;-72,97789;30,2;86;9022,3;1;0;0;0;;27005;534,3;4,4;
2022-11-28 10:11:55;-36,72695;-72,97789;30,4;86;9022,3;0;1;0;0;;27005;535,3;1,7;
2022-11-28 10:12:25;-36,72698;-72,97782;30,4;86;9022,3;0;1;0;0;;27005;535,8;2;
2022-11-28 10:12:55;-36,72698;-72,97782;30,4;86;9022,3;0;1;0;0;;27005;535,8;2;
2022-11-28 10:13:25;-36,72698;-72,97782;30,4;86;9022,3;0;1;0;0;;27005;535,8;2;
2022-11-28 10:13:55;-36,72698;-72,97782;30,4;86;9022,3;0;1;0;0;;27005;536,3;2;
2022-11-28 10:14:25;-36,72698;-72,97782;30,4;86;9022,3;0;1;0;0;;27005;536,3;2;
2022-11-28 10:14:55;-36,72698;-72,97782;30,4;86;9022,3;0;1;0;0;;27005;536,3;2;
2022-11-28 10:15:25;-36,72698;-72,97782;30,4;86;9022,3;0;1;0;0;;27005;536,3;2;
2022-11-28 10:15:55;-36,72698;-72,97782;30,4;86;9022,3;0;1;0;0;;27005;536,3;2;
2022-11-28 10:16:25;-36,72698;-72,97782;30,4;85,9;9022,3;6;0;0;0;;27005;534,3;21,2;
2022-11-28 10:16:55;-36,72686;-72,97768;40,2;85,8;9022,4;11;0;0;0;;27005;533,2;15,7;
2022-11-28 10:17:25;-36,72621;-72,97639;29,3;85,7;9022,5;16;0;0;0;;26874;534,8;-4,8;
2022-11-28 10:17:55;-36,72621;-72,97639;32,9;85,5;9022,6;16;0;0;0;;27005;521,7;138,1;
2022-11-28 10:18:28;-36,72635;-72,97501;61,6;85,1;9022,7;9;0;0;0;;27137;529,2;31,1;
2022-11-28 10:18:55;-36,72684;-72,97525;63,9;85,1;9022,7;0;0;0;0;;27137;534,3;2,5;
2022-11-28 10:19:25;-36,72684;-72,97525;63,9;85,1;9022,7;0;0;0;0;;27005;534,8;5;
2022-11-28 10:19:55;-36,72684;-72,97525;63,9;85,1;9022,8;0;0;0;0;;27137;535,8;0,9;
2022-11-28 10:20:25;-36,72684;-72,97525;63,9;85,1;9022,8;0;0;0;0;;27137;536,3;0,9;
2022-11-28 10:20:55;-36,72684;-72,97525;63,9;85,1;9022,8;0;0;0;0;;27137;536,3;0,9;
2022-11-28 10:21:28;-36,72684;-72,97525;63,9;85,1;9022,8;0;0;0;0;;27137;536,3;0,9;
2022-11-28 10:21:58;-36,72684;-72,97525;63,9;85,1;9022,8;0;0;0;0;;27137;536,3;0,9;
2022-11-28 10:22:28;-36,72684;-72,97525;63,9;85,1;9022,8;0;0;0;0;;27137;536,8;0,9;
2022-11-28 10:22:55;-36,72684;-72,97525;63,9;85,1;9022,8;0;0;0;0;;27137;536,8;0,9;
2022-11-28 10:23:25;-36,72684;-72,97525;63,9;85,1;9022,8;0;0;0;0;;27137;536,8;0,9;
2022-11-28 10:23:55;-36,72684;-72,97525;63,9;85,1;9022,8;0;0;0;0;;27137;536,8;0,9;
2022-11-28 10:24:25;-36,72684;-72,97525;63,9;85;9022,8;3;0;0;0;;27137;535,8;2,8;
2022-11-28 10:24:55;-36,72668;-72,975;63,6;85;9022,8;7;0;0;0;;27005;536,8;0,9;
2022-11-28 10:25:28;-36,72668;-72,975;45,5;85;9022,9;0;0;0;0;;27005;536,8;0,6;
2022-11-28 10:25:55;-36,726;-72,97543;45,5;85;9022,9;0;0;0;0;;27137;536,8;0,6;
2022-11-28 10:26:25;-36,726;-72,97543;45,5;85;9022,9;0;0;0;0;;27137;536,8;0,9;
2022-11-28 10:26:55;-36,726;-72,97543;45,5;85;9022,9;0;0;0;0;;27137;536,8;0,9;
2022-11-28 10:27:25;-36,726;-72,97543;45,5;85;9022,9;0;0;0;0;;27137;536,8;0,9;
2022-11-28 10:27:55;-36,726;-72,97543;45,5;85;9022,9;0;0;0;0;;27137;536,8;0,9;
2022-11-28 10:28:25;-36,726;-72,97543;45,5;85;9022,9;0;0;0;0;;27137;536,8;0,6;
2022-11-28 10:28:55;-36,726;-72,97543;45,5;85;9022,9;0;0;0;0;;27137;537,3;0,9;
2022-11-28 10:29:25;-36,726;-72,97543;45,5;85;9022,9;0;0;0;0;;27137;537,3;0,9;
2022-11-28 10:29:55;-36,726;-72,97543;45,5;85;9022,9;0;0;0;0;;27137;537,3;0,9;
2022-11-28 10:30:25;-36,726;-72,97543;45,5;85;9022,9;0;0;0;0;;27137;537,3;0,9;
2022-11-28 10:30:55;-36,726;-72,97543;45,5;85;9022,9;0;0;0;0;;27137;537,3;0,6;
2022-11-28 10:31:25;-36,726;-72,97543;45,5;85;9022,9;0;0;0;0;;27137;537,3;0,6;
2022-11-28 10:31:55;-36,726;-72,97543;45,5;85;9022,9;0;0;0;0;;27137;537,3;0,9;
2022-11-28 10:32:25;-36,726;-72,97543;45,5;85;9022,9;0;0;0;0;;27137;537,3;0,9;
2022-11-28 10:32:55;-36,726;-72,97543;45,5;85;9022,9;0;0;0;0;;27137;537,3;0,9;
2022-11-28 10:33:28;-36,726;-72,97543;46,3;85;9022,9;9;0;0;0;;27137;537,3;1,1;
2022-11-28 10:33:58;-36,72612;-72,97615;36,3;84,9;9023;23;0;0;0;;27137;532,2;49;
2022-11-28 10:34:28;-36,72612;-72,97615;22,4;84,9;9023,2;11;0;0;0;;27137;537,3;0,6;
2022-11-28 10:34:58;-36,72511;-72,97755;13,4;85;9023,3;13;0;0;0;;27005;536,8;6,4;
2022-11-28 10:35:25;-36,72297;-72,97855;25,3;84,4;9023,6;58;0;0;0;;27137;528,6;-49,1;
2022-11-28 10:35:55;-36,72297;-72,97855;35,1;84,3;9023,9;0;0;0;0;;27005;533,2;2;
2022-11-28 10:36:25;-36,7205;-72,97609;34,3;84,2;9024;36;0;0;0;;27005;536,3;-29,6;
2022-11-28 10:36:55;-36,71741;-72,97449;10,1;84,4;9024,4;57;0;0;0;;27005;543;-67,5;
2022-11-28 10:37:28;-36,71741;-72,97449;-2,9;84,4;9024,8;40;0;0;0;;27005;530,2;57,5;
2022-11-28 10:37:55;-36,71243;-72,97385;7,6;84,3;9025;12;0;0;0;;27005;527,1;104,8;
2022-11-28 10:38:28;-36,71163;-72,97292;22,9;83,9;9025,2;18;0;0;0;;27005;529,2;36,3;
2022-11-28 10:38:58;-36,71163;-72,97292;43,7;83,6;9025,3;19;0;0;0;;27005;519,7;153,2;
2022-11-28 10:39:25;-36,71226;-72,97123;67;83,2;9025,5;14;0;0;0;;27005;521,7;119,9;
2022-11-28 10:39:58;-36,71235;-72,96922;79,3;82,9;9025,7;33;0;0;0;;27005;522,2;124,6;
2022-11-28 10:40:28;-36,71235;-72,96922;95,4;82,7;9025,9;0;1;0;0;;27005;531,7;2;
2022-11-28 10:40:55;-36,71225;-72,96634;95,4;82,7;9025,9;0;1;0;0;;27005;533,8;2;
2022-11-28 10:41:25;-36,71225;-72,96634;95,4;82,7;9025,9;0;1;0;0;;27005;534,8;2;
2022-11-28 10:41:58;-36,71225;-72,96634;95,4;82,7;9025,9;0;1;0;0;;27005;535,3;2;
2022-11-28 10:42:28;-36,71225;-72,96634;95,4;82,7;9025,9;0;1;0;0;;27005;535,8;2;
2022-11-28 10:42:55;-36,71225;-72,96634;95,4;82,7;9025,9;0;1;0;0;;27005;535,8;2;
2022-11-28 10:43:25;-36,71225;-72,96634;95,4;82,7;9025,9;0;1;0;0;;27005;536,3;2;
2022-11-28 10:43:55;-36,71225;-72,96634;95,4;82,7;9025,9;0;1;0;0;;27005;536,3;2;
2022-11-28 10:44:25;-36,71225;-72,96634;95,4;82,7;9025,9;0;1;0;0;;27005;536,3;2;
2022-11-28 10:44:55;-36,71225;-72,96634;95,4;82,7;9025,9;0;1;0;0;;27005;536,3;2;
2022-11-28 10:45:25;-36,71225;-72,96634;95,4;82,7;9025,9;0;1;0;0;;27005;536,3;2;
2022-11-28 10:45:55;-36,71225;-72,96634;95,4;82,7;9025,9;0;1;0;0;;27005;536,8;2;
2022-11-28 10:46:25;-36,71225;-72,96634;95,4;82,7;9025,9;0;1;0;0;;27005;536,8;2;
2022-11-28 10:46:55;-36,71225;-72,96634;95,4;82,7;9025,9;0;1;0;0;;27005;536,8;2;
2022-11-28 10:47:25;-36,71225;-72,96634;95,4;82,7;9025,9;0;1;0;0;;27005;536,8;2;
2022-11-28 10:47:55;-36,71225;-72,96634;95,4;82,7;9025,9;0;1;0;0;;27005;536,8;2;
2022-11-28 10:48:25;-36,71225;-72,96634;95,4;82,7;9025,9;0;1;0;0;;27005;536,8;2;
2022-11-28 10:48:55;-36,71225;-72,96634;95,4;82,7;9025,9;0;1;0;0;;27005;536,8;2;
2022-11-28 10:49:25;-36,71225;-72,96634;95,4;82,7;9025,9;0;1;0;0;;27005;536,8;2;
2022-11-28 10:49:55;-36,71225;-72,96634;95,4;82,7;9025,9;0;1;0;0;;27005;536,8;2;
2022-11-28 10:50:25;-36,71225;-72,96634;95,4;82,7;9025,9;0;1;0;0;;27005;536,8;2;
2022-11-28 10:50:55;-36,71225;-72,96634;95,4;82,7;9025,9;0;1;0;0;;27005;536,8;2;
2022-11-28 10:51:25;-36,71225;-72,96634;95,4;82,7;9025,9;0;1;0;0;;27005;536,8;2;
2022-11-28 10:51:55;-36,71225;-72,96634;95,4;82,7;9025,9;0;1;0;0;;27005;536,8;2;
2022-11-28 10:52:25;-36,71225;-72,96634;95,4;82,7;9025,9;0;1;0;0;;27005;536,8;2;
2022-11-28 10:52:55;-36,71225;-72,96634;95,4;82,7;9025,9;0;1;0;0;;27005;536,8;2;
2022-11-28 10:53:25;-36,71225;-72,96634;95,4;82,7;9025,9;0;1;0;0;;27005;536,8;2;
2022-11-28 10:53:55;-36,71225;-72,96634;95,4;82,7;9025,9;0;1;0;0;;27005;537,3;2;
2022-11-28 10:54:25;-36,71225;-72,96634;95,4;82,7;9025,9;0;1;0;0;;27005;537,3;2;
2022-11-28 10:54:55;-36,71225;-72,96634;95,4;82,7;9025,9;0;1;0;0;;27005;537,3;2;
2022-11-28 10:55:25;-36,71225;-72,96634;95,4;82,7;9025,9;0;1;0;0;;27005;537,3;2;
2022-11-28 10:55:55;-36,71225;-72,96634;95,4;82,7;9025,9;0;1;0;0;;27005;537,3;2;
2022-11-28 10:56:25;-36,71225;-72,96634;95,4;82,7;9025,9;0;1;0;0;;27005;537,3;2;
2022-11-28 10:56:55;-36,71225;-72,96634;95,4;82,7;9025,9;0;1;0;0;;27005;537,3;2;
2022-11-28 10:57:25;-36,71225;-72,96634;102;82,3;9026;16;0;0;0;;27005;533,2;23,1;
2022-11-28 10:57:55;-36,71123;-72,96601;109,7;82,2;9026,1;4;0;0;0;;27005;533,8;20,1;
2022-11-28 10:58:25;-36,71123;-72,96601;112,8;82,1;9026,1;0;0;0;0;;27137;535,3;8,6;
2022-11-28 10:58:55;-36,71119;-72,96577;112,8;82,1;9026,2;0;0;0;0;;27005;536,3;0,9;
2022-11-28 10:59:25;-36,71119;-72,96577;112,8;82,1;9026,2;0;0;0;0;;27137;536,8;0,9;
2022-11-28 10:59:55;-36,71119;-72,96577;112,8;82,1;9026,2;0;0;0;0;;27137;536,8;0,9;
2022-11-28 11:00:25;-36,71119;-72,96577;112,8;82,1;9026,2;0;0;0;0;;27137;536,8;0,9;
2022-11-28 11:00:55;-36,71119;-72,96577;112,8;82,1;9026,2;0;0;0;0;;27137;537,3;1,1;
2022-11-28 11:01:25;-36,71119;-72,96577;112,8;82,1;9026,2;0;0;0;0;;27137;537,3;0,9;
2022-11-28 11:01:55;-36,71119;-72,96577;112,8;82,1;9026,2;0;0;0;0;;27137;537,3;0,9;
2022-11-28 11:02:25;-36,71119;-72,96577;112,8;82,1;9026,2;0;0;0;0;;27137;537,3;0,9;
2022-11-28 11:02:55;-36,71119;-72,96577;112,8;82,1;9026,2;0;0;0;0;;27137;537,3;0,9;
2022-11-28 11:03:25;-36,7112;-72,9658;114,8;82;9026,2;4;0;0;0;;26874;536,8;1,7;
2022-11-28 11:03:55;-36,71115;-72,96618;113;82;9026,3;6;0;0;0;;27005;536,8;5,5;
2022-11-28 11:04:25;-36,71115;-72,96618;111,7;82;9026,3;0;1;0;0;;27005;537,3;2,5;
2022-11-28 11:04:55;-36,71119;-72,96631;111,7;82;9026,3;0;1;0;0;;27005;537,3;2;
2022-11-28 11:05:25;-36,71119;-72,96631;111,7;82;9026,3;0;1;0;0;;27005;537,3;2;
2022-11-28 11:05:55;-36,71119;-72,96631;111,7;82;9026,3;0;1;0;0;;27005;537,3;2;
2022-11-28 11:06:25;-36,71119;-72,96631;111,7;82;9026,3;0;1;0;0;;27005;537,3;2;
2022-11-28 11:06:55;-36,71119;-72,96631;111,7;82;9026,3;0;1;0;0;;27005;537,3;2;
2022-11-28 11:07:25;-36,71119;-72,96631;111,7;82;9026,3;0;1;0;0;;27005;537,3;2;
2022-11-28 11:07:55;-36,71119;-72,96631;111,7;82;9026,3;0;1;0;0;;27005;537,3;2;
2022-11-28 11:08:25;-36,71119;-72,96631;111,7;82;9026,3;0;1;0;0;;27005;537,3;2;
2022-11-28 11:08:55;-36,71119;-72,96631;109,6;81,9;9026,3;4;0;0;0;;27005;537,3;2;
2022-11-28 11:09:25;-36,71104;-72,96617;111;81,8;9026,4;11;0;0;0;;27005;530,2;73,5;
2022-11-28 11:09:55;-36,71071;-72,96523;119,7;81,6;9026,6;15;0;0;0;;27137;535,3;-2,4;
2022-11-28 11:10:25;-36,71071;-72,96523;119,3;81,6;9026,6;0;0;0;0;;27137;536,3;0,9;
2022-11-28 11:10:55;-36,71072;-72,96587;119,3;81,6;9026,6;0;0;0;0;;27005;536,8;0,9;
2022-11-28 11:11:25;-36,71072;-72,96587;119,3;81,6;9026,6;0;0;0;0;;27137;536,8;0,9;
2022-11-28 11:11:55;-36,71072;-72,96587;119,3;81,6;9026,6;0;0;0;0;;27137;537,3;0,9;
2022-11-28 11:12:25;-36,71072;-72,96587;119,3;81,6;9026,6;0;0;0;0;;27137;537,3;0,9;
2022-11-28 11:12:55;-36,71072;-72,96587;119,3;81,6;9026,6;0;0;0;0;;27137;537,3;0,9;
2022-11-28 11:13:25;-36,71072;-72,96587;119,3;81,6;9026,6;0;0;0;0;;27137;537,3;1,1;
2022-11-28 11:13:55;-36,71072;-72,96587;119,3;81,6;9026,6;0;0;0;0;;27137;537,3;0,9;
2022-11-28 11:14:25;-36,71072;-72,96587;119,3;81,6;9026,6;0;0;0;0;;27137;537,3;0,9;
2022-11-28 11:14:55;-36,71072;-72,96587;119,3;81,6;9026,6;0;0;0;0;;27005;537,3;0,9;
2022-11-28 11:15:25;-36,71072;-72,96587;121,4;81,6;9026,7;10;0;0;0;;27005;537,3;2;
2022-11-28 11:15:55;-36,71156;-72,96563;102,4;81,6;9026,8;33;0;0;0;;27005;539,4;-25,7;
2022-11-28 11:16:25;-36,71156;-72,96563;82,9;81,7;9027,1;28;0;0;0;;27005;540,9;-21,3;
2022-11-28 11:16:55;-36,71233;-72,96941;68,9;81,7;9027,3;12;0;0;0;;27137;537,9;2;
2022-11-28 11:17:25;-36,71211;-72,97109;57,9;81,7;9027,4;18;0;0;0;;27005;538,4;-9,5;
2022-11-28 11:17:55;-36,71211;-72,97109;33,9;81,7;9027,6;19;0;0;0;;27005;537,3;13,8;
2022-11-28 11:18:25;-36,71205;-72,97252;17,9;81,7;9027,7;18;0;0;0;;27005;538,9;-8,1;
2022-11-28 11:18:55;-36,70978;-72,9734;17,8;81,4;9028;51;0;0;0;;27005;520,2;113,9;
2022-11-28 11:19:25;-36,70978;-72,9734;41,6;80,9;9028,4;57;0;0;0;;27005;516,1;179,3;
2022-11-28 11:19:55;-36,70587;-72,9759;68,6;80,5;9028,9;44;0;0;0;;27005;515,6;195,8;
2022-11-28 11:24:31;-36,70163;-72,97209;172;80,2;9029,3;45;0;0;0;;27005;535,8;-69,5;
2022-11-28 11:25:13;-36,70163;-72,97209;199,7;80,2;9029,4;0;0;0;0;;27005;533,2;2,5;
2022-11-28 11:25:22;-36,70025;-72,97178;204,2;80;9029,6;63;0;0;0;;27005;535,3;-74,1;
2022-11-28 11:25:25;-36,69561;-72,96907;207,5;79,7;9030,1;70;0;0;0;;27005;517,1;179,6;
2022-11-28 11:25:25;-36,69561;-72,96907;207,5;79,4;9030,5;36;0;0;0;;27005;530,7;-13,6;
2022-11-28 11:25:25;-36,69081;-72,96735;207,5;79;9030,8;36;0;0;0;;27005;514,6;191,4;
2022-11-28 11:25:28;-36,68805;-72,96575;206,9;78,6;9031,2;31;0;0;0;;27005;520,2;126,5;
2022-11-28 11:25:28;-36,68805;-72,96575;206,9;78,1;9031,5;28;0;0;0;;27005;520,2;106,5;
2022-11-28 11:25:28;-36,68602;-72,96362;206,9;77,6;9031,8;51;0;0;0;;27005;513;196,7;
2022-11-28 11:25:31;-36,68248;-72,95952;206,1;77,4;9032,2;53;0;0;0;;27005;524,5;60;
2022-11-28 11:25:31;-36,68248;-72,95952;206,1;77;9032,6;61;0;0;0;;27005;530,7;-2,1;
2022-11-28 11:25:55;-36,67726;-72,95845;210,4;76,7;9033,2;69;0;0;0;;27005;517,1;167,2;
2022-11-28 11:26:25;-36,66962;-72,95766;202;76,5;9033,8;75;0;0;0;;27005;534,8;-89,5;
2022-11-28 11:26:55;-36,66962;-72,95766;194,7;76,3;9034,4;67;0;0;0;;27005;532,7;25,9;
2022-11-28 11:27:25;-36,66155;-72,95771;196,9;76,1;9035;76;0;0;0;;27005;535,3;-92;
2022-11-28 11:27:55;-36,65459;-72,95396;196,1;75,8;9035,6;64;0;0;0;;27005;535,3;-73,9;
2022-11-28 11:28:25;-36,65459;-72,95396;184;75,9;9035,8;52;0;0;0;;27005;534,8;-58,5;
2022-11-28 11:29:22;-36,65067;-72,95603;135,1;76,1;9036,3;59;0;0;0;;27005;540,9;-68,9;
2022-11-28 11:30:04;-36,6468;-72,9611;88,8;76,3;9036,7;41;0;0;0;;27005;541,4;-64;
2022-11-28 11:30:16;-36,6468;-72,9611;72,1;76,4;9037;45;0;0;0;;27005;540,4;-43,6;
2022-11-28 11:30:25;-36,64511;-72,95957;60,6;76,6;9037,4;56;0;0;0;;27005;544;-58,5;
2022-11-28 11:30:55;-36,63972;-72,95935;24,4;76,9;9037,8;51;0;0;0;;27005;544,5;-55,4;
2022-11-28 11:31:25;-36,63972;-72,95935;-5,5;77,1;9038,2;42;0;0;0;;27005;536,8;49,5;
2022-11-28 11:31:55;-36,63463;-72,95688;-3,8;77;9038,6;40;0;0;0;;27005;523,3;193,6;
2022-11-28 11:32:25;-36,63041;-72,95563;-13,3;76,7;9039;60;0;0;0;;27005;536,8;-60,7;
2022-11-28 11:32:55;-36,63041;-72,95563;-2,2;76,5;9039,5;59;0;0;0;;27005;532,2;28,6;
2022-11-28 11:33:25;-36,62358;-72,95657;-5,5;76,5;9039,9;7;0;0;0;;27005;534,8;27;
2022-11-28 11:33:55;-36,61991;-72,95816;-8,2;76,5;9040,1;13;0;0;0;;27005;535,3;1,7;
2022-11-28 11:34:25;-36,61991;-72,95816;-6,7;76,3;9040,3;9;0;0;0;;27005;534,8;1,4;
2022-11-28 11:34:55;-36,618;-72,95937;-13,3;76,3;9040,4;0;0;0;0;;27005;535,3;2;
2022-11-28 11:35:25;-36,61745;-72,95947;-13,1;76,3;9040,4;0;0;0;0;;27005;535,8;2;
2022-11-28 11:35:55;-36,61745;-72,95947;-12,9;76,3;9040,4;12;0;0;0;;27005;535,8;1,1;
2022-11-28 11:36:25;-36,61724;-72,95978;-5,7;76,2;9040,6;27;0;0;0;;27005;536,3;-14,2;
2022-11-28 11:36:55;-36,61693;-72,96281;-12,1;76,2;9040,7;14;0;0;0;;27005;533,2;40,7;
2022-11-28 11:37:25;-36,61693;-72,96281;7,3;75,8;9041;32;0;0;0;;27005;527,1;80,1;
2022-11-28 11:37:55;-36,61425;-72,96203;13,2;75,8;9041,1;0;0;0;0;;26874;534,3;1,4;
2022-11-28 11:38:25;-36,61423;-72,96199;13,2;75,8;9041,1;0;0;0;0;;27005;535,3;0,9;
2022-11-28 11:38:55;-36,61423;-72,96199;13,2;75,8;9041,1;0;0;0;0;;27137;535,8;1,1;
2022-11-28 11:39:25;-36,61423;-72,96199;13,2;75,8;9041,1;0;0;0;0;;27137;536,3;0,9;
2022-11-28 11:39:55;-36,61423;-72,96199;13,2;75,8;9041,1;0;0;0;0;;27005;536,3;0,9;
2022-11-28 11:40:25;-36,61423;-72,96199;13,2;75,8;9041,1;0;0;0;0;;27005;536,3;0,9;
2022-11-28 11:40:55;-36,61423;-72,96199;20,3;75,6;9041,1;12;0;0;0;;27137;531,2;61,9;
2022-11-28 11:41:25;-36,61567;-72,96139;29,1;75,3;9041,3;26;0;0;0;;27137;532,2;-16,9;
2022-11-28 11:41:55;-36,61567;-72,96139;46;75,1;9041,6;23;0;0;0;;27137;532,7;-12;
2022-11-28 11:42:25;-36,61261;-72,95961;49,5;75,1;9041,7;0;0;0;0;;27005;534,3;0,6;
2022-11-28 11:42:55;-36,61261;-72,95961;49,5;75,1;9041,7;0;0;0;0;;27137;534,8;0,6;
2022-11-28 11:43:25;-36,61261;-72,95961;49,5;75,1;9041,7;0;0;0;0;;27137;535,8;0,6;
2022-11-28 11:43:55;-36,61261;-72,95961;49,5;75,1;9041,7;0;0;0;0;;27137;535,8;0,6;
2022-11-28 11:44:25;-36,61261;-72,95961;49,5;75,1;9041,7;0;0;0;0;;27137;536,3;0,6;
2022-11-28 11:44:55;-36,61261;-72,95961;49,5;75,1;9041,7;0;0;0;0;;27005;536,3;0,6;
2022-11-28 11:45:25;-36,61261;-72,95961;49,5;75,1;9041,7;0;0;0;0;;27137;536,3;0,6;
2022-11-28 11:45:55;-36,61261;-72,95961;49,5;75,1;9041,7;0;0;0;0;;27005;536,3;0,6;
2022-11-28 11:46:25;-36,61261;-72,95961;49,5;75,1;9041,7;0;0;0;0;;27137;536,8;0,6;
2022-11-28 11:46:55;-36,61261;-72,95961;49,5;75,1;9041,7;0;0;0;0;;27005;536,8;0,6;
2022-11-28 11:47:25;-36,61233;-72,95954;52,4;75;9041,7;21;0;0;0;;27137;532,2;55,6;
2022-11-28 11:47:55;-36,61233;-72,95954;50,2;74,9;9041,9;21;0;0;0;;27137;536,8;-15,3;
2022-11-28 11:48:25;-36,60985;-72,95943;39,1;74,9;9042,1;22;0;0;0;;27137;536,3;-9,2;
2022-11-28 11:48:55;-36,60902;-72,95856;50;74,7;9042,3;33;0;0;0;;27137;529,7;57,5;
2022-11-28 11:49:25;-36,60902;-72,95856;37,6;74,8;9042,5;16;0;0;0;;27005;534,8;54,5;
2022-11-28 11:49:55;-36,60696;-72,95668;33,3;74,7;9042,7;0;0;0;0;;27137;535,8;0,6;
2022-11-28 11:50:25;-36,60646;-72,95552;42,2;74,5;9042,8;21;0;0;0;;27137;529,2;49,5;
2022-11-28 11:50:55;-36,60646;-72,95552;61,7;74,2;9043;38;0;0;0;;27137;523,3;89,4;
2022-11-28 11:51:25;-36,60396;-72,9536;75,8;73,9;9043,2;36;0;0;0;;27137;518,1;100,7;
2022-11-28 11:51:55;-36,60135;-72,95275;93,8;73,6;9043,5;28;0;0;0;;27137;530,7;-19,7;
2022-11-28 11:52:25;-36,60135;-72,95275;101,2;73,6;9043,6;19;0;0;0;;27137;527,1;75,4;
2022-11-28 11:52:55;-36,59959;-72,95296;98,5;73,5;9043,8;6;0;0;0;;27137;532,7;17,6;
2022-11-28 11:53:25;-36,59933;-72,95035;102,1;73,3;9044,1;31;0;0;0;;27005;534,8;-38,1;
2022-11-28 11:53:55;-36,59933;-72,95035;91,9;73,3;9044,3;31;0;0;0;;27137;534,8;-20;
2022-11-28 11:54:25;-36,60102;-72,94692;102,1;72,9;9044,7;41;0;0;0;;27137;523,8;71,5;
2022-11-28 11:54:55;-36,60533;-72,94539;127,7;72,6;9045;34;0;0;0;;27137;531,7;-44,7;
2022-11-28 11:55:25;-36,60533;-72,94539;134,7;72,4;9045,2;41;0;0;0;;27137;532,2;-32,6;
2022-11-28 11:55:55;-36,60789;-72,94358;141,8;72,3;9045,4;14;0;0;0;;27137;525,1;80,6;
2022-11-28 11:56:25;-36,60867;-72,94033;168,6;71,9;9045,6;17;0;0;0;;27137;523,3;68;
2022-11-28 11:56:55;-36,60867;-72,94033;179,8;71,8;9045,8;13;0;0;0;;27005;527,6;28,9;
2022-11-28 11:57:25;-36,60955;-72,93825;192,4;71,5;9045,9;27;0;0;0;;27137;525,6;40,7;
2022-11-28 11:57:55;-36,60996;-72,93555;207;71,3;9046,1;8;0;0;0;;27137;526,1;40,5;
2022-11-28 11:58:25;-36,60996;-72,93555;220,5;71;9046,2;22;0;0;0;;27137;522,8;82,3;
2022-11-28 11:58:55;-36,61089;-72,93343;222,7;70,7;9046,5;57;0;0;0;;27005;532,2;-73,9;
2022-11-28 11:59:25;-36,61417;-72,93599;202,7;70,8;9046,8;33;0;0;0;;27137;533,8;-37;
2022-11-28 11:59:55;-36,61417;-72,93599;198,9;70,8;9047;0;0;0;0;;27137;532,7;0,6;
2022-11-28 12:00:25;-36,61421;-72,93769;198,9;70,8;9047;0;0;0;0;;27137;533,2;0,6;
2022-11-28 12:00:55;-36,61421;-72,93769;198,9;70,8;9047;0;0;0;0;;27137;533,8;0,6;
2022-11-28 12:01:25;-36,61421;-72,93769;198,9;70,8;9047;0;0;0;0;;27137;534,3;0,6;
2022-11-28 12:01:55;-36,61421;-72,93769;198,9;70,8;9047;0;0;0;0;;27137;534,3;0,6;
2022-11-28 12:02:25;-36,61421;-72,93769;198,9;70,8;9047;0;0;0;0;;27137;534,8;0,6;
2022-11-28 12:02:55;-36,61421;-72,93769;198,9;70,8;9047;0;0;0;0;;27137;534,8;0,6;
2022-11-28 12:03:25;-36,61421;-72,93769;198,9;70,8;9047;0;0;0;0;;27137;534,8;0,6;
2022-11-28 12:03:55;-36,6141;-72,93755;198,5;70,7;9047;1;0;0;0;;27005;534,8;3,3;
2022-11-28 12:04:25;-36,6141;-72,93755;200,5;70,6;9047,1;24;0;0;0;;27005;533,8;-13,9;
2022-11-28 12:04:55;-36,61501;-72,93741;201;70,6;9047,2;0;0;0;0;;27005;534,8;0,9;
2022-11-28 12:05:25;-36,615;-72,93745;201;70,6;9047,2;0;0;0;0;;27137;535,3;0,9;
2022-11-28 12:05:55;-36,615;-72,93745;201;70,6;9047,2;0;0;0;0;;27137;535,3;0,9;
2022-11-28 12:06:25;-36,615;-72,93745;201;70,6;9047,2;0;0;0;0;;27137;535,3;0,9;
2022-11-28 12:06:55;-36,615;-72,93745;201;70,6;9047,2;0;0;0;0;;27137;535,8;0,9;
2022-11-28 12:07:25;-36,615;-72,93745;201;70,6;9047,2;0;0;0;0;;27137;535,8;0,9;
2022-11-28 12:07:55;-36,615;-72,93745;201;70,6;9047,2;0;0;0;0;;27137;535,8;0,9;
2022-11-28 12:08:25;-36,615;-72,93745;201;70,6;9047,2;0;0;0;0;;27137;535,8;0,9;
2022-11-28 12:08:55;-36,615;-72,93745;201;70,6;9047,2;0;0;0;0;;27137;536,3;0,9;
2022-11-28 12:09:25;-36,615;-72,93745;201;70,6;9047,2;0;0;0;0;;27005;536,3;0,9;
2022-11-28 12:09:55;-36,615;-72,93745;201;70,6;9047,2;0;0;0;0;;27137;536,3;0,9;
2022-11-28 12:10:25;-36,615;-72,93745;201;70,6;9047,2;0;0;0;0;;27137;536,3;0,9;
2022-11-28 12:10:55;-36,615;-72,93745;201;70,6;9047,2;0;0;0;0;;27137;536,3;1,1;
2022-11-28 12:11:25;-36,615;-72,93745;201;70,6;9047,2;0;0;0;0;;27137;536,3;0,9;
2022-11-28 12:11:55;-36,615;-72,93745;201;70,6;9047,2;0;0;0;0;;27137;536,3;0,9;
2022-11-28 12:12:25;-36,615;-72,93745;201;70,6;9047,2;0;0;0;0;;27137;536,3;0,9;
2022-11-28 12:12:55;-36,615;-72,93745;201;70,6;9047,2;0;0;0;0;;27137;536,8;0,9;
2022-11-28 12:13:25;-36,615;-72,93745;201;70,6;9047,2;0;0;0;0;;27137;536,8;0,9;
2022-11-28 12:13:55;-36,615;-72,93745;203,6;70,4;9047,2;35;0;0;0;;27137;527,1;91,9;
2022-11-28 12:14:25;-36,61646;-72,93756;210;70,4;9047,3;0;0;0;0;;27137;535,3;0,9;
2022-11-28 12:14:55;-36,61646;-72,93756;210;70,4;9047,3;0;0;0;0;;27137;535,8;0,9;
2022-11-28 12:15:25;-36,61646;-72,93756;210;70,4;9047,3;0;0;0;0;;27137;536,3;0,9;
2022-11-28 12:15:55;-36,61646;-72,93756;210;70,4;9047,3;0;0;0;0;;27137;536,3;0,9;
2022-11-28 12:16:25;-36,61646;-72,93756;210;70,4;9047,3;0;0;0;0;;27137;536,3;0,6;
2022-11-28 12:16:55;-36,61646;-72,93756;210;70,4;9047,3;0;0;0;0;;27005;536,3;0,9;
2022-11-28 12:17:25;-36,61646;-72,93756;210;70,4;9047,3;0;0;0;0;;27137;536,8;0,9;
2022-11-28 12:17:55;-36,61646;-72,93756;210;70,4;9047,3;0;0;0;0;;27005;536,8;0,9;
2022-11-28 12:18:25;-36,61646;-72,93756;210;70,4;9047,3;0;0;0;0;;27005;536,8;0,9;
2022-11-28 12:18:55;-36,61646;-72,93756;210;70,4;9047,3;0;0;0;0;;27137;536,8;0,9;
2022-11-28 12:19:25;-36,61646;-72,93756;210;70,4;9047,3;0;0;0;0;;27137;536,8;0,9;
2022-11-28 12:19:55;-36,61646;-72,93756;210;70,4;9047,3;0;0;0;0;;27137;536,8;0,9;
2022-11-28 12:21:01;-36,61686;-72,93758;200,2;70,3;9047,4;14;0;0;0;;27137;536,3;0;
2022-11-28 12:21:07;-36,61686;-72,93758;199,9;70,2;9047,5;17;0;0;0;;27137;536,8;-3,7;
2022-11-28 12:21:25;-36,61852;-72,93715;194,9;70,2;9047,7;16;0;0;0;;27137;536,3;-4,6;
2022-11-28 12:21:55;-36,61841;-72,94035;181,8;70,2;9047,9;4;0;0;0;;27005;536,8;0,6;
2022-11-28 12:22:25;-36,61841;-72,94035;180,3;70,2;9047,9;0;0;0;0;;27137;536,8;0,6;
2022-11-28 12:22:55;-36,61839;-72,94081;180,3;70,2;9047,9;0;0;0;0;;27137;536,8;0,6;
2022-11-28 12:23:25;-36,61839;-72,94081;180,3;70,2;9047,9;0;0;0;0;;27137;536,8;0,6;
2022-11-28 12:23:55;-36,61839;-72,94081;180,3;70,2;9047,9;0;0;0;0;;27137;536,8;0,6;
2022-11-28 12:24:25;-36,61839;-72,94081;180,3;70,2;9047,9;0;0;0;0;;27137;536,8;0,6;
2022-11-28 12:24:55;-36,61839;-72,94081;180,3;70,2;9047,9;0;0;0;0;;27137;536,8;0,6;
2022-11-28 12:25:25;-36,61839;-72,94081;180,3;70,2;9047,9;0;0;0;0;;27005;536,8;0,6;
2022-11-28 12:25:55;-36,61839;-72,94081;180,3;70,2;9047,9;0;0;0;0;;27137;536,8;0,6;
2022-11-28 12:26:25;-36,61839;-72,94081;180,3;70,2;9047,9;0;0;0;0;;27137;536,8;1,4;
2022-11-28 12:26:55;-36,61839;-72,94081;174,7;70,2;9047,9;1;0;0;0;;27005;536,3;20,4;
2022-11-28 12:27:25;-36,61839;-72,94129;178;70,1;9048;13;0;0;0;;27137;530,7;69,9;
2022-11-28 12:27:55;-36,61846;-72,93975;192,3;69,9;9048,1;18;0;0;0;;27137;530,7;47,1;
2022-11-28 12:28:25;-36,61846;-72,93975;193,9;69,9;9048,2;20;0;0;0;;27137;533,2;11,6;
2022-11-28 12:28:55;-36,61734;-72,93955;183;69,9;9048,4;29;0;0;0;;27137;538,4;-28,2;
2022-11-28 12:29:25;-36,61679;-72,94279;152,8;70;9048,6;29;0;0;0;;27137;539,9;-33,7;
2022-11-28 13:00:34;-36,61707;-72,94441;137;70;9048,7;0;0;0;0;;25308;537,9;2,2;
2022-11-28 13:01:04;-36,61707;-72,94441;133,7;70;9048,7;15;0;0;0;;27005;538,4;-3,7;
2022-11-28 13:01:34;-36,6171;-72,94475;110,9;70;9048,8;0;0;0;0;;27005;537,9;1,7;
2022-11-28 13:02:04;-36,61724;-72,94555;110,9;70;9048,8;0;0;0;0;;27137;537,9;1,1;
2022-11-28 13:02:34;-36,61724;-72,94555;110,9;70;9048,8;0;0;0;0;;27005;537,9;1,7;
2022-11-28 13:03:04;-36,61724;-72,94555;110,9;70;9048,8;0;0;0;0;;27005;537,9;1,1;
2022-11-28 13:03:34;-36,61724;-72,94555;110,9;70;9048,8;0;0;0;0;;27005;537,9;1,7;
2022-11-28 13:04:04;-36,61724;-72,94555;106,5;69,9;9048,8;0;0;0;0;;27005;537,9;1,1;
2022-11-28 13:04:34;-36,61727;-72,94577;106,5;69,9;9048,8;0;0;0;0;;27137;537,9;1,4;
2022-11-28 13:05:04;-36,61727;-72,94577;106,5;69,9;9048,8;0;0;0;0;;27005;537,9;1,4;
2022-11-28 13:05:34;-36,61727;-72,94577;106,5;69,9;9048,8;0;0;0;0;;27137;537,9;1,7;
2022-11-28 13:06:04;-36,61727;-72,94577;106,5;69,9;9048,8;0;0;0;0;;27005;537,9;1,1;
2022-11-28 13:06:34;-36,61727;-72,94577;106,5;69,9;9048,8;0;0;0;0;;27137;537,9;1,7;
2022-11-28 13:07:04;-36,61727;-72,94577;106,5;69,9;9048,8;0;0;0;0;;27005;537,9;1,4;
2022-11-28 13:07:34;-36,61727;-72,94577;106,5;69,9;9048,8;0;1;0;0;;26874;537,3;3,1;
2022-11-28 13:08:04;-36,61727;-72,94577;106,5;69,9;9048,8;0;1;0;0;;27005;537,3;3,1;
2022-11-28 13:08:34;-36,61727;-72,94577;106,5;69,9;9048,8;0;1;0;0;;27005;537,3;2,5;
2022-11-28 13:09:04;-36,61727;-72,94577;106,5;69,9;9048,8;0;1;0;0;;27005;537,3;3,3;
2022-11-28 13:09:34;-36,61727;-72,94577;106,5;69,9;9048,8;0;1;0;0;;26874;537,3;2,5;
2022-11-28 13:10:04;-36,61727;-72,94577;106,5;69,8;9048,8;0;1;0;0;;27005;537,3;2,8;
2022-11-28 13:10:34;-36,61727;-72,94577;103,3;69,8;9048,9;22;0;0;0;;27005;539,4;-11,7;
2022-11-28 13:11:04;-36,61744;-72,94784;63,8;69,9;9049,1;24;0;0;0;;27005;540,4;-14,7;
2022-11-28 13:11:34;-36,61744;-72,94784;3,4;70;9049,4;29;0;0;0;;27005;539,4;5;
2022-11-28 13:12:04;-36,61673;-72,95173;-6,3;70;9049,5;0;0;0;0;;26874;538,9;5,3;
2022-11-28 13:12:34;-36,61677;-72,95314;-10,7;70;9049,6;19;0;0;0;;27005;534,3;34,7;
2022-11-28 13:13:04;-36,61677;-72,95314;-21,2;69,9;9049,7;13;0;0;0;;27005;537,9;2;
2022-11-28 13:13:34;-36,61649;-72,95515;-13,4;69,9;9049,9;12;0;0;0;;26874;536,3;19,6;
2022-11-28 13:14:04;-36,61679;-72,95748;-10,5;69,8;9050;11;0;0;0;;27005;536,8;2,5;
2022-11-28 13:14:34;-36,61679;-72,95748;-7,4;69,8;9050,1;7;0;0;0;;27005;536,3;3,1;
2022-11-28 13:15:04;-36,61754;-72,95801;2;69,7;9050,2;6;0;0;0;;27005;534,8;13,8;
2022-11-28 13:15:34;-36,6189;-72,95764;-3,3;69,7;9050,3;22;0;0;0;;27005;535,3;16;
2022-11-28 13:16:04;-36,6189;-72,95764;-7,2;69,3;9050,8;73;0;0;0;;27005;527,6;42,4;
2022-11-28 13:16:34;-36,62404;-72,95655;-8,2;68,9;9051,4;73;0;0;0;;27005;534,8;-46,4;
2022-11-28 13:17:04;-36,63283;-72,95626;-6,6;68,6;9052,1;69;0;0;0;;27005;533,2;-76,1;
2022-11-28 13:17:34;-36,63283;-72,95626;12,6;68;9052,6;69;0;0;0;;27005;512,5;179,1;
2022-11-28 13:18:04;-36,64032;-72,95913;46,7;67,8;9053;27;0;0;0;;27005;526,1;17,9;
2022-11-28 13:18:34;-36,64409;-72,95996;68,7;67,5;9053,2;24;0;0;0;;27005;524,5;44,9;
2022-11-28 13:19:04;-36,64409;-72,95996;92,2;67,3;9053,4;28;0;0;0;;27005;525,6;11;
2022-11-28 13:19:43;-36,64629;-72,95828;114,1;67,1;9053,7;34;0;0;0;;27005;522,2;34,1;
2022-11-28 13:22:31;-36,64747;-72,96111;190,4;66,8;9054;33;0;0;0;;27005;525,6;55,3;
2022-11-28 13:22:34;-36,64747;-72,96111;189,4;66,6;9054,3;22;0;0;0;;27005;525,1;39,4;
2022-11-28 13:22:34;-36,64978;-72,95748;189,4;66,3;9054,5;28;0;0;0;;27005;524,5;47,3;
2022-11-28 13:22:37;-36,65198;-72,95468;189;65,9;9054,8;69;0;0;0;;27005;512,5;179,6;
2022-11-28 13:22:37;-36,65198;-72,95468;189;65,4;9055,5;79;0;0;0;;27005;513,5;175,8;
2022-11-28 13:22:40;-36,65975;-72,95656;188,8;65;9056,2;90;0;0;0;;27005;519,2;78,1;
2022-11-28 13:23:04;-36,66903;-72,9578;193,6;64,6;9056,9;89;0;0;0;;27005;515,1;144,4;
2022-11-28 13:23:34;-36,66903;-72,9578;204,1;64,2;9057,6;90;0;0;0;;27005;521,2;56,7;
2022-11-28 13:24:04;-36,67811;-72,95996;177,8;64,3;9058,3;81;0;0;0;;27005;535,3;-103,8;
2022-11-28 13:24:34;-36,68617;-72,96598;117,8;64,4;9059,1;92;0;0;0;;27005;531,7;9,9;
2022-11-28 13:25:16;-36,68617;-72,96598;54,6;64,4;9059,8;87;0;0;0;;27005;535,8;-112,1;
2022-11-28 13:25:34;-36,69608;-72,96902;55,9;64;9060,5;75;0;0;0;;27005;520,2;5,8;
2022-11-28 13:26:04;-36,70302;-72,97404;45,9;64,1;9061;53;0;0;0;;27005;530,2;65,5;
2022-11-28 13:26:34;-36,70302;-72,97404;14,6;64,1;9061,6;45;0;0;0;;27005;536,3;-76,9;
2022-11-28 13:27:04;-36,70923;-72,97564;3,3;64,1;9061,8;47;0;0;0;;27005;533,2;-48,6;
2022-11-28 13:27:34;-36,71128;-72,97387;-11,8;63,9;9062,2;81;0;0;0;;27005;519,2;89,7;
2022-11-28 13:28:04;-36,71128;-72,97387;15,8;63,3;9062,9;62;0;0;0;;27005;528,6;-61,8;
2022-11-28 13:28:34;-36,71993;-72,97512;27,9;63,2;9063,3;50;0;0;0;;27005;527,6;28,4;
2022-11-28 13:29:04;-36,72421;-72,97902;11,1;63;9063,8;78;0;0;0;;27005;515,6;174,7;
2022-11-28 13:29:34;-36,72421;-72,97902;35,3;62,6;9064,5;68;0;0;0;;27005;516,6;0;
2022-11-28 13:30:04;-36,73201;-72,98187;51,4;62,4;9065;57;0;0;0;;27005;528,1;45,1;
2022-11-28 13:30:34;-36,73842;-72,98608;40,9;62,2;9065,6;76;0;0;0;;27005;532,2;-86,2;
2022-11-28 13:31:04;-36,73842;-72,98608;36,1;61,8;9066,2;81;0;0;0;;27005;513,5;173,8;
2022-11-28 13:31:34;-36,7463;-72,98989;58,9;61,4;9066,8;65;0;0;0;;27005;514;179,1;
2022-11-28 13:32:04;-36,75311;-72,99356;53,6;61,4;9067,3;42;0;0;0;;27005;520,2;139,5;
2022-11-28 13:32:34;-36,75311;-72,99356;44,5;61,3;9067,8;69;0;0;0;;27005;525,6;68,5;
2022-11-28 13:33:04;-36,75489;-72,99967;35,2;61,4;9068,2;30;0;0;0;;27005;532,7;-26,8;
2022-11-28 13:33:34;-36,7552;-73,00148;28,5;60,9;9068,7;90;0;0;0;;27005;519,7;75,4;
2022-11-28 13:34:04;-36,7552;-73,00148;14,4;60,8;9069,4;87;0;0;0;;27005;515,6;171,1;
2022-11-28 13:34:34;-36,76288;-73,00867;11,3;60,7;9070,1;63;0;0;0;;27005;536,8;-118,4;
2022-11-28 13:35:04;-36,76897;-73,01319;5,9;60,8;9070,3;0;0;0;0;;27005;530,2;2;
2022-11-28 13:35:34;-36,76897;-73,01319;1,3;60,4;9070,7;84;0;0;0;;27005;517,6;-32,9;
2022-11-28 13:36:04;-36,77293;-73,01527;0,9;60;9071,4;85;0;0;0;;27005;530,7;-106;
2022-11-28 13:36:34;-36,78071;-73,02026;-1,1;60,1;9071,9;47;0;0;0;;27005;530,7;-43,3;
2022-11-28 13:37:04;-36,78071;-73,02026;-2,1;60;9072,2;47;0;0;0;;27005;530,7;-45,3;
2022-11-28 13:37:34;-36,7853;-73,02243;-2;59,9;9072,5;38;0;0;0;;27005;530,2;-27,9;
2022-11-28 13:38:04;-36,78888;-73,02399;-1,4;59,8;9072,8;29;0;0;0;;27005;525,6;75,7;
2022-11-28 13:38:34;-36,78888;-73,02399;-1,8;59,8;9072,9;0;0;0;0;;27005;529,7;2,5;
2022-11-28 13:39:04;-36,79067;-73,02477;-1,8;59,6;9073,1;54;0;0;0;;27005;515,6;184,8;
2022-11-28 13:39:34;-36,79496;-73,02568;-2,1;59,5;9073,6;63;0;0;0;;27005;521,7;157,6;
2022-11-28 13:40:04;-36,79496;-73,02568;2;59,2;9074,2;66;0;0;0;;27005;534,8;-116,5;
2022-11-28 13:40:34;-36,80281;-73,02552;0,9;59,2;9074,3;18;0;0;0;;27005;527,1;37,4;
2022-11-28 13:41:04;-36,80577;-73,02434;1,7;58,6;9074,9;89;0;0;0;;27005;518,7;86,7;
2022-11-28 13:41:34;-36,80577;-73,02434;-2;58,6;9075,3;41;0;0;0;;27005;519,7;114,2;
2022-11-28 13:42:04;-36,81127;-73,0271;-3,2;58,2;9075,8;81;0;0;0;;27005;528,1;-90,9;
2022-11-28 13:42:34;-36,81468;-73,02148;-0,2;58,1;9076,1;67;0;0;0;;27005;513;177,7;
2022-11-28 13:43:04;-36,81468;-73,02148;9,8;57,9;9076,6;41;0;0;0;;27005;527,1;31,1;
2022-11-28 13:43:34;-36,81663;-73,01676;3;57,4;9077,2;82;0;0;0;;27005;527,6;-18,9;
2022-11-28 13:44:04;-36,81159;-73,02602;-0,5;57,1;9077,9;80;0;0;0;;27005;531,7;-97,2;
2022-11-28 13:44:34;-36,81159;-73,02602;11,3;56,9;9078,5;67;0;0;0;;27005;514,6;167,8;
2022-11-28 13:45:04;-36,80698;-73,03474;8,5;56,6;9079,1;82;0;0;0;;27005;523,8;9,7;
2022-11-28 13:45:34;-36,80135;-73,04256;11;56,2;9079,8;86;0;0;0;;27005;512,5;170,3;
2022-11-28 13:46:04;-36,80135;-73,04256;8,5;55,8;9080,6;90;0;0;0;;27005;517,6;104,3;
2022-11-28 13:46:34;-36,79926;-73,05375;15,2;55,7;9081,2;51;0;0;0;;27005;516,6;178,5;
2022-11-28 13:47:04;-36,79732;-73,06238;10,8;55,5;9081,7;70;0;0;0;;27005;532,7;-125;
2022-11-28 13:47:34;-36,79732;-73,06238;-0,6;55,2;9082,3;90;0;0;0;;27005;519,2;86,9;
2022-11-28 13:48:04;-36,79223;-73,06982;-0,7;54,9;9083;81;0;0;0;;27005;531,2;-100,8;
2022-11-28 13:48:34;-36,78516;-73,07446;-0,1;54,7;9083,5;81;0;0;0;;27005;514,6;157,3;
2022-11-28 13:49:04;-36,78516;-73,07446;9,2;54,3;9084,2;82;0;0;0;;27005;512,5;171,1;
2022-11-28 13:49:34;-36,78324;-73,08521;3,2;54,2;9084,9;58;0;0;0;;27005;534,8;-95,9;
2022-11-28 13:50:04;-36,78102;-73,09335;5,6;53,9;9085,2;73;0;0;0;;27005;513;171,9;
2022-11-28 13:50:34;-36,78102;-73,09335;9,1;53,8;9085,5;45;0;0;0;;27005;514;192,3;
2022-11-28 13:51:04;-36,77973;-73,09875;5,3;53,7;9085,9;60;0;0;0;;27005;516,6;154;
2022-11-28 13:51:34;-36,77831;-73,10461;5;53,7;9086,1;0;0;0;0;;27005;529,2;2,2;
2022-11-28 13:52:04;-36,77831;-73,10461;5,4;53,7;9086,1;0;0;0;0;;27137;529,7;1,4;
2022-11-28 13:52:34;-36,77813;-73,10464;5,4;53,7;9086,1;14;0;0;0;;27137;528,6;11,6;
2022-11-28 13:53:04;-36,7775;-73,10443;10,6;53,6;9086,2;11;0;0;0;;27137;529,7;1,4;
2022-11-28 13:53:34;-36,7775;-73,10443;11,1;53,6;9086,2;0;0;0;0;;27137;530,2;2;
2022-11-28 14:02:22;-36,77732;-73,10422;11,1;53,7;9086,2;0;0;0;0;;25832;531,2;2,2;
2022-11-28 14:02:52;-36,77732;-73,10422;-8,5;53,6;9086,4;6;0;0;0;;27137;530,7;1,1;
2022-11-28 14:03:22;-36,77661;-73,10387;-0,2;53,6;9086,4;6;0;0;0;;27137;530,7;1,1;
2022-11-28 14:03:52;-36,77629;-73,10466;1;53,6;9086,4;0;0;0;0;;27005;530,7;1,1;
2022-11-28 14:04:22;-36,77629;-73,10466;1;53,6;9086,4;0;0;0;0;;27005;531,2;1,1;
2022-11-28 14:04:52;-36,77629;-73,10466;5,1;53,6;9086,5;0;0;0;0;;27137;531,2;1,1;
2022-11-28 14:05:22;-36,7759;-73,10526;6,6;53,6;9086,6;14;0;0;0;;27137;530,2;14,9;
2022-11-28 14:05:52;-36,7759;-73,10526;5,1;53,6;9086,6;7;0;0;0;;27137;530,7;5,3;
2022-11-28 14:06:22;-36,77544;-73,10516;6,3;53,5;9086,7;0;0;0;0;;27137;530,7;1,1;
2022-11-28 14:06:52;-36,77576;-73,10533;6,3;53,5;9086,7;0;0;0;0;;27137;531,2;1,1;
2022-11-28 14:07:22;-36,77576;-73,10533;6,3;53,5;9086,7;0;0;0;0;;27137;531,2;1,1;
2022-11-28 14:07:52;-36,77576;-73,10533;-0,9;53,5;9086,8;13;0;0;0;;27137;531,2;0;
2022-11-28 14:08:22;-36,7765;-73,1055;3,1;53,5;9086,9;18;0;0;0;;27137;529,2;31,1;
2022-11-28 14:08:52;-36,7765;-73,1055;5,2;53,4;9087;19;0;0;0;;27137;531,2;-6,8;
2022-11-28 14:09:22;-36,77661;-73,10389;2,5;53,4;9087,2;21;0;0;0;;27137;527,6;37,4;
2022-11-28 14:09:52;-36,77782;-73,10447;9,9;53,4;9087,2;0;0;0;0;;27137;531,2;0,9;
2022-11-28 14:10:22;-36,77782;-73,10447;9,9;53,4;9087,2;0;0;0;0;;27137;531,2;1,1;
2022-11-28 14:44:13;-36,77782;-73,10447;9,9;53,4;9087,2;0;0;0;0;;25832;531,7;2,2;
2022-11-28 14:44:40;-36,77782;-73,10447;7,7;53,4;9087,2;0;0;0;0;;25832;531,7;1,4;
2022-11-28 14:45:10;-36,77799;-73,10469;7,7;53,4;9087,2;19;0;0;0;;27137;528,1;32,5;
2022-11-28 14:45:40;-36,77763;-73,10756;7,3;53,1;9087,7;44;0;0;0;;27137;533,8;-68,9;
2022-11-28 14:46:10;-36,77763;-73,10756;6,1;52,9;9087,9;48;0;0;0;;27005;514;192,8;
2022-11-28 14:46:40;-36,77818;-73,10823;5,2;52,7;9088,2;21;0;0;0;;27137;527,6;-7,9;
2022-11-28 14:47:10;-36,77866;-73,10526;5,9;52,7;9088,2;0;0;0;0;;27137;529,2;1,4;
2022-11-28 14:47:40;-36,77866;-73,10526;7,4;52,3;9088,5;78;0;0;0;;27137;512,5;174,1;
2022-11-28 14:48:10;-36,77929;-73,10106;9,5;52,2;9088,9;0;0;0;0;;27137;527,6;0,9;
2022-11-28 14:48:40;-36,77992;-73,09852;9,6;52;9089;61;0;0;0;;27137;527,1;-62,9;
2022-11-28 14:49:10;-36,77992;-73,09852;8,7;52;9089,1;2;0;0;0;;27137;528,6;3,1;
2022-11-28 14:49:40;-36,7805;-73,0961;6;51,7;9089,5;72;0;0;0;;27137;516,1;155,7;
2022-11-28 14:50:10;-36,78248;-73,08783;12,9;51,3;9090,1;88;0;0;0;;27137;511,5;170,8;
2022-11-28 14:50:40;-36,78248;-73,08783;2,5;51,3;9090,7;59;0;0;0;;27137;523,8;44,9;
2022-11-28 14:51:10;-36,78488;-73,07814;0,9;51,3;9091,1;44;0;0;0;;27137;523,8;66,3;
2022-11-28 14:51:40;-36,788;-73,07268;2,2;50,9;9091,6;86;0;0;0;;27137;512;171,6;
2022-11-28 14:52:10;-36,788;-73,07268;3,5;50,6;9092,3;71;0;0;0;;27137;530,7;-81,8;
2022-11-28 14:52:40;-36,7953;-73,06688;20,6;50,4;9092,8;60;0;0;0;;27137;519,7;5;
2022-11-28 14:53:10;-36,79865;-73,05995;20,9;50,4;9093,2;39;0;0;0;;27137;530,2;-38,9;
2022-11-28 14:53:40;-36,79865;-73,05995;16,5;50,4;9093,3;0;0;0;0;;27137;529,2;0,9;
2022-11-28 14:54:10;-36,79972;-73,05848;15,2;50,4;9093,4;7;0;0;0;;27137;529,2;6,1;
2022-11-28 14:54:40;-36,80041;-73,05934;5,8;50,3;9093,4;10;0;0;0;;27137;529,2;0,9;
2022-11-28 14:55:10;-36,80041;-73,05934;12,6;50,3;9093,5;0;0;0;0;;27137;529,7;2;
2022-11-28 14:55:40;-36,80055;-73,05976;15,3;50,3;9093,5;5;0;0;0;;27137;529,7;1,4;
2022-11-28 14:56:10;-36,80019;-73,05908;11;50,3;9093,6;2;0;0;0;;27137;529,7;3,1;
2022-11-28 14:56:40;-36,80019;-73,05908;11,9;50,3;9093,6;0;0;0;0;;27137;530,2;1,4;
2022-11-28 14:57:10;-36,8001;-73,05903;11,9;50,3;9093,6;0;0;0;0;;27137;530,2;0,9;
2022-11-28 14:57:40;-36,8001;-73,05903;11,9;50,3;9093,6;0;0;0;0;;27137;530,2;0,9;
2022-11-28 14:58:10;-36,8001;-73,05903;11,9;50,3;9093,6;0;0;0;0;;27137;530,7;0,9;
2022-11-28 14:58:40;-36,8001;-73,05903;11,9;50,3;9093,6;0;0;0;0;;27137;530,7;0,9;
2022-11-28 14:59:10;-36,8001;-73,05903;11,9;50,3;9093,6;0;0;0;0;;27137;530,7;0,9;
2022-11-28 14:59:40;-36,8001;-73,05903;11,9;50,3;9093,6;0;0;0;0;;27137;530,7;0,9;
2022-11-28 15:00:10;-36,8001;-73,05903;11,9;50,3;9093,6;0;0;0;0;;27137;530,7;0,9;
2022-11-28 15:00:40;-36,8001;-73,05903;11,9;50,3;9093,6;0;0;0;0;;27137;530,7;0,9;
2022-11-28 15:01:10;-36,8001;-73,05903;11,9;50,3;9093,6;0;0;0;0;;27137;530,7;0,9;
2022-11-28 15:01:40;-36,8001;-73,05903;11,9;50,3;9093,6;0;0;0;0;;27137;530,7;0,9;
2022-11-28 15:02:10;-36,8001;-73,05903;11,9;50,3;9093,6;0;0;0;0;;27137;531,2;0,9;
2022-11-28 15:02:40;-36,8001;-73,05903;11,9;50,3;9093,6;0;0;0;0;;27137;531,2;0,9;
2022-11-28 15:03:10;-36,8001;-73,05903;11,9;50,3;9093,6;0;0;0;0;;27137;531,2;0,9;
2022-11-28 15:03:40;-36,8001;-73,05903;11,9;50,3;9093,6;0;0;0;0;;27137;531,2;0,9;
2022-11-28 15:04:10;-36,8001;-73,05903;11,9;50,3;9093,6;0;0;0;0;;27137;531,2;0,9;
2022-11-28 15:04:40;-36,8001;-73,05903;11,9;50,3;9093,6;0;0;0;0;;27137;531,2;0,9;
2022-11-28 15:05:10;-36,8001;-73,05903;11,9;50,3;9093,6;0;0;0;0;;27137;531,2;0,9;
2022-11-28 15:05:40;-36,8001;-73,05903;11,9;50,3;9093,6;0;0;0;0;;27137;531,2;0,9;
2022-11-28 15:06:10;-36,8001;-73,05903;11,9;50,3;9093,6;0;0;0;0;;27137;531,2;0,9;
2022-11-28 15:06:40;-36,8001;-73,05903;11,9;50,3;9093,6;0;0;0;0;;27137;531,2;0,9;
2022-11-28 15:07:10;-36,8001;-73,05903;11,9;50,3;9093,6;0;0;0;0;;27137;531,2;0,9;
2022-11-28 15:07:40;-36,8001;-73,05903;11,9;50,3;9093,6;0;0;0;0;;27137;531,2;0,9;
2022-11-28 15:08:10;-36,8001;-73,05903;11,9;50,3;9093,6;0;0;0;0;;27137;531,2;0,9;
2022-11-28 15:08:40;-36,8001;-73,05903;11,9;50,3;9093,6;0;0;0;0;;27137;531,2;0,9;
2022-11-28 15:09:10;-36,8001;-73,05903;11,9;50,3;9093,6;0;0;0;0;;27137;531,2;0,9;
2022-11-28 15:09:40;-36,8001;-73,05903;11,9;50,3;9093,6;0;0;0;0;;27137;531,2;0,9;
2022-11-28 15:10:10;-36,8001;-73,05903;11,9;50,3;9093,6;0;0;0;0;;27137;531,2;0,9;
2022-11-28 15:10:40;-36,8001;-73,05903;11,9;50,3;9093,6;0;0;0;0;;27137;531,2;0,9;
2022-11-28 15:11:10;-36,8001;-73,05903;11,9;50,3;9093,6;0;0;0;0;;27137;531,2;0,9;
2022-11-28 15:11:40;-36,8001;-73,05903;11,9;50,3;9093,6;0;0;0;0;;27137;531,2;1,4;
2022-11-28 15:12:10;-36,8001;-73,05903;11,9;50,2;9093,6;0;0;0;0;;27137;531,2;0,9;
2022-11-28 15:12:40;-36,8001;-73,05903;11,9;50,2;9093,6;0;0;0;0;;27137;531,2;0,9;
2022-11-28 15:13:10;-36,8001;-73,05903;11,9;50,2;9093,6;0;0;0;0;;27137;531,2;0,9;
2022-11-28 15:13:40;-36,8001;-73,05903;11,9;50,2;9093,6;0;0;0;0;;27137;531,2;0,9;
2022-11-28 15:14:10;-36,8001;-73,05903;11,9;50,2;9093,6;0;0;0;0;;27137;531,7;0,9;
2022-11-28 15:14:40;-36,8001;-73,05903;11,9;50,2;9093,6;0;0;0;0;;27137;531,7;0,9;
2022-11-28 15:15:10;-36,8001;-73,05903;11,9;50,2;9093,6;0;0;0;0;;27137;531,7;0,9;
2022-11-28 15:15:40;-36,8001;-73,05903;11,9;50,2;9093,6;0;0;0;0;;27137;531,7;0,9;
2022-11-28 15:16:10;-36,8001;-73,05903;11,9;50,2;9093,6;0;0;0;0;;27137;531,7;0,9;
2022-11-28 15:16:40;-36,8001;-73,05903;11,9;50,2;9093,6;0;0;0;0;;27137;531,7;0,9;
2022-11-28 15:17:10;-36,8001;-73,05903;11,9;50,2;9093,6;0;0;0;0;;27137;531,7;0,9;
2022-11-28 15:17:40;-36,8001;-73,05903;11,9;50,2;9093,6;0;0;0;0;;27137;531,7;0,9;
2022-11-28 15:18:10;-36,8001;-73,05903;11,9;50,2;9093,6;0;0;0;0;;27137;531,7;0,9;
2022-11-28 15:18:40;-36,8001;-73,05903;11,9;50,2;9093,6;0;0;0;0;;27137;531,7;0,9;
2022-11-28 15:19:10;-36,8001;-73,05903;11,9;50,2;9093,6;0;0;0;0;;27137;531,7;0,9;
2022-11-28 15:19:40;-36,8001;-73,05903;11,9;50,2;9093,6;0;0;0;0;;27137;531,7;0,9;
2022-11-28 15:20:10;-36,8001;-73,05903;11,9;50,2;9093,6;0;0;0;0;;27137;531,7;0,9;
2022-11-28 15:20:40;-36,8001;-73,05903;11,9;50,2;9093,6;0;0;0;0;;27137;531,7;0,9;
2022-11-28 15:21:10;-36,8001;-73,05903;11,9;50,2;9093,6;0;0;0;0;;27137;531,7;0,9;
2022-11-28 15:21:40;-36,8001;-73,05903;11,9;50,2;9093,6;0;0;0;0;;27137;531,7;0,9;
2022-11-28 15:22:10;-36,8001;-73,05903;11,9;50,2;9093,6;0;0;0;0;;27137;531,7;0,9;
2022-11-28 15:22:40;-36,8001;-73,05903;11,9;50,2;9093,6;0;0;0;0;;27137;531,7;1,4;
2022-11-28 15:23:10;-36,8001;-73,05903;11,9;50,2;9093,6;0;0;0;0;;27137;531,7;1,4;
2022-11-28 15:58:07;-36,8001;-73,05903;11,9;50,2;9093,6;0;0;0;0;;25184;532,2;2,2;
2022-11-28 15:58:37;-36,8001;-73,05903;18;50,1;9093,6;15;0;0;0;;25184;530,7;6,6;
2022-11-28 15:59:07;-36,8001;-73,05903;18,7;50,1;9093,7;0;0;0;0;;27137;531,7;0,9;
2022-11-28 15:59:37;-36,80049;-73,05932;18,7;50,1;9093,7;0;0;0;0;;27137;531,7;0,9;
2022-11-28 16:00:07;-36,80049;-73,05932;18,7;50,1;9093,7;0;0;0;0;;27137;531,7;0,9;
2022-11-28 16:00:37;-36,80049;-73,05932;18,7;50,1;9093,7;0;0;0;0;;27137;531,7;0,9;
2022-11-28 16:01:07;-36,80049;-73,05932;18,7;50,1;9093,7;0;0;0;0;;27137;531,7;1,1;
2022-11-28 16:01:37;-36,80049;-73,05932;18,7;50,1;9093,7;0;0;0;0;;27137;531,7;0,9;
