fecha_hora;lat;lon;altitud;SOC;odometro;vel;AC;calefaccion;cargando;km_restantes;carga_bat_aux;voltaje;corriente;rpm
2022-11-21 08:13:06;-36,79991;-73,05883;64,6;77,3;8433,6;0;0;0;0;;25184;539,4;2,5;
2022-11-21 08:13:36;-36,80001;-73,05884;64,6;77,3;8433,6;0;0;0;0;;27005;539,4;1,4;
2022-11-21 08:14:06;-36,80001;-73,05884;64,6;77,3;8433,6;0;0;0;0;;27005;538,9;1,4;
2022-11-21 08:14:36;-36,80001;-73,05884;64,6;77,3;8433,6;0;0;0;0;;27005;538,9;1,4;
2022-11-21 08:15:06;-36,80001;-73,05884;64,6;77,3;8433,6;0;0;0;0;;27005;538,9;1,4;
2022-11-21 08:15:36;-36,80001;-73,05884;64,6;77,3;8433,6;0;0;0;0;;27005;538,9;1,4;
2022-11-21 08:16:06;-36,80001;-73,05884;64,6;77,3;8433,6;0;0;0;0;;27005;538,9;0,9;
2022-11-21 08:16:36;-36,80001;-73,05884;64,6;77,3;8433,6;0;0;0;0;;27005;538,9;0,9;
2022-11-21 08:17:06;-36,80001;-73,05884;64,6;77,3;8433,6;0;0;0;0;;27005;538,9;0,9;
2022-11-21 08:17:36;-36,80001;-73,05884;64,6;77,3;8433,6;0;0;0;0;;27005;538,9;0,9;
2022-11-21 08:18:06;-36,80001;-73,05884;64,6;77,3;8433,6;0;0;0;0;;27005;538,9;0,9;
2022-11-21 08:18:36;-36,80001;-73,05884;64,6;77,3;8433,6;0;0;0;0;;27005;538,9;1,4;
2022-11-21 08:19:06;-36,80001;-73,05884;64,6;77,3;8433,6;2;0;0;0;;27005;538,9;2,2;
2022-11-21 08:19:36;-36,79978;-73,05853;53,8;77,3;8433,6;0;0;0;0;;27005;538,4;1,1;
2022-11-21 08:20:06;-36,79978;-73,05853;53,8;77,3;8433,6;0;0;0;0;;27005;538,4;1,4;
2022-11-21 08:20:36;-36,79978;-73,05853;43;77,2;8433,7;24;0;0;0;;27005;538,9;-9;
2022-11-21 08:21:06;-36,80155;-73,05655;25;77,2;8433,9;18;0;0;0;;27005;537,3;-3,7;
2022-11-21 08:21:36;-36,80155;-73,05655;14,9;77,1;8434,1;24;0;0;0;;27005;537,9;-12,8;
2022-11-21 08:22:06;-36,80339;-73,05546;7,1;77,1;8434,2;9;0;0;0;;27005;536,8;1,1;
2022-11-21 08:22:36;-36,80403;-73,05537;3,1;77,1;8434,2;0;0;0;0;;27005;536,8;1,4;
2022-11-21 08:23:06;-36,80403;-73,05537;5,1;77,1;8434,3;13;0;0;0;;27005;534,8;9,4;
2022-11-21 08:23:36;-36,8038;-73,05471;6,1;76,8;8434,5;51;0;0;0;;27137;536,3;-77,2;
2022-11-21 08:24:06;-36,80054;-73,05684;12,2;76,8;8434,7;7;0;0;0;;27137;532,2;23,1;
2022-11-21 08:24:36;-36,80054;-73,05684;17;76,7;8434,8;9;0;0;0;;27137;532,2;24;
2022-11-21 08:25:06;-36,79976;-73,05752;17;76,7;8434,9;10;0;0;0;;27137;532,2;26,7;
2022-11-21 08:25:36;-36,79894;-73,05887;19,4;76,7;8435;11;0;0;0;;27137;534,8;1,1;
2022-11-21 08:26:06;-36,79894;-73,05887;21,4;76,6;8435,1;14;0;0;0;;27137;533,8;2;
2022-11-21 08:26:36;-36,79836;-73,06005;24,7;76,6;8435,2;11;0;0;0;;27005;534,3;12,7;
2022-11-21 08:27:06;-36,79766;-73,0615;24,7;76,5;8435,3;30;0;0;0;;27137;535,8;-19,7;
2022-11-21 08:27:36;-36,79766;-73,0615;18,7;76,5;8435,5;30;0;0;0;;27137;536,3;3,6;
2022-11-21 08:28:06;-36,7962;-73,0647;10,3;76,4;8435,8;57;0;0;0;;27005;528,1;60,8;
2022-11-21 08:28:36;-36,79211;-73,06988;3,8;76,1;8436,4;82;0;0;0;;27137;525,1;55,6;
2022-11-21 08:29:06;-36,79211;-73,06988;5,1;76;8437;51;0;0;0;;27137;523,8;89,7;
2022-11-21 08:29:36;-36,78515;-73,07367;1,6;75,7;8437,6;69;0;0;0;;27137;536,3;-79,9;
2022-11-21 08:30:06;-36,78364;-73,08351;11,3;75,5;8438,1;60;0;0;0;;27137;524,5;73,5;
2022-11-21 08:30:36;-36,78364;-73,08351;3,8;75,2;8438,7;82;0;0;0;;27137;518,7;109,8;
2022-11-21 08:31:06;-36,78113;-73,09273;9,5;75;8439,3;47;0;0;0;;27137;537,3;-74,4;
2022-11-21 08:31:36;-36,77984;-73,09812;9,2;75;8439,4;25;0;0;0;;27005;529,7;38,3;
2022-11-21 08:32:06;-36,77984;-73,09812;8,1;74,9;8439,7;5;0;0;0;;27137;532,7;8,3;
2022-11-21 08:32:36;-36,77904;-73,10143;6,9;74,9;8439,8;0;0;0;0;;27137;533,8;1,1;
2022-11-21 08:33:06;-36,7788;-73,10247;6,3;74,9;8439,8;3;0;0;0;;27137;534,3;1,1;
2022-11-21 08:33:36;-36,7788;-73,10247;6,3;74,9;8439,8;3;0;0;0;;27137;534,3;0,9;
2022-11-21 08:34:06;-36,77879;-73,10251;3,7;74,9;8439,9;0;0;0;0;;27137;534,8;0,9;
2022-11-21 08:34:36;-36,77858;-73,10322;3,7;74,9;8439,9;2;0;0;0;;27005;534,8;3,1;
2022-11-21 08:35:06;-36,77858;-73,10322;7,3;74,9;8439,9;0;0;0;0;;27137;534,8;1,1;
2022-11-21 08:35:36;-36,77836;-73,10421;1,1;74,9;8440;8;0;0;0;;27005;534,8;1,4;
2022-11-21 08:36:06;-36,77798;-73,1046;0;74,9;8440;7;0;0;0;;27137;534,8;0,6;
2022-11-21 08:36:36;-36,77798;-73,1046;2,2;74,8;8440,1;11;0;0;0;;27137;532,7;34,4;
2022-11-21 09:25:18;-36,77727;-73,10402;1,4;74,9;8440,2;0;0;0;0;;25439;537,3;2;
2022-11-21 09:25:48;-36,77727;-73,10402;-4,5;74,9;8440,2;0;1;0;0;;27005;536,8;2,5;
2022-11-21 09:26:18;-36,7775;-73,1044;-4,5;74,9;8440,2;0;1;0;0;;26874;536,8;2,8;
2022-11-21 09:26:48;-36,7775;-73,1044;-4,5;74,9;8440,2;0;1;0;0;;26874;536,8;2,5;
2022-11-21 09:27:18;-36,7775;-73,1044;-4,5;74,9;8440,2;0;1;0;0;;26874;536,8;2,5;
2022-11-21 09:27:48;-36,7775;-73,1044;-4,5;74,9;8440,2;0;1;0;0;;26874;536,8;2,5;
2022-11-21 09:28:18;-36,7775;-73,1044;-4,5;74,9;8440,2;0;1;0;0;;26874;536,8;2,5;
2022-11-21 09:28:48;-36,7775;-73,1044;-4,5;74,9;8440,2;0;1;0;0;;26874;536,8;2;
2022-11-21 09:29:18;-36,7775;-73,1044;-4,5;74,9;8440,2;0;1;0;0;;27005;536,8;2;
2022-11-21 09:29:48;-36,7775;-73,1044;-4,5;74,9;8440,2;0;1;0;0;;27005;536,8;2;
2022-11-21 09:30:18;-36,7775;-73,1044;-4,5;74,9;8440,2;0;1;0;0;;27005;536,8;2,2;
2022-11-21 09:30:48;-36,7775;-73,1044;-4,5;74,9;8440,2;0;1;0;0;;27005;536,8;2;
2022-11-21 09:31:18;-36,7775;-73,1044;-4,5;74,9;8440,2;0;1;0;0;;27005;536,8;2;
2022-11-21 09:31:48;-36,7775;-73,1044;-4,5;74,9;8440,2;0;1;0;0;;27005;536,8;2;
2022-11-21 09:32:18;-36,7775;-73,1044;-4,5;74,9;8440,2;0;1;0;0;;27005;536,8;2;
2022-11-21 09:32:48;-36,7775;-73,1044;-4,5;74,9;8440,2;0;1;0;0;;27005;536,8;2;
2022-11-21 09:33:18;-36,7775;-73,1044;-4,5;74,9;8440,2;0;1;0;0;;27005;536,8;2;
2022-11-21 09:33:48;-36,7775;-73,1044;-4,5;74,9;8440,2;0;1;0;0;;27005;536,8;2;
2022-11-21 09:34:18;-36,7775;-73,1044;-4,5;74,9;8440,2;0;1;0;0;;27005;536,8;2;
2022-11-21 09:34:48;-36,7775;-73,1044;-4,5;74,9;8440,2;0;1;0;0;;27005;536,8;2;
2022-11-21 09:35:18;-36,7775;-73,1044;-4,5;74,9;8440,2;0;1;0;0;;27005;536,8;2;
2022-11-21 09:35:48;-36,7775;-73,1044;-4,5;74,9;8440,2;0;1;0;0;;27005;536,8;2;
2022-11-21 09:36:18;-36,7775;-73,1044;-4,5;74,9;8440,2;0;1;0;0;;27005;536,8;2;
2022-11-21 09:36:48;-36,77755;-73,10441;-1,6;74,7;8440,3;0;1;0;0;;27005;536,3;2,2;
2022-11-21 09:37:18;-36,77786;-73,10461;-1,6;74,7;8440,3;0;1;0;0;;27005;536,8;2,2;
2022-11-21 09:37:48;-36,77786;-73,10461;-3,6;74,6;8440,3;0;0;0;0;;27005;536,3;2,2;
2022-11-21 09:38:18;-36,77788;-73,10465;-3,6;74,6;8440,3;8;0;0;0;;27005;534,3;15,4;
2022-11-21 09:38:48;-36,77804;-73,1047;4,4;74,6;8440,3;11;0;0;0;;27005;533,8;30,6;
2022-11-21 09:39:18;-36,77804;-73,1047;4,3;74,6;8440,3;0;0;0;0;;27005;536,3;2,2;
2022-11-21 09:39:48;-36,77815;-73,10498;7;74,5;8440,5;24;0;0;0;;27005;535,8;-12;
2022-11-21 09:40:18;-36,78039;-73,10548;6,6;74,3;8440,7;32;0;0;0;;27005;534,8;-17,8;
2022-11-21 09:40:48;-36,78039;-73,10548;6,9;74,3;8440,8;28;0;0;0;;26874;521,2;150,2;
2022-11-21 09:41:18;-36,78189;-73,10366;5,2;74,1;8441,1;29;0;0;0;;27005;528,1;77,3;
2022-11-21 09:41:48;-36,78557;-73,10166;9,1;74;8441,4;11;0;0;0;;27005;533,8;3,6;
2022-11-21 09:42:18;-36,78557;-73,10166;9,5;74;8441,4;11;0;0;0;;27005;531,2;27;
2022-11-21 09:42:48;-36,78659;-73,10169;11,2;73,8;8441,6;41;0;0;0;;27005;531,2;-42,5;
2022-11-21 09:43:18;-36,79;-73,1022;10,3;73,6;8441,9;57;0;0;0;;27005;529,2;-8,7;
2022-11-21 09:43:48;-36,79;-73,1022;7,2;73,7;8442,2;7;0;0;0;;27005;533,8;1,7;
2022-11-21 09:44:18;-36,79303;-73,1046;3,2;73,5;8442,4;34;0;0;0;;27005;520,7;95,2;
2022-11-21 09:44:48;-36,79535;-73,103;-1,5;73,4;8442,7;39;0;0;0;;27005;531,2;55,3;
2022-11-21 09:45:18;-36,79535;-73,103;-1,2;73,2;8442,9;34;0;0;0;;27005;532,7;-19,7;
2022-11-21 09:45:48;-36,7973;-73,09926;1;73;8443,3;10;0;0;0;;27005;531,7;2;
2022-11-21 09:46:18;-36,79913;-73,09673;3,5;72,8;8443,4;45;0;0;0;;27005;532,2;-41,4;
2022-11-21 09:46:48;-36,79913;-73,09673;-0,2;72,7;8443,7;40;0;0;0;;27005;530,2;22,6;
2022-11-21 09:47:18;-36,80089;-73,09158;-0,8;72,6;8444;20;0;0;0;;27005;532,7;-5,9;
2022-11-21 09:47:48;-36,80209;-73,08761;0,4;72,4;8444,2;25;0;0;0;;26874;532,7;-13,9;
2022-11-21 09:48:18;-36,80209;-73,08761;-8,3;72,3;8444,4;27;0;0;0;;27005;533,2;-24,1;
2022-11-21 09:48:48;-36,80368;-73,08537;-7,4;72,2;8444,6;37;0;0;0;;27005;532,2;-30,4;
2022-11-21 09:49:18;-36,80287;-73,08303;-6,6;72,1;8444,8;0;0;0;0;;26874;532,7;1,1;
2022-11-21 09:49:48;-36,80287;-73,08303;-1,2;72,1;8444,8;9;0;0;0;;27005;529,2;56,7;
2022-11-21 09:50:18;-36,80283;-73,0824;3,8;71,7;8445,1;60;0;0;0;;27005;516,1;181,3;
2022-11-21 09:50:48;-36,80767;-73,07846;2,4;71,7;8445,5;0;0;0;0;;27005;533,2;0,9;
2022-11-21 09:51:18;-36,80767;-73,07846;2,4;71,6;8445,6;42;0;0;0;;27005;525,6;72,9;
2022-11-21 09:51:48;-36,80904;-73,07693;1,8;71,6;8445,8;0;0;0;0;;27005;533,2;0,9;
2022-11-21 09:52:18;-36,8101;-73,07502;7,8;71,3;8446;53;0;0;0;;27005;528,6;-40;
2022-11-21 09:52:48;-36,8101;-73,07502;10,6;71,1;8446,3;40;0;0;0;;27005;524,5;58,1;
2022-11-21 09:53:18;-36,81274;-73,07472;10,8;71,1;8446,4;22;0;0;0;;27005;525,6;99,6;
2022-11-21 09:53:48;-36,81402;-73,07609;10;71;8446,6;32;0;0;0;;27005;530,2;-19,1;
2022-11-21 09:54:18;-36,81402;-73,07609;13,3;70,7;8446,8;57;0;0;0;;27005;515,1;124,3;
2022-11-21 09:54:48;-36,81642;-73,0729;14,2;70,5;8447,2;35;0;0;0;;27137;517,1;165;
2022-11-21 09:55:18;-36,81878;-73,0698;17,7;70,4;8447,3;0;0;0;0;;27005;531,7;2,8;
2022-11-21 09:55:48;-36,81878;-73,0698;20,1;70,4;8447,4;0;0;0;0;;27005;532,7;1,4;
2022-11-21 09:56:18;-36,8189;-73,06951;20,1;70,4;8447,4;0;0;0;0;;27005;533,8;1,1;
2022-11-21 09:56:48;-36,8189;-73,06951;20,1;70,4;8447,4;0;0;0;0;;27137;534,3;1,4;
2022-11-21 09:57:18;-36,8189;-73,06951;20,1;70,4;8447,4;0;0;0;0;;27137;534,3;1,1;
2022-11-21 09:57:48;-36,8189;-73,06951;20,1;70,4;8447,4;0;0;0;0;;27137;534,8;1,1;
2022-11-21 09:58:18;-36,8189;-73,06951;20,1;70,4;8447,4;0;0;0;0;;27137;534,8;1,1;
2022-11-21 09:58:48;-36,8189;-73,06951;20,1;70,4;8447,4;0;0;0;0;;27137;534,8;1,1;
2022-11-21 09:59:18;-36,8189;-73,06951;20,1;70,4;8447,4;0;0;0;0;;27137;535,3;1,4;
2022-11-21 09:59:48;-36,8189;-73,06951;20,5;70,4;8447,4;6;0;0;0;;27005;535,3;0,6;
2022-11-21 10:00:18;-36,8189;-73,06951;16,7;70,3;8447,5;19;0;0;0;;27005;531,7;36,6;
2022-11-21 10:00:48;-36,81799;-73,07078;15,2;70,1;8447,7;49;0;0;0;;27005;538,4;-74,4;
2022-11-21 10:01:18;-36,81521;-73,07326;11,5;70,1;8448;9;0;0;0;;27005;529,7;52,6;
2022-11-21 10:01:48;-36,81521;-73,07326;12,3;69,9;8448,2;35;0;0;0;;27005;534,8;-40,6;
2022-11-21 10:02:18;-36,81473;-73,07512;8,4;69,8;8448,4;29;0;0;0;;26743;521,7;154,9;
2022-11-21 10:02:48;-36,8155;-73,07788;5,8;69,7;8448,7;24;0;0;0;;26743;533,2;-20;
2022-11-21 10:03:18;-36,8155;-73,07788;5;69,6;8448,9;21;0;0;0;;27005;524,5;103,4;
2022-11-21 10:03:48;-36,81761;-73,07931;9,2;69,3;8449,2;53;0;0;0;;27005;521,7;129,3;
2022-11-21 10:04:18;-36,81318;-73,08176;10,7;69;8449,6;61;0;0;0;;27005;534,3;-65,3;
2022-11-21 10:04:48;-36,81318;-73,08176;14;68,7;8450,2;64;0;0;0;;27005;523,3;49,5;
2022-11-21 10:05:18;-36,80659;-73,07922;17,1;68,6;8450,6;32;0;0;0;;27005;533,8;-36,2;
2022-11-21 10:05:48;-36,80335;-73,0745;9;68,6;8451;53;0;0;0;;27005;531,2;35,8;
2022-11-21 10:06:18;-36,80335;-73,0745;8,3;68,4;8451,4;52;0;0;0;;27005;537,9;-80,7;
2022-11-21 10:16:48;-36,79929;-73,06918;8,5;68,3;8451,7;45;0;0;0;;27005;523,3;73,5;
2022-11-21 10:16:51;-36,79929;-73,06918;8,6;68;8452,1;44;0;0;0;;27005;521,2;110;
2022-11-21 10:16:51;-36,79773;-73,06159;8,6;67,8;8452,6;58;0;0;0;;27005;535,3;-60,7;
2022-11-21 10:16:54;-36,79773;-73,06159;8,6;67,5;8453,1;81;0;0;0;;27005;519,2;91,6;
2022-11-21 10:16:54;-36,79926;-73,05337;8,6;67,1;8453,8;73;0;0;0;;27005;526,1;31,4;
2022-11-21 10:16:57;-36,80095;-73,04302;9;66,8;8454,5;89;0;0;0;;27005;516,6;135,9;
2022-11-21 10:16:57;-36,80095;-73,04302;9;66,4;8455,2;91;0;0;0;;27005;523,3;39,4;
2022-11-21 10:17:00;-36,80745;-73,03373;9,2;66,2;8456;90;0;0;0;;27005;523,8;62,2;
2022-11-21 10:17:00;-36,81302;-73,02396;9,2;66,1;8456,6;35;0;0;0;;26874;534,3;-41,7;
2022-11-21 10:17:03;-36,81302;-73,02396;8,8;66,1;8456,7;0;0;0;0;;26874;531,2;2,5;
2022-11-21 10:17:09;-36,81459;-73,0215;8,6;65,8;8456,9;52;0;0;0;;26874;516,6;147,4;
2022-11-21 10:17:09;-36,81705;-73,01708;8,6;65,7;8457,2;29;0;0;0;;26874;523,8;66,9;
2022-11-21 10:17:12;-36,81705;-73,01708;8,3;65,4;8457,6;69;0;0;0;;26874;515,1;177,4;
2022-11-21 10:17:12;-36,81474;-73,02063;8,3;65,3;8458,2;61;0;0;0;;26874;533,8;-70,6;
2022-11-21 10:17:12;-36,81034;-73,02669;8,3;65,2;8458,6;47;0;0;0;;26874;521,7;128,7;
2022-11-21 10:17:15;-36,81034;-73,02669;8,4;65;8459,1;52;0;0;0;;26874;528,6;20,1;
2022-11-21 10:17:18;-36,80491;-73,02459;8,4;64,9;8459,5;49;0;0;0;;26874;520,2;145,2;
2022-11-21 10:17:18;-36,7987;-73,02577;8,4;64,7;8460;57;0;0;0;;26874;530,2;-40,3;
2022-11-21 10:17:18;-36,7987;-73,02577;8,4;64,6;8460,5;17;0;0;0;;26874;531,2;-2,1;
2022-11-21 10:17:21;-36,79246;-73,02529;8,3;64,6;8460,6;23;0;0;0;;26874;526,6;47,9;
2022-11-21 10:17:21;-36,79002;-73,02441;8,3;64;8461,1;85;0;0;0;;26874;529,2;-95,9;
2022-11-21 10:17:21;-36,79002;-73,02441;8,3;64;8461,7;36;0;0;0;;26874;534,3;-39,8;
2022-11-21 10:17:48;-36,7823;-73,02104;9;63,9;8461,8;47;0;0;0;;27005;513,5;199,1;
2022-11-21 10:18:18;-36,779;-73,01904;9,5;63,2;8462,4;89;0;0;0;;27005;517,1;93;
2022-11-21 10:18:48;-36,779;-73,01904;11,2;63,1;8463,1;69;0;0;0;;26874;537,3;-126,7;
2022-11-21 10:19:18;-36,77048;-73,01387;25,6;62,7;8463,6;70;0;0;0;;26874;515,1;127,9;
2022-11-21 10:19:48;-36,76389;-73,00938;30,3;62,3;8464,3;74;0;0;0;;26874;513,5;147,7;
2022-11-21 10:20:18;-36,76389;-73,00938;41,1;62;8464,8;68;0;0;0;;27005;529,2;-74,7;
2022-11-21 10:20:48;-36,7574;-73,00362;57,9;61,7;8465,4;56;0;0;0;;26874;512;188,1;
2022-11-21 10:21:18;-36,75585;-72,99565;74,1;61,3;8465,9;45;0;0;0;;27005;522,8;50,1;
2022-11-21 10:21:48;-36,75585;-72,99565;58,1;61,3;8466,2;38;0;0;0;;27005;517,1;172,5;
2022-11-21 10:22:18;-36,75347;-72,99367;82,1;60,8;8466,7;63;0;0;0;;26874;531,7;-52,7;
2022-11-21 10:22:48;-36,74731;-72,99023;52,6;60,8;8467,3;85;0;0;0;;27005;532,2;6,6;
2022-11-21 10:23:18;-36,74731;-72,99023;47,7;60,5;8468;77;0;0;0;;27005;512,5;174,4;
2022-11-21 10:23:48;-36,73865;-72,98618;51,9;60,4;8468,6;48;0;0;0;;27005;522,8;87,5;
2022-11-21 10:24:18;-36,73238;-72,98199;48,7;60,3;8469;53;0;0;0;;26874;532,2;-60,1;
2022-11-21 10:24:48;-36,73238;-72,98199;22,7;60,4;8469,5;46;0;0;0;;26874;535,3;-42,2;
2022-11-21 10:25:18;-36,7267;-72,97974;21,8;60,4;8469,8;16;0;0;0;;27005;527,1;67,7;
2022-11-21 10:25:48;-36,72502;-72,97783;25,5;60,2;8469,9;21;0;0;0;;26874;522,2;79;
2022-11-21 10:26:18;-36,72502;-72,97783;28,3;60,2;8470;6;0;0;0;;27005;525,1;51,2;
2022-11-21 10:26:48;-36,72457;-72,97678;38,7;59,9;8470,1;9;0;0;0;;27005;527,1;3,1;
2022-11-21 10:27:18;-36,72409;-72,97736;40,8;59,9;8470,1;0;0;0;0;;26874;529,2;2;
2022-11-21 10:27:48;-36,72409;-72,97736;40,8;59,9;8470,1;0;0;0;0;;27005;530,2;1,1;
2022-11-21 10:28:18;-36,72409;-72,97736;40,8;59,9;8470,1;0;0;0;0;;27137;530,2;1,1;
2022-11-21 10:28:48;-36,72409;-72,97736;40,8;59,9;8470,1;0;0;0;0;;27137;530,2;1,1;
2022-11-21 10:29:18;-36,72409;-72,97736;40,8;59,9;8470,1;0;0;0;0;;27137;530,7;1,1;
2022-11-21 10:29:48;-36,72409;-72,97736;40,8;59,9;8470,1;0;0;0;0;;27137;530,7;1,4;
2022-11-21 10:30:18;-36,72409;-72,97736;40,8;59,9;8470,1;0;0;0;0;;27137;530,7;1,1;
2022-11-21 10:30:48;-36,72409;-72,97736;40,8;59,9;8470,1;0;0;0;0;;27137;530,7;1,1;
2022-11-21 10:31:18;-36,72409;-72,97736;40,8;59,9;8470,1;0;0;0;0;;27137;530,7;1,1;
2022-11-21 10:31:48;-36,72409;-72,97736;40,8;59,9;8470,1;0;0;0;0;;27137;530,7;1,1;
2022-11-21 10:32:18;-36,72409;-72,97736;40,8;59,9;8470,1;0;0;0;0;;27137;530,7;1,1;
2022-11-21 10:32:48;-36,72409;-72,97736;40,8;59,9;8470,1;0;0;0;0;;27137;530,7;1,1;
2022-11-21 10:33:18;-36,72409;-72,97736;40,8;59,9;8470,1;0;0;0;0;;27137;531,2;1,1;
2022-11-21 10:33:48;-36,72409;-72,97736;40,8;59,9;8470,1;0;0;0;0;;27137;531,2;1,1;
2022-11-21 10:34:18;-36,72409;-72,97736;40,8;59,9;8470,1;0;0;0;0;;27137;531,2;1,1;
2022-11-21 10:34:48;-36,72409;-72,97736;40,8;59,9;8470,1;0;0;0;0;;27137;531,2;1,1;
2022-11-21 10:35:18;-36,72409;-72,97736;40,8;59,9;8470,1;0;0;0;0;;27137;531,2;1,1;
2022-11-21 10:35:48;-36,72409;-72,97736;40,8;59,9;8470,1;0;0;0;0;;27137;531,2;1,1;
2022-11-21 10:36:18;-36,72409;-72,97736;40,8;59,9;8470,1;0;0;0;0;;27137;531,2;1,1;
2022-11-21 10:36:48;-36,72409;-72,97736;40,8;59,9;8470,1;0;0;0;0;;27137;531,2;1,1;
2022-11-21 10:37:18;-36,72409;-72,97736;40,8;59,9;8470,1;0;0;0;0;;27137;531,2;1,1;
2022-11-21 10:37:48;-36,72409;-72,97736;40,8;59,9;8470,1;0;0;0;0;;27137;531,2;1,1;
2022-11-21 10:38:18;-36,72409;-72,97736;40,8;59,8;8470,1;9;0;0;0;;27137;531,2;2,2;
2022-11-21 10:38:48;-36,72403;-72,97746;41,2;59,7;8470,2;0;0;0;0;;27137;529,7;4,2;
2022-11-21 10:39:18;-36,72333;-72,97759;41,3;59,7;8470,2;0;0;0;0;;27137;530,7;1,4;
2022-11-21 10:40:42;-36,72333;-72,97759;41,3;59,7;8470,2;0;0;0;0;;26357;531,2;2;
2022-11-21 10:41:12;-36,72333;-72,97759;37;59,7;8470,3;2;0;0;0;;27137;530,2;2;
2022-11-21 10:41:42;-36,72264;-72,97726;34,6;59,6;8470,4;27;0;0;0;;27137;531,7;-24,4;
2022-11-21 10:42:12;-36,72063;-72,97577;35,1;59,6;8470,6;0;0;0;0;;27137;530,2;0,9;
2022-11-21 10:42:42;-36,72063;-72,97577;32,8;59,5;8470,7;48;0;0;0;;27137;527,6;17,1;
2022-11-21 10:43:12;-36,71898;-72,97477;4;59,7;8471,1;49;0;0;0;;27137;531,2;33;
2022-11-21 10:43:42;-36,71328;-72,97405;-0,5;59,7;8471,5;30;0;0;0;;27137;529,2;26,7;
2022-11-21 10:44:12;-36,71328;-72,97405;-3,6;59,5;8471,7;23;0;0;0;;27137;519,7;130,9;
2022-11-21 10:44:42;-36,71112;-72,97512;-1,6;59,4;8471,9;8;0;0;0;;27137;529,7;1,1;
2022-11-21 10:47:48;-36,71038;-72,97462;2,8;59,5;8471,9;0;0;0;0;;25964;531,2;2,8;
2022-11-21 10:48:15;-36,71038;-72,97462;8;59,5;8471,9;0;0;0;0;;25964;531,2;2;
2022-11-21 10:48:45;-36,71043;-72,97462;2,8;59,3;8472;36;0;0;0;;27137;531,7;-45,8;
2022-11-21 10:49:15;-36,71117;-72,97423;10,1;59,2;8472,1;17;0;0;0;;27137;525,1;53,4;
2022-11-21 10:49:45;-36,71117;-72,97423;21,5;58,9;8472,3;15;0;0;0;;27137;525,1;25,1;
2022-11-21 10:50:15;-36,71167;-72,97277;38,4;58,7;8472,4;28;0;0;0;;27137;518,7;94,9;
2022-11-21 10:50:45;-36,7122;-72,97115;64,8;58,3;8472,6;20;0;0;0;;27137;515,1;123,2;
2022-11-21 10:51:15;-36,7122;-72,97115;79,2;58,1;8472,8;23;0;0;0;;27137;527,1;-8,4;
2022-11-21 10:51:45;-36,71236;-72,96911;92,2;57,8;8473;30;0;0;0;;27137;518,1;113,1;
2022-11-21 11:11:00;-36,71225;-72,96635;99,2;57,8;8473,1;0;0;0;0;;25439;531,7;2,5;
2022-11-21 11:11:30;-36,71175;-72,9656;109,9;57,6;8473,2;25;0;0;0;;27137;521,2;96,8;
2022-11-21 11:12:00;-36,71175;-72,9656;116,9;57,5;8473,3;7;0;0;0;;27137;527,6;25,3;
2022-11-21 11:12:30;-36,71114;-72,96552;116,8;57,5;8473,3;0;0;0;0;;27005;530,2;1,1;
2022-11-21 11:13:00;-36,71113;-72,96551;116,8;57,5;8473,3;0;0;0;0;;27137;530,7;1,1;
2022-11-21 11:13:30;-36,71113;-72,96551;116,8;57,5;8473,3;0;0;0;0;;27137;530,7;1,4;
2022-11-21 11:14:00;-36,71113;-72,96551;116,8;57,5;8473,3;0;0;0;0;;27137;531,2;1,1;
2022-11-21 11:14:30;-36,71113;-72,96551;116,8;57,5;8473,3;0;0;0;0;;27137;531,2;1,4;
2022-11-21 11:15:00;-36,71113;-72,96551;116,8;57,5;8473,3;0;0;0;0;;27137;531,2;1,1;
2022-11-21 11:15:30;-36,71113;-72,96551;116,8;57,5;8473,3;0;0;0;0;;27137;531,2;1,4;
2022-11-21 11:16:00;-36,71113;-72,96551;116,8;57,5;8473,3;0;0;0;0;;27137;531,2;1,4;
2022-11-21 11:16:30;-36,71113;-72,96551;116,8;57,5;8473,3;0;0;0;0;;27137;531,2;1,4;
2022-11-21 11:17:00;-36,71113;-72,96551;116,8;57,5;8473,3;0;0;0;0;;27137;531,2;1,4;
2022-11-21 11:17:30;-36,71113;-72,96551;116,8;57,5;8473,3;0;0;0;0;;27137;531,2;1,4;
2022-11-21 11:18:00;-36,71113;-72,96551;116,8;57,5;8473,3;0;0;0;0;;27137;531,2;1,1;
2022-11-21 11:18:30;-36,71113;-72,96551;116,8;57,5;8473,3;0;0;0;0;;27137;531,2;1,4;
2022-11-21 11:19:00;-36,71113;-72,96551;116,8;57,5;8473,3;0;0;0;0;;27137;531,2;1,4;
2022-11-21 11:19:30;-36,71113;-72,96551;116,8;57,5;8473,3;0;0;0;0;;27137;531,2;2;
2022-11-21 11:20:00;-36,71113;-72,96551;116,8;57,5;8473,3;0;0;0;0;;27137;531,2;1,4;
2022-11-21 11:20:30;-36,71113;-72,96551;116,8;57,5;8473,3;0;0;0;0;;27137;531,2;1,4;
2022-11-21 11:21:00;-36,71113;-72,96551;115,9;57,4;8473,3;11;0;0;0;;27137;531,2;2;
2022-11-21 11:21:30;-36,71115;-72,96605;111,8;57,4;8473,4;2;0;0;0;;27137;531,2;2,8;
2022-11-21 11:22:00;-36,71115;-72,96605;111,9;57,4;8473,4;5;0;0;0;;27137;530,7;6,1;
2022-11-21 11:22:30;-36,71114;-72,96605;111,9;57,4;8473,4;0;0;0;0;;27137;531,2;1,4;
2022-11-21 11:23:00;-36,71114;-72,96605;111,9;57,4;8473,4;0;0;0;0;;27137;531,2;1,4;
2022-11-21 11:23:30;-36,71114;-72,96605;111,9;57,4;8473,4;0;0;0;0;;27137;531,2;1,4;
2022-11-21 11:24:00;-36,71114;-72,96605;111,9;57,4;8473,4;0;0;0;0;;27137;531,2;1,1;
2022-11-21 11:24:30;-36,71114;-72,96605;111,9;57,4;8473,4;0;0;0;0;;27137;531,2;1,4;
2022-11-21 11:25:00;-36,71114;-72,96605;111,9;57,4;8473,4;0;0;0;0;;27137;531,2;1,4;
2022-11-21 11:25:30;-36,71114;-72,96605;111,9;57,4;8473,4;0;0;0;0;;27137;531,2;1,4;
2022-11-21 11:26:00;-36,71114;-72,96605;111,9;57,4;8473,4;0;0;0;0;;27137;531,2;1,4;
2022-11-21 11:26:30;-36,71114;-72,96605;111,9;57,4;8473,4;0;0;0;0;;27137;531,2;1,1;
2022-11-21 11:27:00;-36,71114;-72,96605;111,9;57,4;8473,4;0;0;0;0;;27137;531,2;1,4;
2022-11-21 11:27:30;-36,71114;-72,96605;111,9;57,3;8473,4;2;0;0;0;;27005;531,2;1,7;
2022-11-21 11:28:00;-36,71114;-72,96605;116;57,3;8473,5;11;0;0;0;;27137;528,6;41,3;
2022-11-21 11:28:30;-36,71107;-72,96598;121;57,1;8473,6;22;0;0;0;;27137;523,3;86,1;
2022-11-21 11:29:00;-36,71064;-72,96516;109,1;57;8473,7;9;0;0;0;;27137;529,7;2,5;
2022-11-21 11:34:18;-36,71067;-72,96581;113,2;57;8473,8;0;0;0;0;;26095;531,7;2,5;
2022-11-21 11:34:48;-36,71067;-72,96581;110,2;57;8473,8;20;0;0;0;;27137;532,2;-11,2;
2022-11-21 11:35:18;-36,71098;-72,96616;94,6;57,1;8474;31;0;0;0;;27005;533,8;-24,6;
2022-11-21 11:35:48;-36,71233;-72,9677;78,9;57,2;8474,2;25;0;0;0;;27137;534,3;-20,2;
2022-11-21 11:36:18;-36,71233;-72,9677;68,5;57,2;8474,4;15;0;0;0;;27005;532,7;0;
2022-11-21 11:36:48;-36,71143;-72,97055;52;57,2;8474,6;20;0;0;0;;27137;532,7;-10,3;
2022-11-21 11:37:18;-36,71259;-72,97168;28,9;57,2;8474,7;18;0;0;0;;27137;532,7;-4,6;
2022-11-21 11:37:48;-36,71259;-72,97168;11,3;57,2;8474,8;15;0;0;0;;27005;532,7;-3,7;
2022-11-21 11:38:18;-36,71128;-72,9731;-4,5;57,2;8474,9;0;0;0;0;;27137;532,2;0,9;
2022-11-21 11:38:48;-36,71093;-72,97346;-3;57,1;8475;44;0;0;0;;27137;530,7;-35,9;
2022-11-21 11:39:18;-36,71093;-72,97346;16,6;56,8;8475,3;46;0;0;0;;27137;516,1;126;
2022-11-21 11:39:48;-36,70845;-72,9755;41,6;56,3;8475,8;50;0;0;0;;27137;521,2;50,9;
2022-11-21 11:40:18;-36,70338;-72,97404;67,9;55,9;8476,2;54;0;0;0;;27137;519,2;71,3;
2022-11-21 11:40:48;-36,70338;-72,97404;70,8;55,7;8476,8;71;0;0;0;;27137;532,2;-83,8;
2022-11-21 11:41:18;-36,69737;-72,96951;61,3;55,4;8477,3;73;0;0;0;;27137;514;149,6;
2022-11-21 11:43:15;-36,69156;-72,9669;59,1;55,1;8477,7;42;0;0;0;;27137;513;170,8;
2022-11-21 11:43:42;-36,69156;-72,9669;59,4;54,7;8478,1;43;0;0;0;;27137;523,3;19,6;
2022-11-21 11:43:45;-36,68815;-72,96631;58,9;54,3;8478,3;30;0;0;0;;27137;518,1;84,2;
2022-11-21 11:43:48;-36,6871;-72,96272;62,5;54;8478,6;36;0;0;0;;27137;517,1;96,8;
2022-11-21 11:43:48;-36,6871;-72,96272;62,5;53,6;8478,9;41;0;0;0;;27137;518,1;84,5;
2022-11-21 11:44:18;-36,68393;-72,96133;96,5;53,6;8479,3;48;0;0;0;;27137;519,7;100,7;
2022-11-21 11:44:48;-36,68003;-72,9601;137,5;53,1;8479,7;65;0;0;0;;27137;516,1;-14,5;
2022-11-21 11:45:18;-36,68003;-72,9601;172,8;52,9;8480,3;78;0;0;0;;27137;531,7;-97,2;
2022-11-21 11:45:48;-36,67311;-72,95749;186,7;52,6;8481;81;0;0;0;;27137;519,7;78,4;
2022-11-21 11:46:18;-36,66412;-72,95769;188,8;52,5;8481,6;68;0;0;0;;27137;517,1;127,6;
2022-11-21 11:46:48;-36,66412;-72,95769;190,5;52,4;8482,2;57;0;0;0;;27137;533,2;-62,6;
2022-11-21 11:47:18;-36,65675;-72,95417;188,5;52,1;8482,8;72;0;0;0;;27137;523,8;25,6;
2022-11-21 11:47:48;-36,64954;-72,95443;169,9;52,3;8483,2;49;0;0;0;;27137;534,8;-49,7;
2022-11-21 11:48:18;-36,64954;-72,95443;139,8;52,4;8483,8;59;0;0;0;;27137;536,8;-65,6;
2022-11-21 11:48:48;-36,64298;-72,95481;102,3;52,7;8484,2;44;0;0;0;;27005;535,8;-39,8;
2022-11-21 11:49:18;-36,63869;-72,95795;57,7;52,9;8484,6;43;0;0;0;;27137;538,9;-62,3;
2022-11-21 11:49:48;-36,63869;-72,95795;23,1;53;8484,8;30;0;0;0;;27137;534,8;-31,8;
2022-11-21 11:50:18;-36,63626;-72,95626;-29,6;53,1;8485,1;25;0;0;0;;27005;533,8;-21,3;
2022-11-21 11:50:48;-36,63574;-72,95524;-42,3;53,2;8485,3;32;0;0;0;;27137;535,3;-41,1;
2022-11-21 11:51:18;-36,63574;-72,95524;-62,8;53,2;8485,5;13;0;0;0;;27137;530,2;35;
2022-11-21 11:51:48;-36,63409;-72,95621;-31,7;53,2;8485,6;23;0;0;0;;27137;531,2;-9,8;
2022-11-21 11:52:18;-36,6324;-72,95554;-33,7;53,1;8485,8;19;0;0;0;;27137;525,1;87,8;
2022-11-21 11:52:48;-36,6324;-72,95554;-26,3;52,9;8486,1;43;0;0;0;;27137;531,7;-59,8;
2022-11-21 11:53:18;-36,62866;-72,95588;-19,7;52,9;8486,2;20;0;0;0;;27137;522,8;109,5;
2022-11-21 11:53:48;-36,6265;-72,95562;-16,7;52,8;8486,5;37;0;0;0;;27137;529,2;0;
2022-11-21 11:54:18;-36,6265;-72,95562;-14,2;52,8;8486,8;41;0;0;0;;27137;528,1;22;
2022-11-21 11:54:48;-36,6224;-72,95689;-16,6;52,8;8487;9;0;0;0;;27137;530,2;1,7;
2022-11-21 11:55:18;-36,62088;-72,9575;-15,4;52,7;8487,1;21;0;0;0;;27137;530,2;2,2;
2022-11-21 11:55:48;-36,62088;-72,9575;-19,8;52,7;8487,3;28;0;0;0;;27137;526,1;32,2;
2022-11-21 11:56:18;-36,61886;-72,95889;-28,1;52,6;8487,4;22;0;0;0;;27137;531,2;-11,4;
2022-11-21 11:56:48;-36,61729;-72,96018;-17;52,6;8487,6;23;0;0;0;;27137;526,6;46,2;
2022-11-21 11:57:18;-36,61729;-72,96018;-17,5;52,6;8487,7;1;0;0;0;;27137;530,2;8,3;
2022-11-21 11:57:48;-36,61698;-72,96254;-20,4;52,5;8487,9;19;0;0;0;;27137;529,7;-3,7;
2022-11-21 11:58:18;-36,61516;-72,96242;-9,9;52,3;8488,1;12;0;0;0;;27137;527,1;5,3;
2022-11-21 12:01:54;-36,61421;-72,96198;-4,3;52,3;8488,1;0;0;0;0;;25964;531,2;2,5;
2022-11-21 12:02:24;-36,61421;-72,96198;12,5;52,2;8488,2;18;0;0;0;;27137;522,8;100,4;
2022-11-21 12:02:54;-36,61509;-72,96164;26,5;51,9;8488,4;31;0;0;0;;27137;518,7;112,2;
2022-11-21 12:03:24;-36,61403;-72,95985;43,9;51,8;8488,6;25;0;0;0;;27137;520,2;129,6;
2022-11-21 12:03:54;-36,61403;-72,95985;43,1;51,7;8488,7;0;0;0;0;;27137;529,2;0,9;
2022-11-21 12:04:24;-36,61259;-72,95957;43,1;51,7;8488,7;0;0;0;0;;27137;530,2;0,9;
2022-11-21 12:04:54;-36,61259;-72,95957;43,1;51,7;8488,7;0;0;0;0;;27137;530,2;0,9;
2022-11-21 12:05:24;-36,61259;-72,95957;43,1;51,7;8488,7;0;0;0;0;;27137;530,7;0,9;
2022-11-21 12:05:54;-36,61259;-72,95957;43,1;51,7;8488,7;0;0;0;0;;27137;530,7;0,9;
2022-11-21 12:06:24;-36,61259;-72,95957;43,1;51,7;8488,7;0;0;0;0;;27137;530,7;0,9;
2022-11-21 12:06:54;-36,61259;-72,95957;43,1;51,7;8488,7;0;0;0;0;;27137;530,7;0,9;
2022-11-21 12:07:24;-36,61259;-72,95957;43,1;51,7;8488,7;0;0;0;0;;27137;530,7;0,9;
2022-11-21 12:07:54;-36,61259;-72,95957;43,1;51,7;8488,7;0;0;0;0;;27137;530,7;0,9;
2022-11-21 12:08:24;-36,61259;-72,95957;43,1;51,7;8488,7;0;0;0;0;;27137;530,7;0,9;
2022-11-21 12:08:54;-36,61259;-72,95957;43,1;51,7;8488,7;0;0;0;0;;27137;531,2;0,9;
2022-11-21 12:09:24;-36,61223;-72,96012;54,4;51,5;8488,8;12;0;0;0;;27137;528,6;1,7;
2022-11-21 12:19:36;-36,61196;-72,9608;54,1;51,6;8488,8;0;0;0;0;;25439;531,2;2,5;
2022-11-21 12:20:06;-36,61196;-72,9608;52,5;51,5;8488,9;14;0;0;0;;25439;530,7;0;
2022-11-21 12:20:36;-36,61195;-72,96089;54,5;51,5;8488,9;12;0;0;0;;27137;530,7;0;
2022-11-21 12:21:06;-36,61217;-72,96043;47,3;51,5;8489;10;0;0;0;;27137;531,2;2,2;
2022-11-21 12:21:36;-36,61217;-72,96043;49;51,4;8489,2;32;0;0;0;;27137;528,1;22,9;
2022-11-21 12:22:06;-36,61119;-72,95906;28,3;51,4;8489,4;25;0;0;0;;27005;532,7;-16,9;
2022-11-21 12:22:36;-36,60946;-72,96026;27,3;51,4;8489,5;0;0;0;0;;27137;531,2;0,6;
2022-11-21 12:23:06;-36,60946;-72,96026;27,3;51,4;8489,5;0;0;0;0;;27137;531,2;0,6;
2022-11-21 12:23:36;-36,60946;-72,96026;27,4;51,4;8489,5;0;0;0;0;;27137;531,2;1,1;
2022-11-21 12:24:06;-36,60907;-72,95978;35,5;51,3;8489,6;19;0;0;0;;27005;523,8;84,5;
2022-11-21 12:24:36;-36,60907;-72,95978;37,2;51,2;8489,8;23;0;0;0;;27137;531,2;-12,5;
2022-11-21 12:25:06;-36,60761;-72,95784;27,2;51,2;8490;19;0;0;0;;27137;530,2;-7;
2022-11-21 12:25:36;-36,60679;-72,95551;32,9;51;8490,1;30;0;0;0;;27137;517,1;129;
2022-11-21 12:26:06;-36,60679;-72,95551;54,3;50,7;8490,4;39;0;0;0;;27137;523,3;17,4;
2022-11-21 12:26:36;-36,60397;-72,9536;77,5;50,4;8490,7;31;0;0;0;;27137;518,1;107,8;
2022-11-21 12:27:06;-36,60055;-72,95303;92,2;50,2;8491;14;0;0;0;;27137;525,6;17,9;
2022-11-21 12:27:36;-36,60055;-72,95303;90,4;50,2;8491,2;8;0;0;0;;27137;528,1;2;
2022-11-21 12:28:06;-36,59826;-72,95163;93,1;50,1;8491,2;0;0;0;0;;27137;529,2;1,1;
2022-11-21 12:28:36;-36,5989;-72,95101;94,2;50;8491,3;32;0;0;0;;27137;521,2;99,6;
2022-11-21 12:29:06;-36,5989;-72,95101;86,6;50;8491,5;27;0;0;0;;27137;524,5;119,1;
2022-11-21 12:29:36;-36,60003;-72,94765;78,7;50;8491,7;31;0;0;0;;27137;518,1;155,1;
2022-11-21 12:30:06;-36,60314;-72,94626;105,3;49,6;8492,1;29;0;0;0;;27137;522,8;36,6;
2022-11-21 12:30:36;-36,60314;-72,94626;114,3;49,4;8492,4;26;0;0;0;;27137;523,3;39,1;
2022-11-21 12:31:06;-36,60582;-72,94369;124,3;49,2;8492,6;14;0;0;0;;27137;527,1;3,6;
2022-11-21 12:31:36;-36,60813;-72,94217;144,6;48,9;8492,9;31;0;0;0;;27137;514,6;134,5;
2022-11-21 12:32:06;-36,60813;-72,94217;161;48,7;8493,1;19;0;0;0;;27137;521,2;57,2;
2022-11-21 12:32:36;-36,60942;-72,93866;174,5;48,4;8493,2;30;0;0;0;;27137;521,7;25,9;
2022-11-21 12:33:06;-36,60986;-72,93587;187,6;48,2;8493,4;14;0;0;0;;27137;521,7;54,5;
2022-11-21 12:33:36;-36,60986;-72,93587;208,4;47,9;8493,6;27;0;0;0;;27137;518,1;74,6;
2022-11-21 12:34:06;-36,61093;-72,93335;203,7;47,7;8493,9;52;0;0;0;;27137;530,2;-59,3;
2022-11-21 12:34:36;-36,61423;-72,93607;182,1;47,8;8494,2;29;0;0;0;;27137;530,7;-22,2;
2022-11-21 12:47:39;-36,61504;-72,93763;181,7;47,8;8494,3;0;0;0;0;;25439;531,2;2,5;
2022-11-21 12:48:06;-36,61504;-72,93763;181,7;47,8;8494,3;0;0;0;0;;27005;530,7;2;
2022-11-21 12:48:36;-36,61505;-72,93761;195,4;47,6;8494,5;0;0;0;0;;27005;529,2;1,1;
2022-11-21 12:49:06;-36,61649;-72,93761;195,9;47,6;8494,5;0;0;0;0;;27137;530,2;1,1;
2022-11-21 12:49:36;-36,61649;-72,93761;195,9;47,6;8494,5;0;0;0;0;;27137;530,7;1,1;
2022-11-21 12:50:06;-36,61649;-72,93761;195,9;47,6;8494,5;0;0;0;0;;27137;530,7;1,1;
2022-11-21 12:50:36;-36,61649;-72,93761;195,9;47,6;8494,5;0;0;0;0;;27137;530,7;1,1;
2022-11-21 12:51:06;-36,61649;-72,93761;195,9;47,6;8494,5;0;0;0;0;;27137;531,2;1,1;
2022-11-21 12:51:36;-36,61649;-72,93761;195,9;47,6;8494,5;0;0;0;0;;27137;531,2;1,1;
2022-11-21 12:52:06;-36,61649;-72,93761;195,9;47,6;8494,5;0;0;0;0;;27137;531,2;1,1;
2022-11-21 12:52:36;-36,61649;-72,93761;195,9;47,6;8494,5;0;0;0;0;;27137;531,2;1,1;
2022-11-21 12:53:06;-36,61649;-72,93761;195,9;47,6;8494,5;0;0;0;0;;27137;531,2;1,1;
2022-11-21 12:53:36;-36,61649;-72,93761;195,9;47,6;8494,5;0;0;0;0;;27137;531,2;1,1;
2022-11-21 12:54:06;-36,61649;-72,93761;195,9;47,6;8494,5;0;0;0;0;;27137;531,2;1,1;
2022-11-21 12:54:36;-36,6165;-72,93761;200,8;47,5;8494,6;13;0;0;0;;27137;530,7;0,9;
2022-11-21 12:55:06;-36,61851;-72,93715;195;47,4;8494,8;30;0;0;0;;27137;528,1;-18,6;
2022-11-21 12:55:36;-36,61851;-72,93715;185,6;47,4;8494,9;17;0;0;0;;27137;531,2;-9;
2022-11-21 12:56:06;-36,61848;-72,93975;173,8;47,5;8495;9;0;0;0;;27137;531,2;1,1;
2022-11-21 12:56:36;-36,61846;-72,94134;169,1;47,4;8495,1;5;0;0;0;;27137;530,2;9,7;
2022-11-21 12:57:06;-36,61846;-72,94134;173,4;47,4;8495,2;3;0;0;0;;27137;529,2;1,4;
2022-11-21 12:57:36;-36,61844;-72,94083;173,2;47,4;8495,2;0;0;0;0;;27005;530,7;1,4;
2022-11-21 12:58:06;-36,61844;-72,94083;173,2;47,4;8495,2;0;0;0;0;;27137;530,7;1,1;
2022-11-21 12:58:36;-36,61844;-72,94083;173,2;47,4;8495,2;0;0;0;0;;27137;531,2;1,4;
2022-11-21 12:59:06;-36,61844;-72,94083;173,2;47,4;8495,2;0;0;0;0;;27137;531,2;1,4;
2022-11-21 12:59:36;-36,61844;-72,94083;173,2;47,4;8495,2;0;0;0;0;;27137;531,2;1,4;
2022-11-21 13:00:06;-36,61844;-72,94083;173,2;47,4;8495,2;0;0;0;0;;27137;531,2;1,4;
2022-11-21 13:00:36;-36,61844;-72,94083;173,2;47,4;8495,2;0;0;0;0;;27137;531,2;1,1;
2022-11-21 13:01:06;-36,61844;-72,94083;173,2;47,4;8495,2;0;0;0;0;;27137;531,2;1,1;
2022-11-21 13:01:36;-36,61844;-72,94083;173,2;47,4;8495,2;0;0;0;0;;27137;531,2;1,4;
2022-11-21 13:02:06;-36,61844;-72,94083;173,2;47,4;8495,2;0;0;0;0;;27137;531,2;1,4;
2022-11-21 13:02:36;-36,61844;-72,94083;173,2;47,4;8495,2;0;0;0;0;;27137;531,2;1,4;
2022-11-21 13:03:27;-36,61844;-72,94083;173,2;47,4;8495,2;0;0;0;0;;27137;531,2;1,1;
2022-11-21 13:03:36;-36,61844;-72,94083;173,2;47,4;8495,2;0;0;0;0;;27137;531,2;1,4;
2022-11-21 13:04:06;-36,61844;-72,94083;173,2;47,4;8495,2;0;0;0;0;;27137;531,2;1,4;
2022-11-21 13:04:36;-36,61844;-72,94083;173,2;47,4;8495,2;0;0;0;0;;27137;531,2;1,1;
2022-11-21 13:05:06;-36,61844;-72,94083;173,2;47,4;8495,2;0;0;0;0;;27137;531,2;1,4;
2022-11-21 13:05:36;-36,61844;-72,94083;173,2;47,4;8495,2;0;0;0;0;;27137;531,2;1,4;
2022-11-21 13:06:06;-36,61844;-72,94083;173,2;47,4;8495,2;0;0;0;0;;27137;531,2;1,4;
2022-11-21 13:06:36;-36,61845;-72,94077;177,4;47,2;8495,3;18;0;0;0;;27137;530,7;-5,1;
2022-11-21 13:07:06;-36,6174;-72,94005;184,6;47,1;8495,4;8;0;0;0;;27137;529,7;0,6;
2022-11-21 13:07:36;-36,6174;-72,94005;150,5;47,2;8495,6;22;0;0;0;;27137;534,3;-14,7;
2022-11-21 13:08:06;-36,61692;-72,94355;126,8;47,3;8495,8;0;0;0;0;;27137;532,2;1,7;
2022-11-21 13:33:09;-36,61713;-72,94442;126,8;47,3;8495,8;0;0;0;0;;25832;531,7;3,1;
2022-11-21 13:33:39;-36,61713;-72,94442;107,4;47,3;8495,9;7;0;0;0;;25832;532,2;2,2;
2022-11-21 13:34:09;-36,6173;-72,94558;106,8;47,3;8495,9;0;0;0;0;;27005;531,7;1,1;
2022-11-21 13:34:39;-36,6173;-72,94558;106,8;47,3;8495,9;0;0;0;0;;27137;531,7;1,1;
2022-11-21 13:35:09;-36,6173;-72,94558;106,8;47,3;8495,9;0;0;0;0;;27137;531,7;1,1;
2022-11-21 13:35:39;-36,6173;-72,94558;106,8;47,3;8495,9;0;0;0;0;;27137;531,7;1,1;
2022-11-21 13:36:06;-36,6173;-72,94558;106,8;47,3;8495,9;0;0;0;0;;27137;531,7;1,1;
2022-11-21 13:36:39;-36,6173;-72,94558;92;47,3;8495,9;23;0;0;0;;27005;533,8;-18,3;
2022-11-21 13:37:09;-36,61749;-72,94746;74,6;47,3;8496,1;0;0;0;0;;27137;532,2;1,1;
2022-11-21 13:37:39;-36,6175;-72,94762;73,1;47,3;8496,1;9;0;0;0;;27137;532,2;0,9;
2022-11-21 13:38:09;-36,6175;-72,94762;51;47,3;8496,2;15;0;0;0;;27137;532,2;-4;
2022-11-21 13:38:36;-36,61753;-72,94947;12,3;47,4;8496,3;31;0;0;0;;27137;534,8;-28,5;
2022-11-21 13:39:06;-36,61672;-72,95213;2,4;47,4;8496,5;7;0;0;0;;27137;531,7;11,9;
2022-11-21 13:39:36;-36,61672;-72,95213;0;47,4;8496,6;7;0;0;0;;27137;532,2;1,4;
2022-11-21 13:40:09;-36,61684;-72,95323;-9;47,3;8496,6;3;0;0;0;;27137;531,7;1,1;
2022-11-21 13:40:39;-36,61655;-72,95328;-9,3;47,3;8496,6;17;0;0;0;;27137;531,2;-3,7;
2022-11-21 13:41:09;-36,61655;-72,95328;-13,2;47,3;8496,8;19;0;0;0;;27005;531,7;-4,8;
2022-11-21 13:41:39;-36,61464;-72,95467;-11,2;47,2;8497;21;0;0;0;;27137;531,2;-5,4;
2022-11-21 13:42:06;-36,61332;-72,95361;-7,8;47,1;8497,1;35;0;0;0;;27137;517,6;137;
2022-11-21 13:42:36;-36,61332;-72,95361;3,3;47;8497,3;13;0;0;0;;27137;529,2;-1,8;
2022-11-21 13:43:09;-36,61107;-72,95387;-4,7;47;8497,4;19;0;0;0;;27005;529,2;15,2;
2022-11-21 13:43:39;-36,60972;-72,95531;-18,8;46,9;8497,6;34;0;0;0;;27137;526,1;24,5;
2022-11-21 13:44:09;-36,60972;-72,95531;1,5;46,7;8497,8;16;0;0;0;;27137;527,1;14,1;
2022-11-21 13:44:36;-36,60788;-72,95533;19,5;46,5;8498;11;0;0;0;;27137;527,1;0;
2022-11-21 13:45:06;-36,60694;-72,95705;27,4;46,5;8498,1;16;0;0;0;;27137;526,6;32,2;
2022-11-21 13:45:36;-36,60694;-72,95705;41,1;46,3;8498,4;27;0;0;0;;27137;528,1;-13,1;
2022-11-21 13:46:06;-36,609;-72,95892;30,3;46,3;8498,5;21;0;0;0;;27137;527,1;32,8;
2022-11-21 13:46:39;-36,60979;-72,95986;38,1;46,1;8498,7;34;0;0;0;;27137;521,2;70,4;
2022-11-21 13:47:09;-36,60979;-72,95986;50,5;46;8498,9;0;0;0;0;;27137;528,1;1,1;
2022-11-21 13:47:36;-36,61199;-72,95944;49,7;45,9;8499;25;0;0;0;;27137;517,6;135,6;
2022-11-21 13:48:06;-36,61204;-72,96068;55,5;45,8;8499,1;0;0;0;0;;27137;528,6;1,7;
2022-11-21 13:48:36;-36,61204;-72,96068;55,5;45,8;8499,1;0;0;0;0;;27137;529,7;1,7;
2022-11-21 13:49:09;-36,61204;-72,96068;55,5;45,8;8499,1;0;0;0;0;;27137;529,7;1,7;
2022-11-21 13:49:36;-36,61204;-72,96068;55,5;45,8;8499,1;0;0;0;0;;27137;530,2;1,7;
2022-11-21 13:50:06;-36,61204;-72,96068;55,5;45,8;8499,1;0;0;0;0;;27137;530,2;1,7;
2022-11-21 13:50:36;-36,61204;-72,96068;55,5;45,8;8499,1;0;0;0;0;;27137;530,2;1,7;
2022-11-21 13:51:09;-36,61204;-72,96068;55,5;45,8;8499,1;0;0;0;0;;27137;530,7;1,7;
2022-11-21 13:51:39;-36,61204;-72,96068;55,5;45,8;8499,1;0;0;0;0;;27137;530,7;1,7;
2022-11-21 13:52:09;-36,61204;-72,96068;55,5;45,8;8499,1;0;0;0;0;;27137;530,7;1,7;
2022-11-21 13:52:39;-36,61204;-72,96068;55,5;45,8;8499,1;0;0;0;0;;27137;530,7;1,7;
2022-11-21 13:53:09;-36,61204;-72,96068;55,5;45,8;8499,1;0;0;0;0;;27137;530,7;1,7;
2022-11-21 13:53:39;-36,61204;-72,96068;55,5;45,8;8499,1;0;0;0;0;;27137;530,7;1,7;
2022-11-21 13:54:09;-36,61204;-72,96068;55,5;45,8;8499,1;0;0;0;0;;27137;531,2;1,7;
2022-11-21 13:54:39;-36,61204;-72,96068;55,5;45,8;8499,1;0;0;0;0;;27137;531,2;1,7;
2022-11-21 13:55:09;-36,61204;-72,96068;55,5;45,8;8499,1;0;0;0;0;;27137;531,2;1,7;
2022-11-21 13:55:36;-36,61204;-72,96068;55,5;45,8;8499,1;0;0;0;0;;27137;531,2;1,7;
2022-11-21 13:56:06;-36,61204;-72,96068;55,5;45,8;8499,1;0;0;0;0;;27137;531,2;1,4;
2022-11-21 13:56:36;-36,61204;-72,96068;55,5;45,8;8499,1;0;0;0;0;;27137;531,2;1,7;
2022-11-21 13:57:09;-36,61204;-72,96068;55,5;45,8;8499,1;0;0;0;0;;27137;531,2;1,7;
2022-11-21 13:57:39;-36,61204;-72,96068;55,5;45,8;8499,1;0;0;0;0;;27137;531,2;1,7;
2022-11-21 13:58:06;-36,61204;-72,96068;55,5;45,8;8499,1;0;0;0;0;;27005;531,2;1,7;
2022-11-21 13:58:39;-36,61204;-72,96068;55,5;45,8;8499,1;0;0;0;0;;27137;531,2;1,7;
2022-11-21 13:59:09;-36,61204;-72,96068;55,5;45,7;8499,1;0;0;0;0;;27137;531,2;4,2;
2022-11-21 13:59:39;-36,61204;-72,96068;55,5;45,7;8499,1;0;0;0;0;;27137;531,2;1,7;
2022-11-21 14:00:09;-36,61205;-72,96107;58,2;45,6;8499,2;3;0;0;0;;27137;530,2;15,2;
2022-11-21 14:00:39;-36,61205;-72,96107;54,7;45,6;8499,3;24;0;0;0;;27137;532,7;-13,6;
2022-11-21 14:01:06;-36,61242;-72,95972;47,3;45,6;8499,4;28;0;0;0;;27137;532,7;-28,8;
2022-11-21 14:01:36;-36,61414;-72,96166;15,5;45,7;8499,6;25;0;0;0;;27137;534,3;-18;
2022-11-21 14:02:06;-36,61414;-72,96166;6,7;45,7;8499,7;29;0;0;0;;27005;533,8;-25,7;
2022-11-21 14:02:39;-36,61546;-72,96278;-5,5;45,7;8499,9;34;0;0;0;;27137;532,7;-19,7;
2022-11-21 14:03:09;-36,61754;-72,96303;-3,3;45,6;8500;32;0;0;0;;27137;523,8;67,1;
2022-11-21 14:03:36;-36,61754;-72,96303;-2,7;45,6;8500,2;0;0;0;0;;27005;530,7;1,7;
2022-11-21 14:04:06;-36,61738;-72,96075;-2,9;45,6;8500,3;0;0;0;0;;27137;530,7;1,7;
2022-11-21 14:04:36;-36,61732;-72,9603;-2,8;45,5;8500,3;12;0;0;0;;27137;530,7;1,4;
2022-11-21 14:05:06;-36,61732;-72,9603;-5;45,5;8500,4;0;0;0;0;;27137;530,7;2,2;
2022-11-21 14:05:36;-36,61724;-72,9597;-3,1;45,5;8500,4;7;0;0;0;;27137;530,2;7,7;
2022-11-21 14:06:09;-36,61745;-72,9596;-1,3;45,5;8500,4;0;0;0;0;;27137;531,2;1,7;
2022-11-21 14:06:39;-36,61745;-72,9596;0,3;45,5;8500,4;0;0;0;0;;27137;530,7;1,7;
2022-11-21 14:07:09;-36,61777;-72,95952;1,8;45,5;8500,4;0;0;0;0;;27005;531,2;1,7;
2022-11-21 14:07:39;-36,61822;-72,95941;1,5;45,4;8500,5;9;0;0;0;;27137;530,7;2,2;
2022-11-21 14:08:06;-36,61822;-72,95941;1;45,4;8500,5;12;0;0;0;;27005;529,2;22;
2022-11-21 14:08:36;-36,61904;-72,95888;0,4;45,4;8500,6;0;0;0;0;;27137;530,7;2,8;
2022-11-21 14:09:06;-36,61995;-72,95821;1,3;45,3;8500,7;0;0;0;0;;27137;530,2;5,8;
2022-11-21 14:09:36;-36,61995;-72,95821;2,4;45,1;8501,1;50;0;0;0;;27137;523,3;48,7;
2022-11-21 14:10:06;-36,62461;-72,95641;3,2;45;8501,4;38;0;0;0;;27005;525,1;47,3;
2022-11-21 14:10:36;-36,63048;-72,95594;-1;44,7;8501,9;68;0;0;0;;27137;515,1;152,7;
2022-11-21 14:11:06;-36,63048;-72,95594;1,3;44,5;8502,4;60;0;0;0;;27137;527,1;-10,3;
2022-11-21 14:11:36;-36,63714;-72,95831;34,4;43,9;8503;60;0;0;0;;27137;516,1;145;
2022-11-21 14:12:06;-36,64385;-72,96024;77,9;43,4;8503,5;55;0;0;0;;27137;523,3;-53,2;
2022-11-21 14:12:36;-36,64385;-72,96024;109,6;42,9;8503,9;51;0;0;0;;27137;513,5;106,2;
2022-11-21 14:13:06;-36,64662;-72,96094;127,7;42,5;8504,4;64;0;0;0;;27137;509,4;176,6;
2022-11-21 14:13:45;-36,65119;-72,95567;181,4;41,8;8504,9;69;0;0;0;;27137;507,9;179,9;
2022-11-21 14:14:06;-36,65119;-72,95567;192,2;41,5;8505,4;62;0;0;0;;27137;527,1;-46,1;
2022-11-21 14:14:36;-36,65798;-72,95534;192,1;41,1;8506,1;75;0;0;0;;27137;522,8;-43,1;
2022-11-21 14:15:06;-36,66567;-72,9577;194,2;40,9;8506,7;74;0;0;0;;27137;519,2;83,9;
2022-11-21 14:15:39;-36,66567;-72,9577;195,3;40,6;8507,3;76;0;0;0;;27137;516,6;83,6;
2022-11-21 14:16:09;-36,674;-72,95796;207;40,3;8507,9;80;0;0;0;;27137;518,1;65,2;
2022-11-21 14:16:39;-36,68202;-72,96217;189,9;40,4;8508,6;70;0;0;0;;27137;534,3;-84,3;
2022-11-21 14:17:06;-36,68202;-72,96217;137,7;40,4;8509,2;78;0;0;0;;27137;535,3;-84,9;
2022-11-21 14:17:36;-36,68935;-72,96738;87,1;40,5;8509,9;82;0;0;0;;27137;526,6;59,2;
2022-11-21 14:18:06;-36,69795;-72,97007;56,1;40,3;8510,6;81;0;0;0;;27137;522,8;36,9;
2022-11-21 14:18:39;-36,69795;-72,97007;65,2;40,2;8511,1;53;0;0;0;;27137;532,2;-62;
2022-11-21 14:19:06;-36,70387;-72,97484;52,4;40,2;8511,6;56;0;0;0;;27137;532,2;-63,7;
2022-11-21 14:19:36;-36,70896;-72,97582;29,5;40,4;8512;36;0;0;0;;27137;534,3;-43,6;
2022-11-21 14:20:06;-36,70896;-72,97582;14,7;40,5;8512,3;10;0;0;0;;27137;530,2;3,6;
2022-11-21 14:20:36;-36,71078;-72,97375;14,9;40,5;8512,3;0;0;0;0;;27137;529,7;1,1;
2022-11-21 14:21:06;-36,71391;-72,97422;7,5;40,3;8512,7;64;0;0;0;;27137;520,7;130,1;
2022-11-21 14:21:36;-36,71391;-72,97422;34,4;39,8;8513,3;58;0;0;0;;27137;519,7;0;
2022-11-21 14:22:06;-36,72015;-72,9755;41,2;39,6;8513,5;59;0;0;0;;27005;519,2;56,1;
2022-11-21 14:22:36;-36,72485;-72,97929;16,2;39,5;8514,1;77;0;0;0;;27137;530,2;-90,4;
2022-11-21 14:23:06;-36,72485;-72,97929;41,1;39;8514,7;66;0;0;0;;27137;524,5;-68,6;
2022-11-21 14:23:36;-36,73297;-72,98232;41;38,7;8515,3;73;0;0;0;;27137;518,7;49,8;
2022-11-21 14:24:06;-36,74013;-72,9869;36,9;38,5;8515,9;85;0;0;0;;27137;514,6;136,7;
2022-11-21 14:24:36;-36,74013;-72,9869;44,7;38;8516,6;83;0;0;0;;27137;508,9;170,8;
2022-11-21 14:25:06;-36,74841;-72,99168;74,9;37,5;8517,3;75;0;0;0;;27137;510;161,2;
2022-11-21 14:25:36;-36,75533;-72,99441;71,2;37,4;8517,8;65;0;0;0;;27137;513;150,2;
2022-11-21 14:26:06;-36,75533;-72,99441;54,5;37,4;8518,3;27;0;0;0;;27137;528,6;-13,4;
2022-11-21 14:26:36;-36,7543;-73,00176;47,9;37,5;8518,6;32;0;0;0;;27137;529,2;-22,2;
2022-11-21 14:27:06;-36,75697;-73,00329;38,4;37,1;8519,1;84;0;0;0;;27137;517,1;85;
2022-11-21 14:27:36;-36,75697;-73,00329;22,4;36,8;8519,8;89;0;0;0;;27137;527,6;-105,2;
2022-11-21 14:28:06;-36,76503;-73,0105;17,3;36,4;8520,5;91;0;0;0;;27137;519,7;29,5;
2022-11-21 14:28:36;-36,77378;-73,01581;5,3;36,3;8521,3;80;0;0;0;;27137;518,1;50,6;
2022-11-21 14:29:06;-36,77378;-73,01581;3,2;36,2;8521,9;47;0;0;0;;27137;531,7;-79,6;
2022-11-21 14:29:36;-36,78035;-73,02007;2,5;36,1;8522,2;46;0;0;0;;27137;520,2;80,6;
2022-11-21 14:30:06;-36,78465;-73,02218;1,3;35,9;8522,6;54;0;0;0;;27137;522,8;30,6;
2022-11-21 14:30:36;-36,78465;-73,02218;0,4;36;8522,8;4;0;0;0;;27137;527,1;1,1;
2022-11-21 14:31:06;-36,78701;-73,0232;2,2;35,9;8523;31;0;0;0;;27137;516,6;151,6;
2022-11-21 14:31:36;-36,79116;-73,02503;0;35,7;8523,3;53;0;0;0;;27137;516,6;183,5;
2022-11-21 14:32:06;-36,79116;-73,02503;2,2;35,4;8523,9;71;0;0;0;;27137;527,6;-78,3;
2022-11-21 14:32:36;-36,79865;-73,02584;6,8;35,1;8524,5;76;0;0;0;;27137;515,6;120,8;
2022-11-21 14:33:06;-36,80771;-73,02461;8,6;34,7;8525,2;88;0;0;0;;27137;508,9;167,8;
2022-11-21 14:33:36;-36,80771;-73,02461;6,8;34,8;8525,6;30;0;0;0;;27137;515,6;112,2;
2022-11-21 14:34:06;-36,81121;-73,02746;5,4;34,6;8525,9;42;0;0;0;;27137;519,7;96,8;
2022-11-21 14:34:36;-36,81396;-73,02252;8,9;34,6;8526,2;34;0;0;0;;27137;524,5;-23,5;
2022-11-21 14:35:06;-36,81396;-73,02252;8,7;34,5;8526,4;45;0;0;0;;27137;514,6;113,9;
2022-11-21 14:35:36;-36,81594;-73,01918;15,6;34,3;8526,9;27;0;0;0;;27137;525,1;34,4;
2022-11-21 14:36:06;-36,81582;-73,01892;12,1;34,1;8527,2;64;0;0;0;;27005;511;178,8;
2022-11-21 14:36:36;-36,81582;-73,01892;11,5;33,8;8527,9;77;0;0;0;;27005;525,6;-13,9;
2022-11-21 14:37:06;-36,81059;-73,02781;14,9;33,4;8528,6;77;0;0;0;;27005;514;67,7;
2022-11-21 14:37:36;-36,80601;-73,03676;27,1;33,2;8529,2;71;0;0;0;;27005;524,5;18,5;
2022-11-21 14:38:06;-36,80601;-73,03676;16;32,9;8529,8;84;0;0;0;;27005;513,5;110,6;
2022-11-21 14:38:36;-36,79974;-73,0441;30;32,6;8530,4;74;0;0;0;;27005;515,1;85,8;
2022-11-21 14:39:06;-36,7993;-73,05424;21,6;32,4;8531,1;69;0;0;0;;27005;515,1;108,7;
2022-11-21 14:39:36;-36,7993;-73,05424;28,4;32,3;8531,6;50;0;0;0;;27005;510;169,7;
2022-11-21 14:40:06;-36,79752;-73,06193;21,9;32,1;8532,1;69;0;0;0;;27005;529,2;-76,6;
2022-11-21 14:40:36;-36,79192;-73,07004;10,8;31,8;8532,8;72;0;0;0;;27005;527,1;-12;
2022-11-21 14:41:06;-36,79192;-73,07004;6,1;31,6;8533,4;65;0;0;0;;27005;529,7;-108,8;
2022-11-21 14:41:36;-36,78518;-73,07421;4,7;31,2;8534;83;0;0;0;;27005;510;13,2;
2022-11-21 14:42:06;-36,78332;-73,08501;15,7;30,9;8534,6;73;0;0;0;;27005;507,9;158,2;
2022-11-21 14:42:36;-36,78332;-73,08501;10,6;30,6;8535,3;65;0;0;0;;27005;520,2;8,6;
2022-11-21 14:43:06;-36,78081;-73,09443;15,4;30,5;8535,7;52;0;0;0;;27005;526,6;-86;
2022-11-21 14:43:36;-36,77885;-73,10247;13,3;30,2;8536,3;80;0;0;0;;27005;507,4;167,2;
2022-11-21 14:44:06;-36,77885;-73,10247;12;30,2;8536,5;0;0;0;0;;26874;523,3;2,8;
2022-11-21 14:44:36;-36,77811;-73,10464;13,6;30,2;8536,5;8;0;0;0;;27005;523,8;7,5;
2022-11-21 14:45:06;-36,77771;-73,10438;12,8;30,2;8536,6;0;1;0;0;;27005;524,5;2,8;
2022-11-21 14:45:36;-36,77771;-73,10438;12,8;30,2;8536,6;0;1;0;0;;27005;525,1;2,8;
2022-11-21 14:46:06;-36,77771;-73,10438;12,8;30,1;8536,6;0;1;0;0;;27005;525,1;3,3;
2022-11-21 14:46:36;-36,77771;-73,10438;12,8;30,1;8536,6;0;0;0;0;;27137;525,6;2,2;
2022-11-21 15:28:33;-36,77771;-73,10438;16,6;30,2;8536,6;0;0;0;0;;25832;527,6;2,8;
2022-11-21 15:29:03;-36,77771;-73,10438;16,6;30,2;8536,6;1;0;0;0;;27005;527,6;2,8;
2022-11-21 15:29:33;-36,77771;-73,10439;14,7;30,2;8536,6;0;0;0;0;;27005;527,6;1,1;
2022-11-21 15:30:03;-36,77764;-73,10446;14,7;30,2;8536,6;0;0;0;0;;27137;527,6;0,9;
2022-11-21 15:30:33;-36,77764;-73,10446;14,7;30,2;8536,6;0;0;0;0;;27137;527,6;1,1;
2022-11-21 15:31:03;-36,77764;-73,10446;14,7;30,2;8536,6;0;0;0;0;;27137;527,6;0,9;
2022-11-21 15:31:33;-36,77764;-73,10446;10,6;30,2;8536,6;14;0;0;0;;27137;527,6;0;
2022-11-21 15:32:03;-36,77764;-73,10446;9,4;30,2;8536,6;0;0;0;0;;27137;527,6;1,4;
2022-11-21 15:32:33;-36,77795;-73,10466;9,4;30,2;8536,6;0;0;0;0;;27005;527,6;0,9;
2022-11-21 15:33:03;-36,77795;-73,10466;9,4;30,2;8536,6;0;0;0;0;;27137;527,6;1,1;
2022-11-21 15:33:33;-36,77795;-73,10466;9,4;30,2;8536,6;0;0;0;0;;27137;527,6;0,9;
2022-11-21 15:34:03;-36,77795;-73,10466;9,4;30,2;8536,6;0;0;0;0;;27137;527,6;0,9;
2022-11-21 15:34:33;-36,77811;-73,10471;2,6;30,1;8536,7;0;0;0;0;;27137;527,6;1,4;
2022-11-21 15:35:03;-36,77811;-73,10471;2,6;30,1;8536,7;0;0;0;0;;27137;527,1;1,7;
2022-11-21 15:35:33;-36,77824;-73,10501;2,5;30,1;8536,7;12;0;0;0;;27137;527,1;0;
2022-11-21 15:36:03;-36,77845;-73,10469;-0,6;30;8536,8;15;0;0;0;;27137;527,1;0;
2022-11-21 15:36:33;-36,77845;-73,10469;1;29,8;8537,1;48;0;0;0;;27137;521,7;-17,2;
2022-11-21 15:37:03;-36,77962;-73,09987;1,2;29,7;8537,3;13;0;0;0;;27137;519,7;86,1;
2022-11-21 15:37:33;-36,78041;-73,09653;0,9;29,5;8537,6;33;0;0;0;;27137;522,2;0;
2022-11-21 15:38:03;-36,78041;-73,09653;-0,8;29,4;8537,7;26;0;0;0;;27137;518,7;71,5;
2022-11-21 15:38:33;-36,78106;-73,09352;3,3;28,9;8538,3;86;0;0;0;;27137;512;93,8;
2022-11-21 15:39:03;-36,78392;-73,08249;-3,9;28,7;8539;67;0;0;0;;27137;526,1;-73,9;
2022-11-21 15:39:33;-36,78392;-73,08249;-3,8;28,6;8539,6;59;0;0;0;;27137;517,6;46,8;
2022-11-21 15:40:03;-36,78671;-73,07345;0,7;28,2;8540,2;75;0;0;0;;27137;507,9;68,2;
2022-11-21 15:40:33;-36,79271;-73,06982;3,7;28,3;8540,5;25;0;0;0;;27137;523,3;-9,8;
2022-11-21 15:41:03;-36,79271;-73,06982;5,7;28,2;8540,7;23;0;0;0;;27137;522,8;-6,2;
2022-11-21 15:41:33;-36,79478;-73,06781;9,9;28,1;8540,9;29;0;0;0;;27137;521,7;8;
2022-11-21 15:42:03;-36,79648;-73,06435;16;28;8541,1;11;0;0;0;;27005;520,7;34,4;
2022-11-21 15:42:33;-36,79648;-73,06435;18,1;27,8;8541,5;48;0;0;0;;27137;526,1;-75,2;
2022-11-21 15:43:03;-36,79876;-73,05985;6,3;27,9;8541,7;0;0;0;0;;27137;523,8;1,1;
2022-11-21 15:43:33;-36,79964;-73,05848;6,9;27,9;8541,7;0;0;0;0;;27137;523,8;0,9;
2022-11-21 15:44:03;-36,79964;-73,05848;6,9;27,9;8541,7;0;0;0;0;;27137;523,8;0,9;
2022-11-21 15:44:33;-36,79964;-73,05848;6,9;27,9;8541,7;0;0;0;0;;27137;524,5;0,9;
2022-11-21 15:45:03;-36,79964;-73,05848;6,9;27,9;8541,7;0;0;0;0;;27137;524,5;0,9;
2022-11-21 15:45:33;-36,79964;-73,05848;6,9;27,8;8541,7;3;0;0;0;;27137;523,8;6,4;
2022-11-21 15:46:03;-36,79964;-73,05848;6,9;27,8;8541,8;1;0;0;0;;27137;524,5;1,4;
2022-11-21 15:46:33;-36,79964;-73,05848;6,9;27,8;8541,8;0;0;0;0;;27005;524,5;1,7;
2022-11-21 15:47:03;-36,79964;-73,05848;6,9;27,8;8541,8;0;0;0;0;;27137;524,5;1,1;
2022-11-21 15:49:27;-36,79983;-73,05878;1,9;27,8;8541,8;0;0;0;1;;25832;525,1;0;
2022-11-21 15:49:54;-36,79983;-73,05878;1,9;27,8;8541,8;0;0;0;1;;25832;526,6;-10,6;
2022-11-21 15:50:24;-36,79983;-73,05878;1,9;27,9;8541,8;0;0;0;1;;27137;527,1;-10,3;
2022-11-21 15:50:54;-36,79983;-73,05878;1,9;27,9;8541,8;0;0;0;1;;27137;527,6;-10,6;
2022-11-21 15:51:24;-36,79983;-73,05878;1,9;28;8541,8;0;0;0;1;;27137;527,6;-10,3;
2022-11-21 15:51:54;-36,79983;-73,05878;1,9;28;8541,8;0;0;0;1;;27137;527,6;-10,3;
2022-11-21 15:52:24;-36,79983;-73,05878;1,9;28,1;8541,8;0;0;0;1;;27137;528,1;-10,9;
2022-11-21 15:52:54;-36,79983;-73,05878;1,9;28,1;8541,8;0;0;0;1;;27137;528,1;-10,9;
2022-11-21 15:53:24;-36,79983;-73,05878;1,9;28,1;8541,8;0;0;0;1;;27137;528,1;-10,6;
2022-11-21 15:53:54;-36,79983;-73,05878;1,9;28,2;8541,8;0;0;0;1;;27137;528,6;-10,3;
2022-11-21 15:54:24;-36,79983;-73,05878;1,9;28,2;8541,8;0;0;0;1;;27137;528,6;-10,9;
2022-11-21 15:54:54;-36,79983;-73,05878;1,9;28,2;8541,8;0;0;0;1;;27137;528,6;-10,6;
2022-11-21 15:55:24;-36,79983;-73,05878;1,9;28,3;8541,8;0;0;0;1;;27137;528,6;-10,6;
2022-11-21 15:55:54;-36,79983;-73,05878;1,9;28,3;8541,8;0;0;0;1;;27137;529,2;-10,9;
2022-11-21 15:56:24;-36,79983;-73,05878;1,9;28,4;8541,8;0;0;0;1;;27137;529,2;-10,3;
2022-11-21 15:56:55;-36,79983;-73,05878;1,9;28,4;8541,8;0;0;0;1;;27137;529,2;-10,9;
2022-11-21 15:57:25;-36,79983;-73,05878;1,9;28,5;8541,8;0;0;0;1;;27137;529,2;-10,9;
2022-11-21 15:57:55;-36,79983;-73,05878;1,9;28,5;8541,8;0;0;0;1;;27137;529,2;-10,3;
2022-11-21 15:58:25;-36,79983;-73,05878;1,9;28,5;8541,8;0;0;0;1;;27137;529,7;-10,6;
2022-11-21 15:58:55;-36,79983;-73,05878;1,9;28,6;8541,8;0;0;0;1;;27137;529,7;-10,3;
2022-11-21 15:59:25;-36,79983;-73,05878;1,9;28,6;8541,8;0;0;0;1;;27137;529,7;-10,6;
2022-11-21 15:59:55;-36,79983;-73,05878;1,9;28,7;8541,8;0;0;0;1;;27137;529,7;-10,3;
2022-11-21 16:00:25;-36,79983;-73,05878;1,9;28,7;8541,8;0;0;0;1;;27137;529,7;-10,6;
2022-11-21 16:00:55;-36,79983;-73,05878;1,9;28,7;8541,8;0;0;0;1;;27137;529,7;-10,3;
2022-11-21 16:02:07;-36,79983;-73,05878;65,9;28,8;8541,8;0;0;0;0;;26095;528,6;2,2;
2022-11-21 16:02:37;-36,79983;-73,05878;65,9;28,8;8541,8;0;0;0;0;;26095;528,1;3,9;
2022-11-21 16:03:07;-36,80005;-73,05877;57,7;28,7;8541,8;7;0;0;0;;26874;528,1;0,9;
2022-11-21 16:03:37;-36,80033;-73,0597;31,6;28,7;8541,9;4;0;0;0;;27137;527,1;7,2;
2022-11-21 16:04:07;-36,80033;-73,0597;31,5;28,7;8541,9;0;0;0;0;;27137;527,6;1,4;
2022-11-21 16:04:52;-36,80024;-73,05968;31,5;28,8;8541,9;0;0;0;0;;26226;528,1;2;
2022-11-21 16:06:28;-36,80024;-73,05968;31,5;28,8;8541,9;0;0;0;1;;26095;528,1;-3,2;
2022-11-21 16:06:58;-36,80024;-73,05968;31,5;28,9;8541,9;0;0;0;1;;27137;532,2;-36,7;
2022-11-21 16:07:28;-36,80024;-73,05968;31,5;29;8541,9;0;0;0;1;;27137;533,2;-36,7;
2022-11-21 16:07:58;-36,80024;-73,05968;31,5;29,2;8541,9;0;0;0;1;;27137;533,8;-36,7;
2022-11-21 16:08:28;-36,80024;-73,05968;31,5;29,3;8541,9;0;0;0;1;;27268;534,3;-36,7;
2022-11-21 16:08:58;-36,80024;-73,05968;31,5;29,4;8541,9;0;0;0;1;;27137;534,3;-36,7;
2022-11-21 16:09:28;-36,80024;-73,05968;31,5;29,6;8541,9;0;0;0;1;;27137;534,8;-36,7;
2022-11-21 16:09:58;-36,80024;-73,05968;31,5;29,7;8541,9;0;0;0;1;;27137;534,8;-36,7;
2022-11-21 16:10:28;-36,80024;-73,05968;31,5;29,9;8541,9;0;0;0;1;;27268;535,3;-36,7;
2022-11-21 16:10:58;-36,80024;-73,05968;31,5;30;8541,9;0;0;0;1;;27137;535,8;-36,7;
2022-11-21 16:11:28;-36,80024;-73,05968;31,5;30,2;8541,9;0;0;0;1;;27137;535,8;-36,5;
2022-11-21 16:11:58;-36,80024;-73,05968;31,5;30,3;8541,9;0;0;0;1;;27137;535,8;-36,7;
2022-11-21 16:12:28;-36,80024;-73,05968;31,5;30,4;8541,9;0;0;0;1;;27137;536,3;-36,5;
2022-11-21 16:12:58;-36,80024;-73,05968;31,5;30,6;8541,9;0;0;0;1;;27137;536,3;-36,5;
2022-11-21 16:13:28;-36,80024;-73,05968;31,5;30,7;8541,9;0;0;0;1;;27137;536,8;-36,5;
2022-11-21 16:13:58;-36,80024;-73,05968;31,5;30,9;8541,9;0;0;0;1;;27137;536,8;-36,5;
2022-11-21 16:14:28;-36,80024;-73,05968;31,5;31;8541,9;0;0;0;1;;27137;536,8;-36,5;
2022-11-21 16:14:58;-36,80024;-73,05968;31,5;31,1;8541,9;0;0;0;1;;27137;537,3;-36,2;
2022-11-21 16:15:28;-36,80024;-73,05968;31,5;31,3;8541,9;0;0;0;1;;27137;537,3;-36,5;
2022-11-21 16:15:58;-36,80024;-73,05968;31,5;31,4;8541,9;0;0;0;1;;27137;537,3;-36,5;
2022-11-21 16:16:28;-36,80024;-73,05968;31,5;31,6;8541,9;0;0;0;1;;27137;537,9;-36,5;
2022-11-21 16:16:58;-36,80024;-73,05968;31,5;31,7;8541,9;0;0;0;1;;27137;537,9;-36,5;
2022-11-21 16:17:28;-36,80024;-73,05968;31,5;31,8;8541,9;0;0;0;1;;27137;537,9;-36,2;
2022-11-21 16:17:58;-36,80024;-73,05968;31,5;32;8541,9;0;0;0;1;;27137;537,9;-36,2;
2022-11-21 16:18:28;-36,80024;-73,05968;31,5;32,1;8541,9;0;0;0;1;;27268;537,9;-36,5;
2022-11-21 16:18:58;-36,80024;-73,05968;31,5;32,3;8541,9;0;0;0;1;;27268;538,4;-36,5;
2022-11-21 16:19:28;-36,80024;-73,05968;31,5;32,4;8541,9;0;0;0;1;;27268;538,4;-36,5;
2022-11-21 16:19:58;-36,80024;-73,05968;31,5;32,5;8541,9;0;0;0;1;;27137;538,4;-36,2;
2022-11-21 16:20:28;-36,80024;-73,05968;31,5;32,7;8541,9;0;0;0;1;;27268;538,4;-36,5;
2022-11-21 16:20:58;-36,80024;-73,05968;31,5;32,8;8541,9;0;0;0;1;;27268;538,4;-36,5;
2022-11-21 16:21:28;-36,80024;-73,05968;31,5;33;8541,9;0;0;0;1;;27268;538,4;-36,5;
2022-11-21 16:21:58;-36,80024;-73,05968;31,5;33,1;8541,9;0;0;0;1;;27137;538,4;-36,5;
2022-11-21 16:22:28;-36,80024;-73,05968;31,5;33,2;8541,9;0;0;0;1;;27137;538,4;-36,5;
2022-11-21 16:22:58;-36,80024;-73,05968;31,5;33,4;8541,9;0;0;0;1;;27137;538,9;-36,2;
2022-11-21 16:23:28;-36,80024;-73,05968;31,5;33,5;8541,9;0;0;0;1;;27268;538,9;-36,5;
2022-11-21 16:23:58;-36,80024;-73,05968;31,5;33,7;8541,9;0;0;0;1;;27268;538,9;-36,2;
2022-11-21 16:24:28;-36,80024;-73,05968;31,5;33,8;8541,9;0;0;0;1;;27268;538,9;-36,2;
2022-11-21 16:24:58;-36,80024;-73,05968;31,5;33,9;8541,9;0;0;0;1;;27137;538,9;-36,5;
2022-11-21 16:25:28;-36,80024;-73,05968;31,5;34,1;8541,9;0;0;0;1;;27268;538,9;-36,5;
2022-11-21 16:25:58;-36,80024;-73,05968;31,5;34,2;8541,9;0;0;0;1;;27268;538,9;-36,5;
2022-11-21 16:26:28;-36,80024;-73,05968;31,5;34,4;8541,9;0;0;0;1;;27268;538,9;-36,5;
2022-11-21 16:26:58;-36,80024;-73,05968;31,5;34,5;8541,9;0;0;0;1;;27137;538,9;-36,5;
2022-11-21 16:27:28;-36,80024;-73,05968;31,5;34,7;8541,9;0;0;0;1;;27268;538,9;-36,5;
2022-11-21 16:27:58;-36,80024;-73,05968;31,5;34,8;8541,9;0;0;0;1;;27268;539,4;-36,5;
2022-11-21 16:28:28;-36,80024;-73,05968;31,5;34,9;8541,9;0;0;0;1;;27268;539,4;-36,2;
2022-11-21 16:28:58;-36,80024;-73,05968;31,5;35,1;8541,9;0;0;0;1;;27268;539,4;-36,2;
2022-11-21 16:29:28;-36,80024;-73,05968;31,5;35,2;8541,9;0;0;0;1;;27268;539,4;-36,5;
2022-11-21 16:29:58;-36,80024;-73,05968;31,5;35,3;8541,9;0;0;0;1;;27268;539,4;-36,2;
2022-11-21 16:30:28;-36,80024;-73,05968;31,5;35,5;8541,9;0;0;0;1;;27268;539,4;-36,2;
2022-11-21 16:30:58;-36,80024;-73,05968;31,5;35,6;8541,9;0;0;0;1;;27268;539,4;-36,2;
2022-11-21 16:31:28;-36,80024;-73,05968;31,5;35,8;8541,9;0;0;0;1;;27268;539,4;-36,5;
2022-11-21 16:31:58;-36,80024;-73,05968;31,5;35,9;8541,9;0;0;0;1;;27268;539,4;-36,2;
2022-11-21 16:32:28;-36,80024;-73,05968;31,5;36;8541,9;0;0;0;1;;27137;539,4;-36,5;
2022-11-21 16:32:58;-36,80024;-73,05968;31,5;36,2;8541,9;0;0;0;1;;27268;539,4;-36,2;
2022-11-21 16:33:28;-36,80024;-73,05968;31,5;36,3;8541,9;0;0;0;1;;27137;539,4;-36,2;
2022-11-21 16:33:58;-36,80024;-73,05968;31,5;36,5;8541,9;0;0;0;1;;27137;539,4;-36,2;
2022-11-21 16:34:28;-36,80024;-73,05968;31,5;36,6;8541,9;0;0;0;1;;27137;539,4;-36,5;
2022-11-21 16:34:58;-36,80024;-73,05968;31,5;36,8;8541,9;0;0;0;1;;27268;539,4;-36,2;
2022-11-21 16:35:28;-36,80024;-73,05968;31,5;36,9;8541,9;0;0;0;1;;27137;539,4;-36,2;
2022-11-21 16:35:58;-36,80024;-73,05968;31,5;37;8541,9;0;0;0;1;;27268;539,4;-36,2;
2022-11-21 16:36:28;-36,80024;-73,05968;31,5;37,2;8541,9;0;0;0;1;;27268;539,4;-36,2;
2022-11-21 16:36:58;-36,80024;-73,05968;31,5;37,3;8541,9;0;0;0;1;;27268;539,4;-36,2;
2022-11-21 16:37:28;-36,80024;-73,05968;31,5;37,4;8541,9;0;0;0;1;;27137;539,4;-36,2;
2022-11-21 16:37:58;-36,80024;-73,05968;31,5;37,6;8541,9;0;0;0;1;;27268;539,4;-36,2;
2022-11-21 16:38:28;-36,80024;-73,05968;31,5;37,7;8541,9;0;0;0;1;;27268;539,4;-36,2;
2022-11-21 16:38:58;-36,80024;-73,05968;31,5;37,9;8541,9;0;0;0;1;;27137;539,9;-36,2;
2022-11-21 16:39:28;-36,80024;-73,05968;31,5;38;8541,9;0;0;0;1;;27137;539,4;-36,5;
2022-11-21 16:39:58;-36,80024;-73,05968;31,5;38,1;8541,9;0;0;0;1;;27137;539,9;-36,2;
2022-11-21 16:40:28;-36,80024;-73,05968;31,5;38,3;8541,9;0;0;0;1;;27268;539,4;-36,2;
2022-11-21 16:40:58;-36,80024;-73,05968;31,5;38,4;8541,9;0;0;0;1;;27137;539,9;-36,2;
2022-11-21 16:41:28;-36,80024;-73,05968;31,5;38,6;8541,9;0;0;0;1;;27137;539,9;-36,2;
2022-11-21 16:41:58;-36,80024;-73,05968;31,5;38,7;8541,9;0;0;0;1;;27137;539,9;-36,2;
2022-11-21 16:42:28;-36,80024;-73,05968;31,5;38,9;8541,9;0;0;0;1;;27137;539,4;-36,2;
2022-11-21 16:42:58;-36,80024;-73,05968;31,5;39;8541,9;0;0;0;1;;27137;539,4;-36,2;
2022-11-21 16:43:28;-36,80024;-73,05968;31,5;39,1;8541,9;0;0;0;1;;27137;539,4;-36,2;
2022-11-21 16:43:58;-36,80024;-73,05968;31,5;39,3;8541,9;0;0;0;1;;27268;539,4;-36,2;
2022-11-21 16:44:28;-36,80024;-73,05968;31,5;39,4;8541,9;0;0;0;1;;27137;539,9;-36,2;
2022-11-21 16:44:58;-36,80024;-73,05968;31,5;39,6;8541,9;0;0;0;1;;27268;539,9;-36,2;
2022-11-21 16:45:28;-36,80024;-73,05968;31,5;39,7;8541,9;0;0;0;1;;27268;539,9;-36,2;
2022-11-21 16:45:58;-36,80024;-73,05968;31,5;39,8;8541,9;0;0;0;1;;27137;539,9;-36,2;
2022-11-21 16:46:28;-36,80024;-73,05968;31,5;40;8541,9;0;0;0;1;;27268;539,9;-36,5;
2022-11-21 16:46:58;-36,80024;-73,05968;31,5;40,1;8541,9;0;0;0;1;;27268;539,9;-36,2;
2022-11-21 16:47:28;-36,80024;-73,05968;31,5;40,2;8541,9;0;0;0;1;;27137;539,4;-36,2;
2022-11-21 16:47:58;-36,80024;-73,05968;31,5;40,4;8541,9;0;0;0;1;;27268;539,4;-36,2;
2022-11-21 16:48:28;-36,80024;-73,05968;31,5;40,5;8541,9;0;0;0;1;;27268;539,4;-36,2;
2022-11-21 16:48:58;-36,80024;-73,05968;31,5;40,7;8541,9;0;0;0;1;;27268;539,4;-36,2;
2022-11-21 16:49:28;-36,80024;-73,05968;31,5;40,8;8541,9;0;0;0;1;;27137;539,9;-36,2;
2022-11-21 16:49:58;-36,80024;-73,05968;31,5;41;8541,9;0;0;0;1;;27268;539,4;-36,2;
2022-11-21 16:50:28;-36,80024;-73,05968;31,5;41,1;8541,9;0;0;0;1;;27268;539,4;-36,5;
2022-11-21 16:50:58;-36,80024;-73,05968;31,5;41,2;8541,9;0;0;0;1;;27137;539,4;-36,2;
2022-11-21 16:51:28;-36,80024;-73,05968;31,5;41,4;8541,9;0;0;0;1;;27137;539,4;-36,2;
2022-11-21 16:51:58;-36,80024;-73,05968;31,5;41,5;8541,9;0;0;0;1;;27268;539,4;-36,2;
2022-11-21 16:52:28;-36,80024;-73,05968;31,5;41,6;8541,9;0;0;0;1;;27137;539,4;-36,5;
2022-11-21 16:52:58;-36,80024;-73,05968;31,5;41,8;8541,9;0;0;0;1;;27137;539,4;-36,5;
2022-11-21 16:53:28;-36,80024;-73,05968;31,5;41,9;8541,9;0;0;0;1;;27137;539,4;-36,5;
2022-11-21 16:53:58;-36,80024;-73,05968;31,5;42,1;8541,9;0;0;0;1;;27137;539,9;-36,5;
2022-11-21 16:54:28;-36,80024;-73,05968;31,5;42,2;8541,9;0;0;0;1;;27268;539,4;-36,2;
2022-11-21 16:54:58;-36,80024;-73,05968;31,5;42,3;8541,9;0;0;0;1;;27268;539,4;-36,2;
2022-11-21 16:55:28;-36,80024;-73,05968;31,5;42,5;8541,9;0;0;0;1;;27137;539,4;-36,2;
2022-11-21 16:55:58;-36,80024;-73,05968;31,5;42,6;8541,9;0;0;0;1;;27137;539,4;-36,2;
2022-11-21 16:56:28;-36,80024;-73,05968;31,5;42,8;8541,9;0;0;0;1;;27137;539,4;-36,2;
2022-11-21 16:56:58;-36,80024;-73,05968;31,5;42,9;8541,9;0;0;0;1;;27137;539,4;-36,2;
2022-11-21 16:57:28;-36,80024;-73,05968;31,5;43,1;8541,9;0;0;0;1;;27137;539,4;-36,2;
2022-11-21 16:57:58;-36,80024;-73,05968;31,5;43,2;8541,9;0;0;0;1;;27137;539,4;-36,2;
2022-11-21 16:58:28;-36,80024;-73,05968;31,5;43,3;8541,9;0;0;0;1;;27137;539,9;-36,2;
2022-11-21 16:58:58;-36,80024;-73,05968;31,5;43,5;8541,9;0;0;0;1;;27268;539,4;-36,2;
2022-11-21 16:59:28;-36,80024;-73,05968;31,5;43,6;8541,9;0;0;0;1;;27137;539,4;-36,2;
2022-11-21 16:59:55;-36,80024;-73,05968;31,5;43,7;8541,9;0;0;0;1;;27137;539,4;-36,2;
2022-11-21 17:00:25;-36,80024;-73,05968;31,5;43,9;8541,9;0;0;0;1;;27268;539,9;-36,2;
2022-11-21 17:00:55;-36,80024;-73,05968;31,5;44;8541,9;0;0;0;1;;27268;539,4;-36,2;
2022-11-21 17:01:28;-36,80024;-73,05968;31,5;44,2;8541,9;0;0;0;1;;27137;539,9;-36,5;
2022-11-21 17:01:58;-36,80024;-73,05968;31,5;44,3;8541,9;0;0;0;1;;27137;539,9;-36,2;
2022-11-21 17:02:28;-36,80024;-73,05968;31,5;44,4;8541,9;0;0;0;1;;27137;539,4;-36,2;
2022-11-21 17:02:58;-36,80024;-73,05968;31,5;44,6;8541,9;0;0;0;1;;27268;539,4;-36,2;
2022-11-21 17:03:28;-36,80024;-73,05968;31,5;44,7;8541,9;0;0;0;1;;27137;539,9;-36,5;
2022-11-21 17:03:58;-36,80024;-73,05968;31,5;44,9;8541,9;0;0;0;1;;27137;539,9;-36,2;
2022-11-21 17:04:28;-36,80024;-73,05968;31,5;45;8541,9;0;0;0;1;;27268;539,4;-36,2;
2022-11-21 17:04:58;-36,80024;-73,05968;31,5;45,2;8541,9;0;0;0;1;;27268;539,9;-36,2;
2022-11-21 17:05:28;-36,80024;-73,05968;31,5;45,3;8541,9;0;0;0;1;;27137;539,9;-36,2;
2022-11-21 17:05:58;-36,80024;-73,05968;31,5;45,4;8541,9;0;0;0;1;;27268;539,9;-36,2;
2022-11-21 17:06:28;-36,80024;-73,05968;31,5;45,6;8541,9;0;0;0;1;;27268;539,9;-36,5;
2022-11-21 17:06:58;-36,80024;-73,05968;31,5;45,7;8541,9;0;0;0;1;;27268;539,9;-36,2;
2022-11-21 17:07:28;-36,80024;-73,05968;31,5;45,8;8541,9;0;0;0;1;;27137;539,9;-36,2;
2022-11-21 17:07:58;-36,80024;-73,05968;31,5;46;8541,9;0;0;0;1;;27268;539,9;-36,2;
2022-11-21 17:08:28;-36,80024;-73,05968;31,5;46,1;8541,9;0;0;0;1;;27137;539,9;-36,2;
2022-11-21 17:08:58;-36,80024;-73,05968;31,5;46,3;8541,9;0;0;0;1;;27268;539,9;-36,2;
2022-11-21 17:09:25;-36,80024;-73,05968;31,5;46,4;8541,9;0;0;0;1;;27268;539,9;-36,2;
2022-11-21 17:09:55;-36,80024;-73,05968;31,5;46,5;8541,9;0;0;0;1;;27268;539,9;-36,5;
2022-11-21 17:10:25;-36,80024;-73,05968;31,5;46,7;8541,9;0;0;0;1;;27268;539,9;-36,2;
2022-11-21 17:10:58;-36,80024;-73,05968;31,5;46,8;8541,9;0;0;0;1;;27137;539,9;-36,2;
2022-11-21 17:11:28;-36,80024;-73,05968;31,5;47;8541,9;0;0;0;1;;27268;539,9;-36,2;
2022-11-21 17:11:58;-36,80024;-73,05968;31,5;47,1;8541,9;0;0;0;1;;27268;539,9;-36,5;
2022-11-21 17:12:28;-36,80024;-73,05968;31,5;47,3;8541,9;0;0;0;1;;27137;539,9;-36,2;
2022-11-21 17:12:58;-36,80024;-73,05968;31,5;47,4;8541,9;0;0;0;1;;27268;539,9;-36,2;
2022-11-21 17:13:28;-36,80024;-73,05968;31,5;47,5;8541,9;0;0;0;1;;27268;539,9;-36,5;
2022-11-21 17:13:58;-36,80024;-73,05968;31,5;47,7;8541,9;0;0;0;1;;27137;539,9;-36,2;
2022-11-21 17:14:28;-36,80024;-73,05968;31,5;47,8;8541,9;0;0;0;1;;27268;539,9;-36,2;
2022-11-21 17:14:58;-36,80024;-73,05968;31,5;48;8541,9;0;0;0;1;;27268;539,9;-36,2;
2022-11-21 17:15:25;-36,80024;-73,05968;31,5;48,1;8541,9;0;0;0;1;;27137;539,9;-36,2;
2022-11-21 17:15:55;-36,80024;-73,05968;31,5;48,2;8541,9;0;0;0;1;;27137;539,9;-36,5;
2022-11-21 17:16:25;-36,80024;-73,05968;31,5;48,4;8541,9;0;0;0;1;;27268;539,9;-36,2;
2022-11-21 17:16:55;-36,80024;-73,05968;31,5;48,5;8541,9;0;0;0;1;;27137;539,9;-36,2;
2022-11-21 17:17:28;-36,80024;-73,05968;31,5;48,6;8541,9;0;0;0;1;;27137;539,9;-36,2;
2022-11-21 17:17:58;-36,80024;-73,05968;31,5;48,8;8541,9;0;0;0;1;;27268;539,9;-36,2;
2022-11-21 17:18:28;-36,80024;-73,05968;31,5;48,9;8541,9;0;0;0;1;;27137;539,9;-36,2;
2022-11-21 17:18:58;-36,80024;-73,05968;31,5;49,1;8541,9;0;0;0;1;;27268;539,9;-36,2;
2022-11-21 17:19:28;-36,80024;-73,05968;31,5;49,2;8541,9;0;0;0;1;;27268;539,9;-36,2;
2022-11-21 17:19:58;-36,80024;-73,05968;31,5;49,4;8541,9;0;0;0;1;;27268;539,9;-36,5;
2022-11-21 17:20:28;-36,80024;-73,05968;31,5;49,5;8541,9;0;0;0;1;;27137;539,9;-36,2;
2022-11-21 17:20:58;-36,80024;-73,05968;31,5;49,6;8541,9;0;0;0;1;;27137;539,9;-36,2;
2022-11-21 17:21:28;-36,80024;-73,05968;31,5;49,8;8541,9;0;0;0;1;;27137;539,9;-36,5;
2022-11-21 17:21:58;-36,80024;-73,05968;31,5;49,9;8541,9;0;0;0;1;;27137;539,9;-36,2;
2022-11-21 17:22:28;-36,80024;-73,05968;31,5;50,1;8541,9;0;0;0;1;;27137;539,9;-36,2;
2022-11-21 17:22:58;-36,80024;-73,05968;31,5;50,2;8541,9;0;0;0;1;;27268;539,9;-36,2;
2022-11-21 17:23:28;-36,80024;-73,05968;31,5;50,3;8541,9;0;0;0;1;;27268;539,9;-36,2;
2022-11-21 17:23:58;-36,80024;-73,05968;31,5;50,5;8541,9;0;0;0;1;;27268;539,9;-36,5;
2022-11-21 17:24:28;-36,80024;-73,05968;31,5;50,6;8541,9;0;0;0;1;;27268;539,9;-36,2;
2022-11-21 17:24:58;-36,80024;-73,05968;31,5;50,7;8541,9;0;0;0;1;;27268;539,9;-36,2;
2022-11-21 17:25:28;-36,80024;-73,05968;31,5;50,9;8541,9;0;0;0;1;;27268;539,9;-36,2;
2022-11-21 17:25:58;-36,80024;-73,05968;31,5;51;8541,9;0;0;0;1;;27268;539,9;-36,5;
2022-11-21 17:26:28;-36,80024;-73,05968;31,5;51,2;8541,9;0;0;0;1;;27268;539,9;-36,5;
2022-11-21 17:26:58;-36,80024;-73,05968;31,5;51,3;8541,9;0;0;0;1;;27268;539,9;-36,2;
2022-11-21 17:27:28;-36,80024;-73,05968;31,5;51,5;8541,9;0;0;0;1;;27137;539,9;-36,5;
2022-11-21 17:27:58;-36,80024;-73,05968;31,5;51,6;8541,9;0;0;0;1;;27137;539,9;-36,2;
2022-11-21 17:28:28;-36,80024;-73,05968;31,5;51,7;8541,9;0;0;0;1;;27268;539,9;-36,5;
2022-11-21 17:28:58;-36,80024;-73,05968;31,5;51,9;8541,9;0;0;0;1;;27137;539,9;-36,5;
2022-11-21 17:29:28;-36,80024;-73,05968;31,5;52;8541,9;0;0;0;1;;27268;539,9;-36,2;
2022-11-21 17:29:58;-36,80024;-73,05968;31,5;52,1;8541,9;0;0;0;1;;27268;539,9;-36,2;
2022-11-21 17:30:28;-36,80024;-73,05968;31,5;52,3;8541,9;0;0;0;1;;27137;539,9;-36,2;
2022-11-21 17:30:58;-36,80024;-73,05968;31,5;52,4;8541,9;0;0;0;1;;27268;539,9;-36,2;
2022-11-21 17:31:28;-36,80024;-73,05968;31,5;52,6;8541,9;0;0;0;1;;27137;539,9;-36,5;
2022-11-21 17:31:58;-36,80024;-73,05968;31,5;52,7;8541,9;0;0;0;1;;27137;539,9;-36,2;
2022-11-21 17:32:28;-36,80024;-73,05968;31,5;52,8;8541,9;0;0;0;1;;27137;539,9;-36,2;
2022-11-21 17:32:55;-36,80024;-73,05968;31,5;53;8541,9;0;0;0;1;;27268;539,9;-36,2;
2022-11-21 17:33:25;-36,80024;-73,05968;31,5;53,1;8541,9;0;0;0;1;;27268;539,9;-36,2;
2022-11-21 17:33:55;-36,80024;-73,05968;31,5;53,3;8541,9;0;0;0;1;;27268;539,9;-36,2;
2022-11-21 17:34:25;-36,80024;-73,05968;31,5;53,4;8541,9;0;0;0;1;;27137;539,9;-36,2;
2022-11-21 17:34:55;-36,80024;-73,05968;31,5;53,6;8541,9;0;0;0;1;;27268;539,9;-36,2;
2022-11-21 17:35:28;-36,80024;-73,05968;31,5;53,7;8541,9;0;0;0;1;;27137;539,9;-36,2;
2022-11-21 17:35:58;-36,80024;-73,05968;31,5;53,8;8541,9;0;0;0;1;;27137;539,9;-36,2;
2022-11-21 17:36:28;-36,80024;-73,05968;31,5;54;8541,9;0;0;0;1;;27137;540,4;-36,2;
2022-11-21 17:36:58;-36,80024;-73,05968;31,5;54,1;8541,9;0;0;0;1;;27137;540,4;-36,2;
2022-11-21 17:37:28;-36,80024;-73,05968;31,5;54,2;8541,9;0;0;0;1;;27137;539,9;-36,2;
2022-11-21 17:37:58;-36,80024;-73,05968;31,5;54,4;8541,9;0;0;0;1;;27137;540,4;-36,2;
2022-11-21 17:38:28;-36,80024;-73,05968;31,5;54,5;8541,9;0;0;0;1;;27137;540,4;-36,2;
2022-11-21 17:38:58;-36,80024;-73,05968;31,5;54,7;8541,9;0;0;0;1;;27268;540,4;-36,2;
2022-11-21 17:39:28;-36,80024;-73,05968;31,5;54,8;8541,9;0;0;0;1;;27137;540,4;-36,2;
2022-11-21 17:39:58;-36,80024;-73,05968;31,5;54,9;8541,9;0;0;0;1;;27137;540,4;-36,2;
2022-11-21 17:40:28;-36,80024;-73,05968;31,5;55,1;8541,9;0;0;0;1;;27268;540,4;-36,2;
2022-11-21 17:40:58;-36,80024;-73,05968;31,5;55,2;8541,9;0;0;0;1;;27137;540,4;-36,2;
2022-11-21 17:41:28;-36,80024;-73,05968;31,5;55,4;8541,9;0;0;0;1;;27137;540,4;-36,2;
2022-11-21 17:41:58;-36,80024;-73,05968;31,5;55,5;8541,9;0;0;0;1;;27137;540,4;-36,5;
2022-11-21 17:42:28;-36,80024;-73,05968;31,5;55,6;8541,9;0;0;0;1;;27137;540,4;-36,5;
2022-11-21 17:42:58;-36,80024;-73,05968;31,5;55,8;8541,9;0;0;0;1;;27137;540,4;-36,2;
2022-11-21 17:43:28;-36,80024;-73,05968;31,5;55,9;8541,9;0;0;0;1;;27137;540,4;-36,2;
2022-11-21 17:43:58;-36,80024;-73,05968;31,5;56,1;8541,9;0;0;0;1;;27268;540,4;-36,5;
2022-11-21 17:44:28;-36,80024;-73,05968;31,5;56,2;8541,9;0;0;0;1;;27137;540,4;-36,2;
2022-11-21 17:44:58;-36,80024;-73,05968;31,5;56,3;8541,9;0;0;0;1;;27268;540,4;-35,9;
2022-11-21 17:45:28;-36,80024;-73,05968;31,5;56,5;8541,9;0;0;0;1;;27268;540,4;-36,2;
2022-11-21 17:45:58;-36,80024;-73,05968;31,5;56,6;8541,9;0;0;0;1;;27268;540,4;-36,2;
2022-11-21 17:46:28;-36,80024;-73,05968;31,5;56,8;8541,9;0;0;0;1;;27268;540,4;-36,2;
2022-11-21 17:46:58;-36,80024;-73,05968;31,5;56,9;8541,9;0;0;0;1;;27137;540,4;-36,2;
2022-11-21 17:47:28;-36,80024;-73,05968;31,5;57;8541,9;0;0;0;1;;27137;540,4;-36,2;
2022-11-21 17:47:58;-36,80024;-73,05968;31,5;57,2;8541,9;0;0;0;1;;27268;540,9;-36,2;
2022-11-21 17:48:28;-36,80024;-73,05968;31,5;57,3;8541,9;0;0;0;1;;27137;540,9;-36,5;
2022-11-21 17:48:58;-36,80024;-73,05968;31,5;57,5;8541,9;0;0;0;1;;27268;540,9;-36,2;
2022-11-21 17:49:28;-36,80024;-73,05968;31,5;57,6;8541,9;0;0;0;1;;27268;540,9;-35,9;
2022-11-21 17:49:55;-36,80024;-73,05968;31,5;57,7;8541,9;0;0;0;1;;27268;540,9;-36,2;
2022-11-21 17:50:25;-36,80024;-73,05968;31,5;57,9;8541,9;0;0;0;1;;27268;540,9;-36,2;
2022-11-21 17:50:55;-36,80024;-73,05968;31,5;58;8541,9;0;0;0;1;;27137;540,9;-36,5;
2022-11-21 17:51:25;-36,80024;-73,05968;31,5;58,2;8541,9;0;0;0;1;;27137;540,9;-36,2;
2022-11-21 17:51:55;-36,80024;-73,05968;31,5;58,3;8541,9;0;0;0;1;;27268;540,9;-36,2;
2022-11-21 17:52:25;-36,80024;-73,05968;31,5;58,4;8541,9;0;0;0;1;;27137;540,9;-36,2;
2022-11-21 17:52:55;-36,80024;-73,05968;31,5;58,6;8541,9;0;0;0;1;;27268;540,9;-36,2;
2022-11-21 17:53:25;-36,80024;-73,05968;31,5;58,7;8541,9;0;0;0;1;;27268;540,9;-35,9;
2022-11-21 17:53:55;-36,80024;-73,05968;31,5;58,9;8541,9;0;0;0;1;;27137;540,9;-36,2;
2022-11-21 17:54:25;-36,80024;-73,05968;31,5;59;8541,9;0;0;0;1;;27137;540,9;-36,2;
2022-11-21 17:54:55;-36,80024;-73,05968;31,5;59,1;8541,9;0;0;0;1;;27137;540,9;-35,9;
2022-11-21 17:55:25;-36,80024;-73,05968;31,5;59,3;8541,9;0;0;0;1;;27137;541,4;-36,2;
2022-11-21 17:55:55;-36,80024;-73,05968;31,5;59,4;8541,9;0;0;0;1;;27268;541,4;-36,2;
2022-11-21 17:56:25;-36,80024;-73,05968;31,5;59,6;8541,9;0;0;0;1;;27268;541,4;-35,9;
2022-11-21 17:56:55;-36,80024;-73,05968;31,5;59,7;8541,9;0;0;0;1;;27137;541,4;-35,9;
2022-11-21 17:57:25;-36,80024;-73,05968;31,5;59,8;8541,9;0;0;0;1;;27268;541,4;-36,2;
2022-11-21 17:57:55;-36,80024;-73,05968;31,5;60;8541,9;0;0;0;1;;27137;541,4;-35,9;
2022-11-21 17:58:25;-36,80024;-73,05968;31,5;60,1;8541,9;0;0;0;1;;27137;541,4;-36,2;
2022-11-21 17:58:55;-36,80024;-73,05968;31,5;60,2;8541,9;0;0;0;1;;27268;541,4;-35,9;
2022-11-21 17:59:25;-36,80024;-73,05968;31,5;60,4;8541,9;0;0;0;1;;27268;542;-35,9;
2022-11-21 17:59:55;-36,80024;-73,05968;31,5;60,5;8541,9;0;0;0;1;;27268;542;-36,2;
2022-11-21 18:00:25;-36,80024;-73,05968;31,5;60,7;8541,9;0;0;0;1;;27268;542;-35,9;
2022-11-21 18:00:55;-36,80024;-73,05968;31,5;60,8;8541,9;0;0;0;1;;27268;542;-35,9;
2022-11-21 18:01:25;-36,80024;-73,05968;31,5;60,9;8541,9;0;0;0;1;;27137;542;-36,2;
2022-11-21 18:01:55;-36,80024;-73,05968;31,5;61,1;8541,9;0;0;0;1;;27268;542;-35,9;
2022-11-21 18:02:25;-36,80024;-73,05968;31,5;61,2;8541,9;0;0;0;1;;27137;542,5;-35,9;
2022-11-21 18:02:55;-36,80024;-73,05968;31,5;61,4;8541,9;0;0;0;1;;27268;542,5;-36,2;
2022-11-21 18:03:25;-36,80024;-73,05968;31,5;61,5;8541,9;0;0;0;1;;27268;542,5;-35,9;
2022-11-21 18:03:55;-36,80024;-73,05968;31,5;61,6;8541,9;0;0;0;1;;27268;542,5;-35,9;
2022-11-21 18:04:25;-36,80024;-73,05968;31,5;61,8;8541,9;0;0;0;1;;27268;543;-35,9;
2022-11-21 18:04:55;-36,80024;-73,05968;31,5;61,9;8541,9;0;0;0;1;;27268;543;-36,2;
2022-11-21 18:05:25;-36,80024;-73,05968;31,5;62,1;8541,9;0;0;0;1;;27268;543;-35,9;
2022-11-21 18:05:58;-36,80024;-73,05968;31,5;62,2;8541,9;0;0;0;1;;27268;543;-35,9;
2022-11-21 18:06:28;-36,80024;-73,05968;31,5;62,3;8541,9;0;0;0;1;;27137;543,5;-35,9;
2022-11-21 18:06:55;-36,80024;-73,05968;31,5;62,5;8541,9;0;0;0;1;;27268;543,5;-35,9;
2022-11-21 18:07:25;-36,80024;-73,05968;31,5;62,6;8541,9;0;0;0;1;;27268;543,5;-35,9;
2022-11-21 18:07:55;-36,80024;-73,05968;31,5;62,7;8541,9;0;0;0;1;;27268;543,5;-35,9;
2022-11-21 18:08:25;-36,80024;-73,05968;31,5;62,9;8541,9;0;0;0;1;;27137;544;-35,9;
2022-11-21 18:08:55;-36,80024;-73,05968;31,5;63;8541,9;0;0;0;1;;27137;544;-36,2;
2022-11-21 18:09:25;-36,80024;-73,05968;31,5;63,2;8541,9;0;0;0;1;;27137;544;-35,9;
2022-11-21 18:09:55;-36,80024;-73,05968;31,5;63,3;8541,9;0;0;0;1;;27268;544;-35,9;
2022-11-21 18:10:25;-36,80024;-73,05968;31,5;63,4;8541,9;0;0;0;1;;27137;544,5;-35,9;
2022-11-21 18:10:55;-36,80024;-73,05968;31,5;63,6;8541,9;0;0;0;1;;27268;544,5;-35,9;
2022-11-21 18:11:28;-36,80024;-73,05968;31,5;63,7;8541,9;0;0;0;1;;27268;544,5;-35,9;
2022-11-21 18:11:55;-36,80024;-73,05968;31,5;63,9;8541,9;0;0;0;1;;27268;544,5;-35,9;
2022-11-21 18:12:25;-36,80024;-73,05968;31,5;64;8541,9;0;0;0;1;;27137;544,5;-35,9;
2022-11-21 18:12:55;-36,80024;-73,05968;31,5;64,1;8541,9;0;0;0;1;;27268;544,5;-35,9;
2022-11-21 18:13:25;-36,80024;-73,05968;31,5;64,3;8541,9;0;0;0;1;;27268;544,5;-35,9;
2022-11-21 18:13:55;-36,80024;-73,05968;31,5;64,4;8541,9;0;0;0;1;;27268;544,5;-35,9;
2022-11-21 18:14:25;-36,80024;-73,05968;31,5;64,5;8541,9;0;0;0;1;;27137;544,5;-35,9;
2022-11-21 18:14:55;-36,80024;-73,05968;31,5;64,7;8541,9;0;0;0;1;;27137;544,5;-35,9;
2022-11-21 18:15:25;-36,80024;-73,05968;31,5;64,8;8541,9;0;0;0;1;;27268;545;-35,9;
2022-11-21 18:15:55;-36,80024;-73,05968;31,5;65;8541,9;0;0;0;1;;27268;545;-35,9;
2022-11-21 18:16:28;-36,80024;-73,05968;31,5;65,1;8541,9;0;0;0;1;;27137;545;-35,9;
2022-11-21 18:16:55;-36,80024;-73,05968;31,5;65,2;8541,9;0;0;0;1;;27137;545;-35,9;
2022-11-21 18:17:25;-36,80024;-73,05968;31,5;65,4;8541,9;0;0;0;1;;27137;545;-35,9;
2022-11-21 18:17:55;-36,80024;-73,05968;31,5;65,5;8541,9;0;0;0;1;;27268;545;-35,9;
2022-11-21 18:18:25;-36,80024;-73,05968;31,5;65,7;8541,9;0;0;0;1;;27268;545;-35,9;
2022-11-21 18:18:55;-36,80024;-73,05968;31,5;65,8;8541,9;0;0;0;1;;27268;545;-35,9;
2022-11-21 18:19:25;-36,80024;-73,05968;31,5;65,9;8541,9;0;0;0;1;;27137;545;-35,9;
2022-11-21 18:19:55;-36,80024;-73,05968;31,5;66,1;8541,9;0;0;0;1;;27268;545;-35,9;
2022-11-21 18:20:25;-36,80024;-73,05968;31,5;66,2;8541,9;0;0;0;1;;27137;545;-35,9;
2022-11-21 18:20:55;-36,80024;-73,05968;31,5;66,3;8541,9;0;0;0;1;;27137;545;-35,6;
2022-11-21 18:21:25;-36,80024;-73,05968;31,5;66,5;8541,9;0;0;0;1;;27268;545;-35,9;
2022-11-21 18:21:55;-36,80024;-73,05968;31,5;66,6;8541,9;0;0;0;1;;27268;545;-35,9;
2022-11-21 18:22:28;-36,80024;-73,05968;31,5;66,8;8541,9;0;0;0;1;;27137;545;-35,9;
2022-11-21 18:22:55;-36,80024;-73,05968;31,5;66,9;8541,9;0;0;0;1;;27268;545;-35,9;
2022-11-21 18:23:25;-36,80024;-73,05968;31,5;67;8541,9;0;0;0;1;;27268;545;-35,9;
2022-11-21 18:23:55;-36,80024;-73,05968;31,5;67,2;8541,9;0;0;0;1;;27137;545;-35,9;
2022-11-21 18:24:25;-36,80024;-73,05968;31,5;67,3;8541,9;0;0;0;1;;27268;545;-35,9;
2022-11-21 18:24:55;-36,80024;-73,05968;31,5;67,5;8541,9;0;0;0;1;;27268;545;-35,9;
2022-11-21 18:25:25;-36,80024;-73,05968;31,5;67,6;8541,9;0;0;0;1;;27137;545;-35,9;
2022-11-21 18:25:58;-36,80024;-73,05968;31,5;67,7;8541,9;0;0;0;1;;27137;545;-35,6;
2022-11-21 18:26:25;-36,80024;-73,05968;31,5;67,9;8541,9;0;0;0;1;;27268;545;-35,9;
2022-11-21 18:26:55;-36,80024;-73,05968;31,5;68;8541,9;0;0;0;1;;27268;545;-35,9;
2022-11-21 18:27:25;-36,80024;-73,05968;31,5;68,1;8541,9;0;0;0;1;;27137;545;-35,9;
2022-11-21 18:27:55;-36,80024;-73,05968;31,5;68,3;8541,9;0;0;0;1;;27268;545;-35,9;
2022-11-21 18:28:25;-36,80024;-73,05968;31,5;68,4;8541,9;0;0;0;1;;27137;545;-35,9;
2022-11-21 18:28:58;-36,80024;-73,05968;31,5;68,6;8541,9;0;0;0;1;;27268;545;-35,9;
2022-11-21 18:29:25;-36,80024;-73,05968;31,5;68,7;8541,9;0;0;0;1;;27137;545;-35,9;
2022-11-21 18:29:55;-36,80024;-73,05968;31,5;68,8;8541,9;0;0;0;1;;27268;545;-35,9;
2022-11-21 18:30:25;-36,80024;-73,05968;31,5;69;8541,9;0;0;0;1;;27137;545;-35,9;
2022-11-21 18:30:55;-36,80024;-73,05968;31,5;69,1;8541,9;0;0;0;1;;27137;545;-35,9;
2022-11-21 18:31:25;-36,80024;-73,05968;31,5;69,3;8541,9;0;0;0;1;;27268;545;-35,9;
2022-11-21 18:31:58;-36,80024;-73,05968;31,5;69,4;8541,9;0;0;0;1;;27137;545;-35,9;
2022-11-21 18:32:25;-36,80024;-73,05968;31,5;69,5;8541,9;0;0;0;1;;27137;545;-35,6;
2022-11-21 18:32:55;-36,80024;-73,05968;31,5;69,7;8541,9;0;0;0;1;;27268;545;-35,6;
2022-11-21 18:33:25;-36,80024;-73,05968;31,5;69,8;8541,9;0;0;0;1;;27268;545;-35,9;
2022-11-21 18:33:55;-36,80024;-73,05968;31,5;69,9;8541,9;0;0;0;1;;27137;545,5;-35,9;
2022-11-21 18:34:25;-36,80024;-73,05968;31,5;70,1;8541,9;0;0;0;1;;27268;545,5;-35,9;
2022-11-21 18:34:55;-36,80024;-73,05968;31,5;70,2;8541,9;0;0;0;1;;27137;545,5;-35,9;
2022-11-21 18:35:25;-36,80024;-73,05968;31,5;70,4;8541,9;0;0;0;1;;27268;545,5;-35,9;
2022-11-21 18:35:55;-36,80024;-73,05968;31,5;70,5;8541,9;0;0;0;1;;27268;545,5;-35,9;
2022-11-21 18:36:25;-36,80024;-73,05968;31,5;70,6;8541,9;0;0;0;1;;27268;545,5;-35,9;
2022-11-21 18:36:55;-36,80024;-73,05968;31,5;70,8;8541,9;0;0;0;1;;27137;545,5;-35,9;
2022-11-21 18:37:25;-36,80024;-73,05968;31,5;70,9;8541,9;0;0;0;1;;27137;545,5;-35,6;
2022-11-21 18:37:55;-36,80024;-73,05968;31,5;71;8541,9;0;0;0;1;;27137;545,5;-35,6;
2022-11-21 18:38:25;-36,80024;-73,05968;31,5;71,2;8541,9;0;0;0;1;;27137;545,5;-35,6;
2022-11-21 18:38:55;-36,80024;-73,05968;31,5;71,3;8541,9;0;0;0;1;;27137;545,5;-35,6;
2022-11-21 18:39:25;-36,80024;-73,05968;31,5;71,5;8541,9;0;0;0;1;;27268;545,5;-35,9;
2022-11-21 18:39:55;-36,80024;-73,05968;31,5;71,6;8541,9;0;0;0;1;;27268;545,5;-35,9;
2022-11-21 18:40:25;-36,80024;-73,05968;31,5;71,7;8541,9;0;0;0;1;;27268;545,5;-35,9;
2022-11-21 18:40:55;-36,80024;-73,05968;31,5;71,9;8541,9;0;0;0;1;;27268;545,5;-35,9;
2022-11-21 18:41:25;-36,80024;-73,05968;31,5;72;8541,9;0;0;0;1;;27268;545,5;-35,9;
2022-11-21 18:41:55;-36,80024;-73,05968;31,5;72,2;8541,9;0;0;0;1;;27268;545,5;-35,6;
2022-11-21 18:42:25;-36,80024;-73,05968;31,5;72,3;8541,9;0;0;0;1;;27137;545,5;-35,9;
2022-11-21 18:42:55;-36,80024;-73,05968;31,5;72,4;8541,9;0;0;0;1;;27268;545,5;-35,9;
2022-11-21 18:43:25;-36,80024;-73,05968;31,5;72,6;8541,9;0;0;0;1;;27137;545,5;-35,9;
2022-11-21 18:43:55;-36,80024;-73,05968;31,5;72,7;8541,9;0;0;0;1;;27137;545,5;-35,6;
2022-11-21 18:44:25;-36,80024;-73,05968;31,5;72,8;8541,9;0;0;0;1;;27268;545,5;-35,9;
2022-11-21 18:44:55;-36,80024;-73,05968;31,5;73;8541,9;0;0;0;1;;27268;545,5;-35,9;
2022-11-21 18:45:25;-36,80024;-73,05968;31,5;73,1;8541,9;0;0;0;1;;27137;545,5;-35,6;
2022-11-21 18:45:55;-36,80024;-73,05968;31,5;73,3;8541,9;0;0;0;1;;27268;545,5;-35,9;
2022-11-21 18:46:25;-36,80024;-73,05968;31,5;73,4;8541,9;0;0;0;1;;27268;545,5;-35,6;
2022-11-21 18:46:55;-36,80024;-73,05968;31,5;73,5;8541,9;0;0;0;1;;27137;545,5;-35,9;
2022-11-21 18:47:25;-36,80024;-73,05968;31,5;73,7;8541,9;0;0;0;1;;27137;545,5;-35,9;
2022-11-21 18:47:55;-36,80024;-73,05968;31,5;73,8;8541,9;0;0;0;1;;27137;545,5;-35,9;
2022-11-21 18:48:25;-36,80024;-73,05968;31,5;74;8541,9;0;0;0;1;;27137;545,5;-35,9;
2022-11-21 18:48:55;-36,80024;-73,05968;31,5;74,1;8541,9;0;0;0;1;;27137;545,5;-35,9;
2022-11-21 18:49:25;-36,80024;-73,05968;31,5;74,2;8541,9;0;0;0;1;;27268;545,5;-35,6;
2022-11-21 18:49:55;-36,80024;-73,05968;31,5;74,4;8541,9;0;0;0;1;;27137;545,5;-35,9;
2022-11-21 18:50:25;-36,80024;-73,05968;31,5;74,5;8541,9;0;0;0;1;;27137;545,5;-35,9;
2022-11-21 18:50:55;-36,80024;-73,05968;31,5;74,6;8541,9;0;0;0;1;;27268;545,5;-35,6;
2022-11-21 18:51:25;-36,80024;-73,05968;31,5;74,8;8541,9;0;0;0;1;;27137;545,5;-35,6;
2022-11-21 18:51:55;-36,80024;-73,05968;31,5;74,9;8541,9;0;0;0;1;;27137;545,5;-35,9;
2022-11-21 18:52:25;-36,80024;-73,05968;31,5;75,1;8541,9;0;0;0;1;;27137;545,5;-35,9;
2022-11-21 18:52:55;-36,80024;-73,05968;31,5;75,2;8541,9;0;0;0;1;;27137;545,5;-35,9;
2022-11-21 18:53:25;-36,80024;-73,05968;31,5;75,3;8541,9;0;0;0;1;;27268;545,5;-35,9;
2022-11-21 18:53:55;-36,80024;-73,05968;31,5;75,5;8541,9;0;0;0;1;;27137;545,5;-35,6;
2022-11-21 18:54:25;-36,80024;-73,05968;31,5;75,6;8541,9;0;0;0;1;;27268;545,5;-35,9;
2022-11-21 18:54:55;-36,80024;-73,05968;31,5;75,7;8541,9;0;0;0;1;;27137;546;-35,6;
2022-11-21 18:55:25;-36,80024;-73,05968;31,5;75,9;8541,9;0;0;0;1;;27268;546;-35,9;
2022-11-21 18:55:55;-36,80024;-73,05968;31,5;76;8541,9;0;0;0;1;;27137;546;-35,9;
2022-11-21 18:56:25;-36,80024;-73,05968;31,5;76,2;8541,9;0;0;0;1;;27137;546;-35,9;
2022-11-21 18:56:55;-36,80024;-73,05968;31,5;76,3;8541,9;0;0;0;1;;27268;546;-35,6;
2022-11-21 18:57:25;-36,80024;-73,05968;31,5;76,4;8541,9;0;0;0;1;;27137;546;-35,6;
2022-11-21 18:57:55;-36,80024;-73,05968;31,5;76,6;8541,9;0;0;0;1;;27137;546;-35,9;
2022-11-21 18:58:25;-36,80024;-73,05968;31,5;76,7;8541,9;0;0;0;1;;27268;546;-35,9;
2022-11-21 18:58:55;-36,80024;-73,05968;31,5;76,8;8541,9;0;0;0;1;;27268;546;-35,9;
2022-11-21 18:59:25;-36,80024;-73,05968;31,5;77;8541,9;0;0;0;1;;27268;546;-35,9;
2022-11-21 18:59:55;-36,80024;-73,05968;31,5;77,1;8541,9;0;0;0;1;;27137;546;-35,9;
2022-11-21 19:00:25;-36,80024;-73,05968;31,5;77,3;8541,9;0;0;0;1;;27268;546;-35,9;
2022-11-21 19:00:55;-36,80024;-73,05968;31,5;77,4;8541,9;0;0;0;1;;27268;546;-35,9;
2022-11-21 19:01:25;-36,80024;-73,05968;31,5;77,5;8541,9;0;0;0;1;;27268;546;-35,6;
2022-11-21 19:01:55;-36,80024;-73,05968;31,5;77,7;8541,9;0;0;0;1;;27137;546;-35,9;
2022-11-21 19:02:25;-36,80024;-73,05968;31,5;77,8;8541,9;0;0;0;1;;27137;546;-35,6;
2022-11-21 19:02:55;-36,80024;-73,05968;31,5;77,9;8541,9;0;0;0;1;;27137;546;-35,6;
2022-11-21 19:03:25;-36,80024;-73,05968;31,5;78,1;8541,9;0;0;0;1;;27268;546;-35,9;
2022-11-21 19:03:55;-36,80024;-73,05968;31,5;78,2;8541,9;0;0;0;1;;27268;546;-35,6;
2022-11-21 19:04:25;-36,80024;-73,05968;31,5;78,4;8541,9;0;0;0;1;;27137;546;-35,9;
2022-11-21 19:04:55;-36,80024;-73,05968;31,5;78,5;8541,9;0;0;0;1;;27137;546;-35,6;
2022-11-21 19:05:25;-36,80024;-73,05968;31,5;78,6;8541,9;0;0;0;1;;27137;546;-35,9;
2022-11-21 19:05:55;-36,80024;-73,05968;31,5;78,8;8541,9;0;0;0;1;;27137;546;-35,6;
2022-11-21 19:06:25;-36,80024;-73,05968;31,5;78,9;8541,9;0;0;0;1;;27268;546;-35,6;
2022-11-21 19:06:55;-36,80024;-73,05968;31,5;79,1;8541,9;0;0;0;1;;27268;546;-35,6;
2022-11-21 19:07:25;-36,80024;-73,05968;31,5;79,2;8541,9;0;0;0;1;;27137;546;-35,6;
2022-11-21 19:07:55;-36,80024;-73,05968;31,5;79,3;8541,9;0;0;0;1;;27137;546;-35,9;
2022-11-21 19:08:25;-36,80024;-73,05968;31,5;79,5;8541,9;0;0;0;1;;27137;546;-35,6;
2022-11-21 19:08:55;-36,80024;-73,05968;31,5;79,6;8541,9;0;0;0;1;;27137;546;-35,6;
2022-11-21 19:09:25;-36,80024;-73,05968;31,5;79,7;8541,9;0;0;0;1;;27137;546;-35,6;
2022-11-21 19:09:55;-36,80024;-73,05968;31,5;79,9;8541,9;0;0;0;1;;27268;546;-35,9;
2022-11-21 19:10:25;-36,80024;-73,05968;31,5;80;8541,9;0;0;0;1;;27268;546;-35,6;
2022-11-21 19:10:55;-36,80024;-73,05968;31,5;80,2;8541,9;0;0;0;1;;27268;546;-35,9;
2022-11-21 19:11:25;-36,80024;-73,05968;31,5;80,3;8541,9;0;0;0;1;;27268;546,6;-35,6;
2022-11-21 19:11:55;-36,80024;-73,05968;31,5;80,4;8541,9;0;0;0;1;;27268;546,6;-35,9;
2022-11-21 19:12:25;-36,80024;-73,05968;31,5;80,6;8541,9;0;0;0;1;;27137;546,6;-35,6;
2022-11-21 19:12:55;-36,80024;-73,05968;31,5;80,7;8541,9;0;0;0;1;;27268;546,6;-35,9;
2022-11-21 19:13:25;-36,80024;-73,05968;31,5;80,8;8541,9;0;0;0;1;;27268;546,6;-35,6;
2022-11-21 19:13:55;-36,80024;-73,05968;31,5;81;8541,9;0;0;0;1;;27268;546,6;-35,9;
2022-11-21 19:14:25;-36,80024;-73,05968;31,5;81,1;8541,9;0;0;0;1;;27268;546,6;-35,6;
2022-11-21 19:14:55;-36,80024;-73,05968;31,5;81,3;8541,9;0;0;0;1;;27268;546,6;-35,6;
2022-11-21 19:15:25;-36,80024;-73,05968;31,5;81,4;8541,9;0;0;0;1;;27268;546,6;-35,6;
2022-11-21 19:15:55;-36,80024;-73,05968;31,5;81,5;8541,9;0;0;0;1;;27268;546,6;-35,6;
2022-11-21 19:16:25;-36,80024;-73,05968;31,5;81,7;8541,9;0;0;0;1;;27268;546,6;-35,6;
2022-11-21 19:16:55;-36,80024;-73,05968;31,5;81,8;8541,9;0;0;0;1;;27268;546,6;-35,6;
2022-11-21 19:17:25;-36,80024;-73,05968;31,5;81,9;8541,9;0;0;0;1;;27137;546,6;-35,6;
2022-11-21 19:17:55;-36,80024;-73,05968;31,5;82,1;8541,9;0;0;0;1;;27137;546,6;-35,6;
2022-11-21 19:18:25;-36,80024;-73,05968;31,5;82,2;8541,9;0;0;0;1;;27268;546,6;-35,6;
2022-11-21 19:18:55;-36,80024;-73,05968;31,5;82,4;8541,9;0;0;0;1;;27268;546,6;-35,6;
2022-11-21 19:19:25;-36,80024;-73,05968;31,5;82,5;8541,9;0;0;0;1;;27268;546,6;-35,6;
2022-11-21 19:19:55;-36,80024;-73,05968;31,5;82,6;8541,9;0;0;0;1;;27137;546,6;-35,9;
2022-11-21 19:20:25;-36,80024;-73,05968;31,5;82,8;8541,9;0;0;0;1;;27137;546,6;-35,6;
2022-11-21 19:20:55;-36,80024;-73,05968;31,5;82,9;8541,9;0;0;0;1;;27137;546,6;-35,9;
2022-11-21 19:21:25;-36,80024;-73,05968;31,5;83;8541,9;0;0;0;1;;27268;546,6;-35,6;
2022-11-21 19:21:55;-36,80024;-73,05968;31,5;83,2;8541,9;0;0;0;1;;27268;546,6;-35,6;
2022-11-21 19:22:25;-36,80024;-73,05968;31,5;83,3;8541,9;0;0;0;1;;27137;546,6;-35,6;
2022-11-21 19:22:55;-36,80024;-73,05968;31,5;83,5;8541,9;0;0;0;1;;27268;546,6;-35,6;
2022-11-21 19:23:25;-36,80024;-73,05968;31,5;83,6;8541,9;0;0;0;1;;27268;547,1;-35,9;
2022-11-21 19:23:55;-36,80024;-73,05968;31,5;83,7;8541,9;0;0;0;1;;27268;547,1;-35,6;
2022-11-21 19:24:25;-36,80024;-73,05968;31,5;83,9;8541,9;0;0;0;1;;27137;547,1;-35,9;
2022-11-21 19:24:55;-36,80024;-73,05968;31,5;84;8541,9;0;0;0;1;;27137;547,1;-35,6;
2022-11-21 19:25:25;-36,80024;-73,05968;31,5;84,1;8541,9;0;0;0;1;;27137;547,1;-35,6;
2022-11-21 19:25:55;-36,80024;-73,05968;31,5;84,3;8541,9;0;0;0;1;;27137;547,1;-35,6;
2022-11-21 19:26:25;-36,80024;-73,05968;31,5;84,4;8541,9;0;0;0;1;;27268;547,1;-35,6;
2022-11-21 19:26:55;-36,80024;-73,05968;31,5;84,6;8541,9;0;0;0;1;;27268;547,1;-35,6;
2022-11-21 19:27:25;-36,80024;-73,05968;31,5;84,7;8541,9;0;0;0;1;;27268;547,1;-35,6;
2022-11-21 19:27:55;-36,80024;-73,05968;31,5;84,8;8541,9;0;0;0;1;;27268;547,1;-35,6;
2022-11-21 19:28:25;-36,80024;-73,05968;31,5;85;8541,9;0;0;0;1;;27268;547,1;-35,6;
2022-11-21 19:28:55;-36,80024;-73,05968;31,5;85,1;8541,9;0;0;0;1;;27137;547,1;-35,6;
2022-11-21 19:29:25;-36,80024;-73,05968;31,5;85,2;8541,9;0;0;0;1;;27268;547,1;-35,9;
2022-11-21 19:29:55;-36,80024;-73,05968;31,5;85,4;8541,9;0;0;0;1;;27268;547,1;-35,6;
2022-11-21 19:30:25;-36,80024;-73,05968;31,5;85,5;8541,9;0;0;0;1;;27137;547,1;-35,6;
2022-11-21 19:30:55;-36,80024;-73,05968;31,5;85,7;8541,9;0;0;0;1;;27268;547,1;-35,6;
2022-11-21 19:31:25;-36,80024;-73,05968;31,5;85,8;8541,9;0;0;0;1;;27268;547,1;-35,6;
2022-11-21 19:31:55;-36,80024;-73,05968;31,5;85,9;8541,9;0;0;0;1;;27268;547,1;-35,6;
2022-11-21 19:32:25;-36,80024;-73,05968;31,5;86,1;8541,9;0;0;0;1;;27137;547,1;-35,6;
2022-11-21 19:32:55;-36,80024;-73,05968;31,5;86,2;8541,9;0;0;0;1;;27268;547,1;-35,6;
2022-11-21 19:33:25;-36,80024;-73,05968;31,5;86,3;8541,9;0;0;0;1;;27137;547,1;-35,6;
2022-11-21 19:33:55;-36,80024;-73,05968;31,5;86,5;8541,9;0;0;0;1;;27268;547,6;-35,6;
2022-11-21 19:34:25;-36,80024;-73,05968;31,5;86,6;8541,9;0;0;0;1;;27268;547,6;-35,6;
2022-11-21 19:34:55;-36,80024;-73,05968;31,5;86,8;8541,9;0;0;0;1;;27268;547,6;-35,6;
2022-11-21 19:35:25;-36,80024;-73,05968;31,5;86,9;8541,9;0;0;0;1;;27137;547,6;-35,6;
2022-11-21 19:35:55;-36,80024;-73,05968;31,5;87;8541,9;0;0;0;1;;27268;547,6;-35,6;
2022-11-21 19:36:25;-36,80024;-73,05968;31,5;87,2;8541,9;0;0;0;1;;27268;547,6;-35,6;
2022-11-21 19:36:55;-36,80024;-73,05968;31,5;87,3;8541,9;0;0;0;1;;27268;547,6;-35,6;
2022-11-21 19:37:25;-36,80024;-73,05968;31,5;87,5;8541,9;0;0;0;1;;27137;547,6;-35,6;
2022-11-21 19:37:55;-36,80024;-73,05968;31,5;87,6;8541,9;0;0;0;1;;27268;547,6;-35,6;
2022-11-21 19:38:25;-36,80024;-73,05968;31,5;87,7;8541,9;0;0;0;1;;27268;547,6;-35,6;
2022-11-21 19:38:55;-36,80024;-73,05968;31,5;87,9;8541,9;0;0;0;1;;27268;547,6;-35,6;
2022-11-21 19:39:25;-36,80024;-73,05968;31,5;88;8541,9;0;0;0;1;;27268;547,6;-35,6;
2022-11-21 19:39:55;-36,80024;-73,05968;31,5;88,1;8541,9;0;0;0;1;;27268;547,6;-35,6;
2022-11-21 19:40:25;-36,80024;-73,05968;31,5;88,3;8541,9;0;0;0;1;;27137;547,6;-35,6;
2022-11-21 19:40:55;-36,80024;-73,05968;31,5;88,4;8541,9;0;0;0;1;;27268;547,6;-35,6;
2022-11-21 19:41:25;-36,80024;-73,05968;31,5;88,5;8541,9;0;0;0;1;;27268;547,6;-35,6;
2022-11-21 19:41:55;-36,80024;-73,05968;31,5;88,7;8541,9;0;0;0;1;;27137;547,6;-35,6;
2022-11-21 19:42:25;-36,80024;-73,05968;31,5;88,8;8541,9;0;0;0;1;;27137;547,6;-35,6;
2022-11-21 19:42:55;-36,80024;-73,05968;31,5;89;8541,9;0;0;0;1;;27268;548,1;-35,6;
2022-11-21 19:43:25;-36,80024;-73,05968;31,5;89,1;8541,9;0;0;0;1;;27268;548,1;-35,6;
2022-11-21 19:43:55;-36,80024;-73,05968;31,5;89,2;8541,9;0;0;0;1;;27137;548,1;-35,6;
2022-11-21 19:44:25;-36,80024;-73,05968;31,5;89,4;8541,9;0;0;0;1;;27268;548,1;-35,6;
2022-11-21 19:44:55;-36,80024;-73,05968;31,5;89,5;8541,9;0;0;0;1;;27137;548,1;-35,6;
2022-11-21 19:45:25;-36,80024;-73,05968;31,5;89,6;8541,9;0;0;0;1;;27268;548,1;-35,6;
2022-11-21 19:45:55;-36,80024;-73,05968;31,5;89,8;8541,9;0;0;0;1;;27137;548,1;-35,6;
2022-11-21 19:46:25;-36,80024;-73,05968;31,5;89,9;8541,9;0;0;0;1;;27137;548,1;-35,6;
2022-11-21 19:46:55;-36,80024;-73,05968;31,5;90,1;8541,9;0;0;0;1;;27137;548,1;-35,6;
2022-11-21 19:47:25;-36,80024;-73,05968;31,5;90,2;8541,9;0;0;0;1;;27137;548,1;-35,6;
2022-11-21 19:47:55;-36,80024;-73,05968;31,5;90,3;8541,9;0;0;0;1;;27137;548,1;-35,6;
2022-11-21 19:48:25;-36,80024;-73,05968;31,5;90,5;8541,9;0;0;0;1;;27137;548,1;-35,6;
2022-11-21 19:48:55;-36,80024;-73,05968;31,5;90,6;8541,9;0;0;0;1;;27268;548,1;-35,6;
2022-11-21 19:49:25;-36,80024;-73,05968;31,5;90,8;8541,9;0;0;0;1;;27137;548,6;-35,6;
2022-11-21 19:49:55;-36,80024;-73,05968;31,5;90,9;8541,9;0;0;0;1;;27268;548,6;-35,9;
2022-11-21 19:50:25;-36,80024;-73,05968;31,5;91;8541,9;0;0;0;1;;27268;548,6;-35,6;
2022-11-21 19:50:55;-36,80024;-73,05968;31,5;91,2;8541,9;0;0;0;1;;27268;548,6;-35,6;
2022-11-21 19:51:25;-36,80024;-73,05968;31,5;91,3;8541,9;0;0;0;1;;27137;548,6;-35,6;
2022-11-21 19:51:55;-36,80024;-73,05968;31,5;91,4;8541,9;0;0;0;1;;27268;548,6;-35,6;
2022-11-21 19:52:25;-36,80024;-73,05968;31,5;91,6;8541,9;0;0;0;1;;27137;548,6;-35,6;
2022-11-21 19:52:55;-36,80024;-73,05968;31,5;91,7;8541,9;0;0;0;1;;27137;548,6;-35,6;
2022-11-21 19:53:25;-36,80024;-73,05968;31,5;91,8;8541,9;0;0;0;1;;27268;549,1;-35,6;
2022-11-21 19:53:55;-36,80024;-73,05968;31,5;92;8541,9;0;0;0;1;;27137;549,1;-35,6;
2022-11-21 19:54:25;-36,80024;-73,05968;31,5;92,1;8541,9;0;0;0;1;;27137;549,1;-35,6;
2022-11-21 19:54:55;-36,80024;-73,05968;31,5;92,3;8541,9;0;0;0;1;;27137;549,1;-35,6;
2022-11-21 19:55:25;-36,80024;-73,05968;31,5;92,4;8541,9;0;0;0;1;;27137;549,1;-35,6;
2022-11-21 19:55:55;-36,80024;-73,05968;31,5;92,5;8541,9;0;0;0;1;;27137;549,1;-35,6;
2022-11-21 19:56:25;-36,80024;-73,05968;31,5;92,7;8541,9;0;0;0;1;;27268;549,1;-35,6;
2022-11-21 19:56:55;-36,80024;-73,05968;31,5;92,8;8541,9;0;0;0;1;;27137;549,1;-35,6;
2022-11-21 19:57:25;-36,80024;-73,05968;31,5;92,9;8541,9;0;0;0;1;;27137;549,6;-35,6;
2022-11-21 19:57:55;-36,80024;-73,05968;31,5;93,1;8541,9;0;0;0;1;;27137;549,6;-35,6;
2022-11-21 19:58:25;-36,80024;-73,05968;31,5;93,2;8541,9;0;0;0;1;;27268;549,6;-35,6;
2022-11-21 19:58:55;-36,80024;-73,05968;31,5;93,4;8541,9;0;0;0;1;;27137;549,6;-35,6;
2022-11-21 19:59:25;-36,80024;-73,05968;31,5;93,5;8541,9;0;0;0;1;;27268;549,6;-35,6;
2022-11-21 19:59:55;-36,80024;-73,05968;31,5;93,6;8541,9;0;0;0;1;;27137;550,1;-35,6;
2022-11-21 20:00:25;-36,80024;-73,05968;31,5;93,8;8541,9;0;0;0;1;;27137;550,1;-35,6;
2022-11-21 20:00:55;-36,80024;-73,05968;31,5;93,9;8541,9;0;0;0;1;;27137;550,1;-35,6;
2022-11-21 20:01:25;-36,80024;-73,05968;31,5;94,1;8541,9;0;0;0;1;;27137;550,7;-35,4;
2022-11-21 20:01:55;-36,80024;-73,05968;31,5;94,2;8541,9;0;0;0;1;;27137;550,7;-35,6;
2022-11-21 20:02:25;-36,80024;-73,05968;31,5;94,3;8541,9;0;0;0;1;;27137;550,7;-35,6;
2022-11-21 20:02:55;-36,80024;-73,05968;31,5;94,5;8541,9;0;0;0;1;;27137;551,2;-35,6;
2022-11-21 20:03:25;-36,80024;-73,05968;31,5;94,6;8541,9;0;0;0;1;;27137;551,2;-35,6;
2022-11-21 20:03:55;-36,80024;-73,05968;31,5;94,7;8541,9;0;0;0;1;;27137;551,7;-35,4;
2022-11-21 20:04:25;-36,80024;-73,05968;31,5;94,9;8541,9;0;0;0;1;;27268;551,7;-35,6;
2022-11-21 20:04:55;-36,80024;-73,05968;31,5;95;8541,9;0;0;0;1;;27137;552,2;-35,6;
2022-11-21 20:05:25;-36,80024;-73,05968;31,5;95,1;8541,9;0;0;0;1;;27137;552,2;-35,6;
2022-11-21 20:05:55;-36,80024;-73,05968;31,5;95,3;8541,9;0;0;0;1;;27137;552,7;-35,4;
2022-11-21 20:06:25;-36,80024;-73,05968;31,5;95,4;8541,9;0;0;0;1;;27137;553,2;-35,4;
2022-11-21 20:06:55;-36,80024;-73,05968;31,5;95,6;8541,9;0;0;0;1;;27268;553,7;-35,4;
2022-11-21 20:07:25;-36,80024;-73,05968;31,5;95,7;8541,9;0;0;0;1;;27137;554,2;-35,4;
2022-11-21 20:07:55;-36,80024;-73,05968;31,5;95,8;8541,9;0;0;0;1;;27268;555,3;-35,4;
2022-11-21 20:08:25;-36,80024;-73,05968;31,5;96;8541,9;0;0;0;1;;27137;556,3;-35,1;
2022-11-21 20:08:55;-36,80024;-73,05968;31,5;96,1;8541,9;0;0;0;1;;27268;557,8;-35,1;
2022-11-21 20:09:25;-36,80024;-73,05968;31,5;96,2;8541,9;0;0;0;1;;27137;559,9;-34,8;
2022-11-21 20:09:55;-36,80024;-73,05968;31,5;96,3;8541,9;0;0;0;1;;27268;558,8;-19,4;
