fecha_hora;lat;lon;altitud;SOC;odometro;vel;AC;calefaccion;cargando;km_restantes;carga_bat_aux;voltaje;corriente;rpm
2022-11-07 00:00:15;-36,79648;-73,08059;19,9;94;276;0;0;0;1;38;14532;356,9;-3,2;0
2022-11-07 00:00:45;-36,79648;-73,08059;19,9;94;276;0;0;0;1;38;14532;356,9;-3,2;0
2022-11-07 00:01:15;-36,79648;-73,08059;19,9;94;276;0;0;0;1;38;14532;356,9;-3,2;0
2022-11-07 00:01:45;-36,79648;-73,08059;19,9;94,03;276;0;0;0;1;38;14532;356,9;-3,2;0
2022-11-07 00:02:15;-36,79648;-73,08059;19,9;94,03;276;0;0;0;1;38;14532;357,1;-3,2;0
2022-11-07 00:02:45;-36,79648;-73,08059;19,9;94,03;276;0;0;0;1;38;14532;357,1;-3,2;0
2022-11-07 00:03:15;-36,79648;-73,08059;19,9;94,03;276;0;0;0;1;38;14532;357,1;-3,2;0
2022-11-07 00:03:45;-36,79648;-73,08059;19,9;94,07;276;0;0;0;1;38;14532;357,1;-3,2;0
2022-11-07 00:04:15;-36,79648;-73,08059;19,9;94,07;276;0;0;0;1;38;14532;357,1;-3,2;0
2022-11-07 00:04:45;-36,79648;-73,08059;19,9;94,1;276;0;0;0;1;38;14532;357,1;-3,2;0
2022-11-07 00:05:15;-36,79648;-73,08059;19,9;94,1;276;0;0;0;1;38;14532;357,2;-3,2;0
2022-11-07 00:05:45;-36,79648;-73,08059;19,9;94,13;276;0;0;0;1;38;14532;357,2;-3,2;0
2022-11-07 00:06:15;-36,79648;-73,08059;19,9;94,13;276;0;0;0;1;38;14532;357,2;-3,2;0
2022-11-07 00:06:45;-36,79648;-73,08059;19,9;94,13;276;0;0;0;1;38;14532;357,2;-3,2;0
2022-11-07 00:07:15;-36,79648;-73,08059;19,9;94,13;276;0;0;0;1;38;14532;357,2;-3,2;0
2022-11-07 00:07:45;-36,79648;-73,08059;19,9;94,16;276;0;0;0;1;38;14532;357,2;-3,2;0
2022-11-07 00:08:15;-36,79648;-73,08059;19,9;94,16;276;0;0;0;1;38;14532;357,2;-3,2;0
2022-11-07 00:08:45;-36,79648;-73,08059;19,9;94,16;276;0;0;0;1;38;14532;357,4;-3,2;0
2022-11-07 00:09:15;-36,79648;-73,08059;19,9;94,19;276;0;0;0;1;38;14532;357,4;-3,2;0
2022-11-07 00:09:45;-36,79648;-73,08059;19,9;94,19;276;0;0;0;1;38;14532;357,4;-3,2;0
2022-11-07 00:10:15;-36,79648;-73,08059;19,9;94,19;276;0;0;0;1;38;14532;357,4;-3,2;0
2022-11-07 00:10:45;-36,79648;-73,08059;19,9;94,19;276;0;0;0;1;38;14532;357,4;-3,2;0
2022-11-07 00:11:15;-36,79648;-73,08059;19,9;94,22;276;0;0;0;1;38;14532;357,4;-3,2;0
2022-11-07 00:11:45;-36,79648;-73,08059;19,9;94,22;276;0;0;0;1;38;14532;357,5;-3,2;0
2022-11-07 00:12:15;-36,79648;-73,08059;19,9;94,25;276;0;0;0;1;38;14532;357,5;-3,2;0
2022-11-07 00:12:45;-36,79648;-73,08059;19,9;94,25;276;0;0;0;1;38;14532;357,5;-3,2;0
2022-11-07 00:13:15;-36,79648;-73,08059;19,9;94,25;276;0;0;0;1;38;14532;357,5;-3,2;0
2022-11-07 00:13:45;-36,79648;-73,08059;19,9;94,25;276;0;0;0;1;38;14532;357,5;-3,2;0
2022-11-07 00:14:15;-36,79648;-73,08059;19,9;94,29;276;0;0;0;1;38;14532;357,5;-3,2;0
2022-11-07 00:14:45;-36,79648;-73,08059;19,9;94,32;276;0;0;0;1;38;14532;357,7;-3,2;0
2022-11-07 00:15:15;-36,79648;-73,08059;19,9;94,32;276;0;0;0;1;38;14532;357,7;-3,2;0
2022-11-07 00:15:45;-36,79648;-73,08059;19,9;94,32;276;0;0;0;1;38;14532;357,5;-3,2;0
2022-11-07 00:16:15;-36,79648;-73,08059;19,9;94,32;276;0;0;0;1;38;14532;357,7;-3,2;0
2022-11-07 00:16:45;-36,79648;-73,08059;19,9;94,32;276;0;0;0;1;38;14532;357,7;-3,2;0
2022-11-07 00:17:15;-36,79648;-73,08059;19,9;94,35;276;0;0;0;1;38;14532;357,8;-3,2;0
2022-11-07 00:17:45;-36,79648;-73,08059;19,9;94,35;276;0;0;0;1;38;14532;357,8;-3,2;0
2022-11-07 00:18:15;-36,79648;-73,08059;19,9;94,35;276;0;0;0;1;38;14532;357,8;-3,2;0
2022-11-07 00:18:45;-36,79648;-73,08059;19,9;94,38;276;0;0;0;1;38;14532;357,8;-3,2;0
2022-11-07 00:19:15;-36,79648;-73,08059;19,9;94,41;276;0;0;0;1;38;14532;358;-3,2;0
2022-11-07 00:19:45;-36,79648;-73,08059;19,9;94,41;276;0;0;0;1;38;14532;358;-3,2;0
2022-11-07 00:20:15;-36,79648;-73,08059;19,9;94,41;276;0;0;0;1;38;14532;358;-3,2;0
2022-11-07 00:20:45;-36,79648;-73,08059;19,9;94,44;276;0;0;0;1;38;14532;358;-3,2;0
2022-11-07 00:21:15;-36,79648;-73,08059;19,9;94,44;276;0;0;0;1;38;14532;358;-3,2;0
2022-11-07 00:21:45;-36,79648;-73,08059;19,9;94,44;276;0;0;0;1;38;14532;358;-3,2;0
2022-11-07 00:22:15;-36,79648;-73,08059;19,9;94,45;276;0;0;0;1;38;14532;358,2;-3,2;0
2022-11-07 00:22:45;-36,79648;-73,08059;19,9;94,47;276;0;0;0;1;38;14532;358;-3,2;0
2022-11-07 00:23:15;-36,79648;-73,08059;19,9;94,51;276;0;0;0;1;38;14532;358,2;-3,2;0
2022-11-07 00:23:45;-36,79648;-73,08059;19,9;94,51;276;0;0;0;1;38;14532;358,2;-3,2;0
2022-11-07 00:24:15;-36,79648;-73,08059;19,9;94,51;276;0;0;0;1;38;14532;358,3;-3,2;0
2022-11-07 00:24:45;-36,79648;-73,08059;19,9;94,54;276;0;0;0;1;38;14532;358,3;-3,2;0
2022-11-07 00:25:15;-36,79648;-73,08059;19,9;94,54;276;0;0;0;1;38;14532;358,3;-3,2;0
2022-11-07 00:25:45;-36,79648;-73,08059;19,9;94,57;276;0;0;0;1;38;14532;358,3;-3,2;0
2022-11-07 00:26:15;-36,79648;-73,08059;19,9;94,57;276;0;0;0;1;38;14532;358,3;-3,2;0
2022-11-07 00:26:45;-36,79648;-73,08059;19,9;94,57;276;0;0;0;1;38;14532;358,3;-3,2;0
2022-11-07 00:27:15;-36,79648;-73,08059;19,9;94,6;276;0;0;0;1;38;14532;358,5;-3,2;0
2022-11-07 00:27:45;-36,79648;-73,08059;19,9;94,6;276;0;0;0;1;38;14532;358,5;-3,2;0
2022-11-07 00:28:15;-36,79648;-73,08059;19,9;94,6;276;0;0;0;1;38;14532;358,5;-3,2;0
2022-11-07 00:28:45;-36,79648;-73,08059;19,9;94,63;276;0;0;0;1;38;14532;358,5;-3,2;0
2022-11-07 00:29:15;-36,79648;-73,08059;19,9;94,63;276;0;0;0;1;38;14532;358,6;-3,2;0
2022-11-07 00:29:45;-36,79648;-73,08059;19,9;94,66;276;0;0;0;1;38;14532;358,6;-3,2;0
2022-11-07 00:30:15;-36,79648;-73,08059;19,9;94,66;276;0;0;0;1;38;14532;358,6;-3,2;0
2022-11-07 00:30:45;-36,79648;-73,08059;19,9;94,66;276;0;0;0;1;38;14532;358,6;-3,2;0
2022-11-07 00:31:15;-36,79648;-73,08059;19,9;94,69;276;0;0;0;1;38;14532;358,6;-3,2;0
2022-11-07 00:31:45;-36,79648;-73,08059;19,9;94,72;276;0;0;0;1;38;14532;358,8;-3,2;0
2022-11-07 00:32:15;-36,79648;-73,08059;19,9;94,72;276;0;0;0;1;38;14532;358,8;-3,2;0
2022-11-07 00:32:45;-36,79648;-73,08059;19,9;94,72;276;0;0;0;1;38;14532;358,8;-3,2;0
2022-11-07 00:33:15;-36,79648;-73,08059;19,9;94,76;276;0;0;0;1;38;14532;358,8;-3,2;0
2022-11-07 00:33:45;-36,79648;-73,08059;19,9;94,76;276;0;0;0;1;38;14532;358,9;-3,2;0
2022-11-07 00:34:15;-36,79648;-73,08059;19,9;94,79;276;0;0;0;1;38;14532;358,8;-3,2;0
2022-11-07 00:34:45;-36,79648;-73,08059;19,9;94,79;276;0;0;0;1;38;14532;358,9;-3,2;0
2022-11-07 00:35:15;-36,79648;-73,08059;19,9;94,79;276;0;0;0;1;38;14532;358,9;-3,2;0
2022-11-07 00:35:45;-36,79648;-73,08059;19,9;94,82;276;0;0;0;1;38;14532;359,1;-3,2;0
2022-11-07 00:36:15;-36,79648;-73,08059;19,9;94,82;276;0;0;0;1;38;14532;358,9;-3,2;0
2022-11-07 00:36:45;-36,79648;-73,08059;19,9;94,85;276;0;0;0;1;38;14532;359,1;-3,2;0
2022-11-07 00:37:15;-36,79648;-73,08059;19,9;94,85;276;0;0;0;1;38;14532;359,1;-3,2;0
2022-11-07 00:37:45;-36,79648;-73,08059;19,9;94,88;276;0;0;0;1;38;14532;359,1;-3,2;0
2022-11-07 00:38:15;-36,79648;-73,08059;19,9;94,88;276;0;0;0;1;38;14532;359,1;-3,2;0
2022-11-07 00:38:45;-36,79648;-73,08059;19,9;94,91;276;0;0;0;1;38;14532;359,3;-3,2;0
2022-11-07 00:39:15;-36,79648;-73,08059;19,9;94,91;276;0;0;0;1;38;14532;359,3;-3,2;0
2022-11-07 00:39:45;-36,79648;-73,08059;19,9;94,93;276;0;0;0;1;38;14532;359,3;-3,2;0
2022-11-07 00:40:15;-36,79648;-73,08059;19,9;94,94;276;0;0;0;1;38;14532;359,4;-3,2;0
2022-11-07 00:40:45;-36,79648;-73,08059;19,9;94,97;276;0;0;0;1;38;14532;359,4;-3,2;0
2022-11-07 00:41:15;-36,79648;-73,08059;19,9;94,98;276;0;0;0;1;38;14532;359,4;-3,2;0
2022-11-07 00:41:45;-36,79648;-73,08059;19,9;95;276;0;0;0;1;38;14532;359,6;-3,2;0
2022-11-07 00:42:15;-36,79648;-73,08059;19,9;95;276;0;0;0;1;38;14532;359,6;-3,2;0
2022-11-07 00:42:45;-36,79648;-73,08059;19,9;95,04;276;0;0;0;1;38;14532;359,6;-3,2;0
2022-11-07 00:43:15;-36,79648;-73,08059;19,9;95,04;276;0;0;0;1;38;14532;359,6;-3,2;0
2022-11-07 00:43:45;-36,79648;-73,08059;19,9;95,07;276;0;0;0;1;38;14532;359,6;-3,2;0
2022-11-07 00:44:15;-36,79648;-73,08059;19,9;95,07;276;0;0;0;1;38;14532;359,6;-3,2;0
2022-11-07 00:44:45;-36,79648;-73,08059;19,9;95,1;276;0;0;0;1;38;14532;359,7;-3,3;0
2022-11-07 00:45:15;-36,79648;-73,08059;19,9;95,1;276;0;0;0;1;38;14532;359,9;-3,2;0
2022-11-07 00:45:45;-36,79648;-73,08059;19,9;95,13;276;0;0;0;1;38;14532;359,9;-3,2;0
2022-11-07 00:46:15;-36,79648;-73,08059;19,9;95,13;276;0;0;0;1;38;14532;359,9;-3,2;0
2022-11-07 00:46:45;-36,79648;-73,08059;19,9;95,16;276;0;0;0;1;38;14532;359,9;-3,2;0
2022-11-07 00:47:15;-36,79648;-73,08059;19,9;95,19;276;0;0;0;1;38;14532;359,9;-3,2;0
2022-11-07 00:47:45;-36,79648;-73,08059;19,9;95,19;276;0;0;0;1;38;14532;360;-3,2;0
2022-11-07 00:48:15;-36,79648;-73,08059;19,9;95,22;276;0;0;0;1;38;14532;360;-3,2;0
2022-11-07 00:48:45;-36,79648;-73,08059;19,9;95,22;276;0;0;0;1;38;14532;360;-3,2;0
2022-11-07 00:49:15;-36,79648;-73,08059;19,9;95,22;276;0;0;0;1;38;14532;360;-3,2;0
2022-11-07 00:49:45;-36,79648;-73,08059;19,9;95,29;276;0;0;0;1;38;14532;360,2;-3,2;0
2022-11-07 00:50:15;-36,79648;-73,08059;19,9;95,29;276;0;0;0;1;38;14532;360,2;-3,2;0
2022-11-07 00:50:45;-36,79648;-73,08059;19,9;95,29;276;0;0;0;1;38;14532;360,2;-3,2;0
2022-11-07 00:51:15;-36,79648;-73,08059;19,9;95,32;276;0;0;0;1;38;14532;360,3;-3,2;0
2022-11-07 00:51:45;-36,79648;-73,08059;19,9;95,35;276;0;0;0;1;38;14532;360,3;-3,2;0
2022-11-07 00:52:15;-36,79648;-73,08059;19,9;95,35;276;0;0;0;1;38;14532;360,5;-3,2;0
2022-11-07 00:52:45;-36,79648;-73,08059;19,9;95,38;276;0;0;0;1;38;14532;360,5;-3,2;0
2022-11-07 00:53:15;-36,79648;-73,08059;19,9;95,38;276;0;0;0;1;38;14532;360,5;-3,2;0
2022-11-07 00:53:45;-36,79648;-73,08059;19,9;95,41;276;0;0;0;1;38;14532;360,5;-3,2;0
2022-11-07 00:54:15;-36,79648;-73,08059;19,9;95,43;276;0;0;0;1;38;14532;360,7;-3,2;0
2022-11-07 00:54:45;-36,79648;-73,08059;19,9;95,44;276;0;0;0;1;38;14532;360,7;-3,2;0
2022-11-07 00:55:15;-36,79648;-73,08059;19,9;95,47;276;0;0;0;1;38;14532;360,7;-3,2;0
2022-11-07 00:55:45;-36,79648;-73,08059;19,9;95,47;276;0;0;0;1;38;14532;360,8;-3,2;0
2022-11-07 00:56:15;-36,79648;-73,08059;19,9;95,5;276;0;0;0;1;38;14532;360,7;-3,2;0
2022-11-07 00:56:45;-36,79648;-73,08059;19,9;95,5;276;0;0;0;1;38;14532;360,8;-3,2;0
2022-11-07 00:57:15;-36,79648;-73,08059;19,9;95,53;276;0;0;0;1;38;14532;360,8;-3,2;0
2022-11-07 00:57:45;-36,79648;-73,08059;19,9;95,57;276;0;0;0;1;38;14532;360,8;-3,2;0
2022-11-07 00:58:15;-36,79648;-73,08059;19,9;95,57;276;0;0;0;1;38;14532;361;-3,2;0
2022-11-07 00:58:45;-36,79648;-73,08059;19,9;95,6;276;0;0;0;1;38;14532;361;-3,2;0
2022-11-07 00:59:15;-36,79648;-73,08059;19,9;95,6;276;0;0;0;1;38;14532;361,1;-3,2;0
2022-11-07 00:59:45;-36,79648;-73,08059;19,9;95,63;276;0;0;0;1;38;14532;361,1;-3,2;0
2022-11-07 01:00:15;-36,79648;-73,08059;19,9;95,66;276;0;0;0;1;38;14532;361,1;-3,2;0
2022-11-07 01:00:45;-36,79648;-73,08059;19,9;95,66;276;0;0;0;1;38;14532;361,3;-3,2;0
2022-11-07 01:01:15;-36,79648;-73,08059;19,9;95,66;276;0;0;0;1;38;14532;361,3;-3,2;0
2022-11-07 01:01:45;-36,79648;-73,08059;19,9;95,69;276;0;0;0;1;38;14532;361,3;-3,2;0
2022-11-07 01:02:15;-36,79648;-73,08059;19,9;95,72;276;0;0;0;1;38;14532;361,4;-3,2;0
2022-11-07 01:02:45;-36,79648;-73,08059;19,9;95,72;276;0;0;0;1;38;14532;361,4;-3,2;0
2022-11-07 01:03:15;-36,79648;-73,08059;19,9;95,75;276;0;0;0;1;38;14532;361,6;-3,2;0
2022-11-07 01:03:45;-36,79648;-73,08059;19,9;95,78;276;0;0;0;1;38;14532;361,6;-3,2;0
2022-11-07 01:04:15;-36,79648;-73,08059;19,9;95,78;276;0;0;0;1;38;14532;361,6;-3,2;0
2022-11-07 01:04:45;-36,79648;-73,08059;19,9;95,81;276;0;0;0;1;38;14532;361,6;-3,2;0
2022-11-07 01:05:15;-36,79648;-73,08059;19,9;95,81;276;0;0;0;1;38;14532;361,8;-3,2;0
2022-11-07 01:05:45;-36,79648;-73,08059;19,9;95,84;276;0;0;0;1;38;14532;361,9;-3,2;0
2022-11-07 01:06:15;-36,79648;-73,08059;19,9;95,88;276;0;0;0;1;38;14532;361,8;-3,2;0
2022-11-07 01:06:45;-36,79648;-73,08059;19,9;95,88;276;0;0;0;1;38;14532;361,9;-3,2;0
2022-11-07 01:07:15;-36,79648;-73,08059;19,9;95,91;276;0;0;0;1;38;14532;361,9;-3,2;0
2022-11-07 01:07:45;-36,79648;-73,08059;19,9;95,94;276;0;0;0;1;38;14532;361,9;-3,2;0
2022-11-07 01:08:15;-36,79648;-73,08059;19,9;95,94;276;0;0;0;1;38;14532;362,1;-3,2;0
2022-11-07 01:08:45;-36,79648;-73,08059;19,9;95,97;276;0;0;0;1;38;14532;362,1;-3,2;0
2022-11-07 01:09:15;-36,79648;-73,08059;19,9;96;276;0;0;0;1;38;14532;362,2;-3,2;0
2022-11-07 01:09:45;-36,79648;-73,08059;19,9;96,03;276;0;0;0;1;38;14532;362,4;-3,2;0
2022-11-07 01:10:15;-36,79648;-73,08059;19,9;96,06;276;0;0;0;1;38;14532;362,2;-3,2;0
2022-11-07 01:10:45;-36,79648;-73,08059;19,9;96,06;276;0;0;0;1;38;14532;362,2;-3,2;0
2022-11-07 01:11:15;-36,79648;-73,08059;19,9;96,09;276;0;0;0;1;38;14532;362,5;-3,2;0
2022-11-07 01:11:45;-36,79648;-73,08059;19,9;96,12;276;0;0;0;1;38;14532;362,4;-3,2;0
2022-11-07 01:12:15;-36,79648;-73,08059;19,9;96,15;276;0;0;0;1;38;14532;362,5;-3,2;0
2022-11-07 01:12:45;-36,79648;-73,08059;19,9;96,18;276;0;0;0;1;38;14532;362,5;-3,2;0
2022-11-07 01:13:15;-36,79648;-73,08059;19,9;96,18;276;0;0;0;1;38;14532;362,7;-3,2;0
2022-11-07 01:13:45;-36,79648;-73,08059;19,9;96,21;276;0;0;0;1;38;14532;362,7;-3,2;0
2022-11-07 01:14:15;-36,79648;-73,08059;19,9;96,24;276;0;0;0;1;38;14532;362,7;-3,2;0
2022-11-07 01:14:45;-36,79648;-73,08059;19,9;96,27;276;0;0;0;1;38;14532;362,8;-3,2;0
2022-11-07 01:15:15;-36,79648;-73,08059;19,9;96,28;276;0;0;0;1;38;14532;362,8;-3,2;0
2022-11-07 01:15:45;-36,79648;-73,08059;19,9;96,31;276;0;0;0;1;38;14532;363;-3,2;0
2022-11-07 01:16:15;-36,79648;-73,08059;19,9;96,34;276;0;0;0;1;38;14532;363,2;-3,2;0
2022-11-07 01:16:45;-36,79648;-73,08059;19,9;96,34;276;0;0;0;1;38;14532;363,2;-3,2;0
2022-11-07 01:17:15;-36,79648;-73,08059;19,9;96,37;276;0;0;0;1;38;14532;363,2;-3,2;0
2022-11-07 01:17:45;-36,79648;-73,08059;19,9;96,4;276;0;0;0;1;38;14532;363,2;-3,2;0
2022-11-07 01:18:15;-36,79648;-73,08059;19,9;96,43;276;0;0;0;1;38;14532;363,3;-3,2;0
2022-11-07 01:18:45;-36,79648;-73,08059;19,9;96,46;276;0;0;0;1;38;14532;363,5;-3,2;0
2022-11-07 01:19:15;-36,79648;-73,08059;19,9;96,49;276;0;0;0;1;38;14532;363,5;-3,2;0
2022-11-07 01:19:45;-36,79648;-73,08059;19,9;96,49;276;0;0;0;1;38;14532;363,5;-3,2;0
2022-11-07 01:20:15;-36,79648;-73,08059;19,9;96,52;276;0;0;0;1;38;14532;363,6;-3,2;0
2022-11-07 01:20:45;-36,79648;-73,08059;19,9;96,55;276;0;0;0;1;38;14532;363,6;-3,2;0
2022-11-07 01:21:15;-36,79648;-73,08059;19,9;96,58;276;0;0;0;1;38;14532;363,6;-3,2;0
2022-11-07 01:21:45;-36,79648;-73,08059;19,9;96,62;276;0;0;0;1;38;14532;363,8;-3,2;0
2022-11-07 01:22:15;-36,79648;-73,08059;19,9;96,65;276;0;0;0;1;38;14532;363,8;-3,2;0
2022-11-07 01:22:45;-36,79648;-73,08059;19,9;96,68;276;0;0;0;1;38;14532;363,9;-3,2;0
2022-11-07 01:23:15;-36,79648;-73,08059;19,9;96,68;276;0;0;0;1;38;14532;363,9;-3,2;0
2022-11-07 01:23:45;-36,79648;-73,08059;19,9;96,73;276;0;0;0;1;38;14532;364,1;-3,2;0
2022-11-07 01:24:15;-36,79648;-73,08059;19,9;96,77;276;0;0;0;1;38;14532;364,1;-3,2;0
2022-11-07 01:24:45;-36,79648;-73,08059;19,9;96,8;276;0;0;0;1;38;14532;364,3;-3,2;0
2022-11-07 01:25:15;-36,79648;-73,08059;19,9;96,8;276;0;0;0;1;38;14532;364,3;-3,2;0
2022-11-07 01:25:45;-36,79648;-73,08059;19,9;96,83;276;0;0;0;1;38;14532;364,4;-3,2;0
2022-11-07 01:26:15;-36,79648;-73,08059;19,9;96,86;276;0;0;0;1;38;14532;364,4;-3,2;0
2022-11-07 01:26:45;-36,79648;-73,08059;19,9;96,89;276;0;0;0;1;38;14532;364,6;-3,2;0
2022-11-07 01:27:15;-36,79648;-73,08059;19,9;96,92;276;0;0;0;1;38;14532;364,6;-3,2;0
2022-11-07 01:27:45;-36,79648;-73,08059;19,9;96,95;276;0;0;0;1;38;14532;364,7;-3,2;0
2022-11-07 01:28:15;-36,79648;-73,08059;19,9;96,98;276;0;0;0;1;38;14532;364,7;-3,2;0
2022-11-07 01:28:45;-36,79648;-73,08059;19,9;97,01;276;0;0;0;1;38;14532;364,9;-3,2;0
2022-11-07 01:29:15;-36,79648;-73,08059;19,9;97,04;276;0;0;0;1;38;14532;364,9;-3,2;0
2022-11-07 01:29:45;-36,79648;-73,08059;19,9;97,07;276;0;0;0;1;38;14532;364,9;-3,2;0
2022-11-07 01:30:15;-36,79648;-73,08059;19,9;97,14;276;0;0;0;1;38;14532;365,2;-3,2;0
2022-11-07 01:30:45;-36,79648;-73,08059;19,9;97,17;276;0;0;0;1;38;14532;365,2;-3,2;0
2022-11-07 01:31:15;-36,79648;-73,08059;19,9;97,2;276;0;0;0;1;38;14532;365,2;-3,2;0
2022-11-07 01:31:45;-36,79648;-73,08059;19,9;97,26;276;0;0;0;1;38;14532;365,3;-3,2;0
2022-11-07 01:32:15;-36,79648;-73,08059;19,9;97,26;276;0;0;0;1;38;14532;365,3;-3,2;0
2022-11-07 01:32:45;-36,79648;-73,08059;19,9;97,32;276;0;0;0;1;38;14532;365,5;-3,2;0
2022-11-07 01:33:15;-36,79648;-73,08059;19,9;97,35;276;0;0;0;1;38;14532;365,7;-3,2;0
2022-11-07 01:33:45;-36,79648;-73,08059;19,9;97,38;276;0;0;0;1;38;14532;365,8;-3,2;0
2022-11-07 01:34:15;-36,79648;-73,08059;19,9;97,41;276;0;0;0;1;38;14532;365,8;-3,2;0
2022-11-07 01:34:45;-36,79648;-73,08059;19,9;97,44;276;0;0;0;1;38;14532;366;-3,2;0
2022-11-07 01:35:15;-36,79648;-73,08059;19,9;97,47;276;0;0;0;1;38;14532;366,1;-3,2;0
2022-11-07 01:35:45;-36,79648;-73,08059;19,9;97,53;276;0;0;0;1;38;14532;366,1;-3,2;0
2022-11-07 01:36:15;-36,79648;-73,08059;19,9;97,56;276;0;0;0;1;38;14532;366,3;-3,2;0
2022-11-07 01:36:45;-36,79648;-73,08059;19,9;97,59;276;0;0;0;1;38;14532;366,4;-3,2;0
2022-11-07 01:37:15;-36,79648;-73,08059;19,9;97,65;276;0;0;0;1;38;14532;366,4;-3,2;0
2022-11-07 01:37:45;-36,79648;-73,08059;19,9;97,65;276;0;0;0;1;38;14532;366,4;-3,2;0
2022-11-07 01:38:15;-36,79648;-73,08059;19,9;97,68;276;0;0;0;1;38;14532;366,6;-3,2;0
2022-11-07 01:38:45;-36,79648;-73,08059;19,9;97,74;276;0;0;0;1;38;14532;366,8;-3,2;0
2022-11-07 01:39:15;-36,79648;-73,08059;19,9;97,77;276;0;0;0;1;38;14532;366,8;-3,1;0
2022-11-07 01:39:45;-36,79648;-73,08059;19,9;97,8;276;0;0;0;1;38;14532;366,9;-3,1;0
2022-11-07 01:40:15;-36,79648;-73,08059;19,9;97,83;276;0;0;0;1;38;14532;366,9;-3,2;0
2022-11-07 01:40:45;-36,79648;-73,08059;19,9;97,9;276;0;0;0;1;38;14532;367,1;-3,2;0
2022-11-07 01:41:15;-36,79648;-73,08059;19,9;97,92;276;0;0;0;1;38;14532;367,1;-3,2;0
2022-11-07 01:41:45;-36,79648;-73,08059;19,9;97,96;276;0;0;0;1;38;14532;367,4;-3,2;0
2022-11-07 01:42:15;-36,79648;-73,08059;19,9;97,99;276;0;0;0;1;38;14532;367,4;-3,2;0
2022-11-07 01:42:45;-36,79648;-73,08059;19,9;98,05;276;0;0;0;1;38;14532;367,4;-3,2;0
2022-11-07 01:43:15;-36,79648;-73,08059;19,9;98,07;276;0;0;0;1;38;14532;367,5;-3,1;0
2022-11-07 01:43:45;-36,79648;-73,08059;19,9;98,11;276;0;0;0;1;38;14532;367,7;-3,2;0
2022-11-07 01:44:15;-36,79648;-73,08059;19,9;98,17;276;0;0;0;1;38;14532;367,8;-3,1;0
2022-11-07 01:44:45;-36,79648;-73,08059;19,9;98,2;276;0;0;0;1;38;14532;368;-3,2;0
2022-11-07 01:45:15;-36,79648;-73,08059;19,9;98,25;276;0;0;0;1;38;14532;368;-3,2;0
2022-11-07 01:45:45;-36,79648;-73,08059;19,9;98,29;276;0;0;0;1;38;14532;368,2;-3,2;0
2022-11-07 01:46:15;-36,79648;-73,08059;19,9;98,32;276;0;0;0;1;38;14532;368,2;-3,1;0
2022-11-07 01:46:45;-36,79648;-73,08059;19,9;98,38;276;0;0;0;1;38;14532;368,3;-3,2;0
2022-11-07 01:47:15;-36,79648;-73,08059;19,9;98,41;276;0;0;0;1;38;14532;368,5;-3,2;0
2022-11-07 01:47:45;-36,79648;-73,08059;19,9;98,46;276;0;0;0;1;38;14532;368,6;-3,2;0
2022-11-07 01:48:15;-36,79648;-73,08059;19,9;98,53;276;0;0;0;1;38;14532;368,8;-3,2;0
2022-11-07 01:48:45;-36,79648;-73,08059;19,9;98,55;276;0;0;0;1;38;14532;368,8;-3,2;0
2022-11-07 01:49:15;-36,79648;-73,08059;19,9;98,62;276;0;0;0;1;38;14532;368,9;-3,2;0
2022-11-07 01:49:45;-36,79648;-73,08059;19,9;98,67;276;0;0;0;1;38;14532;369,1;-3,1;0
2022-11-07 01:50:15;-36,79648;-73,08059;19,9;98,7;276;0;0;0;1;38;14532;369,1;-3,1;0
2022-11-07 01:50:45;-36,79648;-73,08059;19,9;98,76;276;0;0;0;1;38;14532;369,3;-3,2;0
2022-11-07 01:51:15;-36,79648;-73,08059;19,9;98,82;276;0;0;0;1;38;14532;369,6;-3,2;0
2022-11-07 01:51:45;-36,79648;-73,08059;19,9;98,88;276;0;0;0;1;38;14532;369,6;-3,1;0
2022-11-07 01:52:15;-36,79648;-73,08059;19,9;98,94;276;0;0;0;1;38;14532;369,7;-3,1;0
2022-11-07 01:52:45;-36,79648;-73,08059;19,9;98,97;276;0;0;0;1;38;14532;369,9;-3,1;0
2022-11-07 01:53:15;-36,79648;-73,08059;19,9;99,03;276;0;0;0;1;38;14532;369,9;-3,1;0
2022-11-07 01:53:45;-36,79648;-73,08059;19,9;99,09;276;0;0;0;1;38;14532;370;-3,1;0
2022-11-07 01:54:15;-36,79648;-73,08059;19,9;99,15;276;0;0;0;1;38;14532;370,2;-3,1;0
2022-11-07 01:54:45;-36,79648;-73,08059;19,9;99,2;276;0;0;0;1;38;14532;370,4;-3,1;0
2022-11-07 01:55:15;-36,79648;-73,08059;19,9;99,26;276;0;0;0;1;38;14532;370,5;-3,1;0
2022-11-07 01:55:45;-36,79648;-73,08059;19,9;99,29;276;0;0;0;1;38;14532;370,7;-3,1;0
2022-11-07 01:56:15;-36,79648;-73,08059;19,9;99,35;276;0;0;0;1;38;14532;370,7;-3,1;0
2022-11-07 01:56:45;-36,79648;-73,08059;19,9;99,39;276;0;0;0;1;38;14532;370,8;-3,1;0
2022-11-07 01:57:15;-36,79648;-73,08059;19,9;99,39;276;0;0;0;1;38;14532;371;-3,1;0
2022-11-07 01:57:45;-36,79648;-73,08059;19,9;99,39;276;0;0;0;1;38;14532;371,1;-3,1;0
2022-11-07 01:58:15;-36,79648;-73,08059;19,9;99,39;276;0;0;0;1;38;14532;371,3;-3,1;0
2022-11-07 01:58:45;-36,79648;-73,08059;19,9;99,39;276;0;0;0;1;38;14532;371,4;-3,1;0
2022-11-07 01:59:15;-36,79648;-73,08059;19,9;99,39;276;0;0;0;1;38;14532;371,6;-3,1;0
2022-11-07 01:59:45;-36,79648;-73,08059;19,9;99,39;276;0;0;0;1;38;14532;371,6;-3,1;0
2022-11-07 02:00:15;-36,79648;-73,08059;19,9;99,39;276;0;0;0;1;38;14532;371,9;-3,1;0
2022-11-07 02:00:45;-36,79648;-73,08059;19,9;99,39;276;0;0;0;1;38;14532;372,1;-3,1;0
2022-11-07 02:01:15;-36,79648;-73,08059;19,9;99,39;276;0;0;0;1;38;14532;372,1;-3,1;0
2022-11-07 05:15:09;-36,79648;-73,08059;19,9;99,99;276;0;0;0;1;38;12796;348,6;0;0
2022-11-07 05:17:03;-36,79643;-73,08084;20,5;99,99;276;0;0;0;0;222;12796;348,6;0;0
2022-11-07 05:17:33;-36,79643;-73,08084;18,1;99,97;276;0;0;0;0;222;14270;348;3,3;51
2022-11-07 05:18:03;-36,79644;-73,08086;18,1;99,95;276;9;0;0;0;222;14405;347,1;11;563
2022-11-07 05:18:33;-36,79644;-73,08086;23,7;99,92;276;6;0;0;0;222;14405;347,4;1,4;374
2022-11-07 05:19:03;-36,79633;-73,08126;21;99,91;276;1;0;0;0;221;14405;347,4;1,5;74
2022-11-07 08:47:54;-36,79626;-73,08103;21;99,9;276;0;0;0;0;230;12391;347,7;0;0
2022-11-07 08:48:21;-36,79628;-73,08104;17,6;99,88;276;8;0;0;0;222;14405;346,9;1,4;459
2022-11-07 08:48:51;-36,79628;-73,08104;9,4;99,86;276;5;0;0;0;222;14532;346,9;1,1;325
2022-11-07 08:49:21;-36,79661;-73,08086;11,5;99,85;276;0;0;0;0;222;14405;347,1;0,7;0
2022-11-07 08:49:51;-36,79661;-73,08087;11,5;99,84;276;0;0;0;0;222;14405;346,9;0,6;0
2022-11-07 08:50:21;-36,79661;-73,08087;11,5;99,84;276;0;0;0;0;222;14405;346,9;0,6;0
2022-11-07 08:50:51;-36,79661;-73,08087;11,5;99,83;276;4;0;0;0;222;14405;346,6;3,4;244
2022-11-07 08:57:51;-36,79661;-73,08087;11,5;99,82;276;0;0;0;0;222;12526;347,1;0;0
2022-11-07 08:58:21;-36,79661;-73,08087;11,5;99,82;276;0;0;0;0;222;14405;346,6;3,9;58
2022-11-07 08:58:51;-36,79661;-73,08087;11,5;99,8;276;3;0;0;0;222;14532;346,6;1;172
2022-11-07 08:59:21;-36,79661;-73,08087;11,5;99,77;276;5;0;0;0;222;14405;345,2;11,3;317
2022-11-07 08:59:51;-36,79661;-73,08087;11,5;99,75;276;0;0;0;0;222;14532;346,3;0,8;0
2022-11-07 09:00:21;-36,79661;-73,08087;11,5;99,75;276;0;0;0;0;222;14532;346,3;0,8;0
2022-11-07 09:00:51;-36,79661;-73,08087;13,3;99,7;277;22;0;0;0;222;14532;335,8;73,5;1471
2022-11-07 09:01:21;-36,79661;-73,08087;11,5;99,18;277;73;0;0;0;222;14405;337,7;12,8;4466
2022-11-07 09:01:51;-36,80025;-73,07934;10,2;99,2;277;18;0;0;0;222;14532;343,8;-1,1;996
2022-11-07 09:02:21;-36,80353;-73,07584;9;99,01;278;48;0;0;0;221;14532;339,9;33,4;2938
2022-11-07 09:02:51;-36,80353;-73,07584;8,9;99,01;278;18;0;0;0;221;14532;344,7;-11,7;1018
2022-11-07 09:03:21;-36,80165;-73,07249;12,8;98,73;278;62;0;0;0;221;14405;337,2;42,4;3798
2022-11-07 09:03:51;-36,80432;-73,07605;18,4;98,45;279;65;0;0;0;220;14532;342,2;-11,9;3998
2022-11-07 09:04:21;-36,80432;-73,07605;11,7;98,12;279;87;0;0;0;220;14532;330,2;128,6;5454
2022-11-07 09:04:51;-36,81021;-73,08142;15,7;98,04;280;42;0;0;0;220;14405;339,6;7;2511
2022-11-07 09:05:21;-36,81462;-73,08379;9,5;97,99;280;37;0;0;0;220;14405;331,3;128,3;2310
2022-11-07 09:05:51;-36,81462;-73,08379;12,5;97,49;281;71;0;0;0;219;14532;339,1;10,2;4391
2022-11-07 09:06:21;-36,81902;-73,07827;10,8;97,32;281;67;0;0;0;219;14532;343,2;6;4096
2022-11-07 09:06:51;-36,8252;-73,07406;11;97,35;282;37;0;0;0;219;14532;340,5;44,3;2231
2022-11-07 09:07:21;-36,8252;-73,07406;11,7;97;282;71;0;0;0;219;14532;351,1;-97,6;4276
2022-11-07 09:07:51;-36,82828;-73,06962;14,5;97,1;282;0;0;0;0;219;14532;343,8;0,7;0
2022-11-07 09:08:21;-36,82925;-73,06879;13,6;96,76;282;49;0;0;0;218;14405;345,5;-60,1;2883
2022-11-07 09:08:51;-36,82925;-73,06879;13,7;96,74;283;26;0;0;0;219;14532;343,2;4,5;1561
2022-11-07 09:09:21;-36,8323;-73,06506;16,3;96,73;283;0;0;0;0;219;14532;343,9;0,7;0
2022-11-07 09:09:51;-36,83309;-73,06436;18,5;96,71;283;9;0;0;0;219;14532;344,1;1,3;474
2022-11-07 09:10:21;-36,83309;-73,06436;18,5;96,7;283;9;0;0;0;219;14532;343,8;5,5;571
2022-11-07 09:10:51;-36,83326;-73,06422;18,5;96,67;283;18;0;0;0;219;14532;344,3;-0,2;1044
2022-11-07 09:11:21;-36,83326;-73,06422;18,5;96,66;283;3;0;0;0;219;14532;344,3;1,2;219
2022-11-07 09:11:51;-36,83326;-73,06422;18,5;96,64;283;8;0;0;0;219;14532;344,3;2,5;498
2022-11-07 09:12:21;-36,83326;-73,06422;18,5;96,62;283;8;0;0;0;219;14532;344,3;5,6;519
2022-11-07 09:12:51;-36,83326;-73,06422;18,5;96,59;283;13;0;0;0;219;14532;344,6;-0,1;732
2022-11-07 09:13:21;-36,83326;-73,06422;22,7;96,41;283;30;0;0;0;218;14532;339,6;37,9;1813
2022-11-07 09:13:51;-36,83702;-73,06284;17,2;96,4;284;6;0;0;0;218;14405;344,3;0,9;391
2022-11-07 09:14:21;-36,83677;-73,06081;18,3;96,39;284;8;0;0;0;218;14532;344,4;1,1;518
2022-11-07 09:14:51;-36,83677;-73,06081;18;96,35;284;13;0;0;0;218;14532;342,5;19,9;841
2022-11-07 09:15:21;-36,83691;-73,06049;13,5;96,22;284;37;0;0;0;218;14532;343;0,8;2189
2022-11-07 09:15:51;-36,83548;-73,05688;16,4;96,17;284;20;0;0;0;218;14532;344,3;0,9;1194
2022-11-07 09:16:36;-36,83548;-73,05688;17,6;96,17;284;0;0;1;0;218;14532;344,6;0,8;0
2022-11-07 09:16:51;-36,83617;-73,05591;16,8;96,07;284;43;0;0;0;218;14532;338,2;70,1;2619
2022-11-07 09:17:21;-36,83819;-73,05561;15,9;95,83;285;65;0;0;0;218;14532;338,6;43,3;3997
2022-11-07 09:17:51;-36,83819;-73,05561;18,5;95,89;285;0;0;0;0;218;14532;344,3;0,6;0
2022-11-07 09:18:21;-36,84287;-73,05329;17,6;95,78;285;35;0;0;0;218;14532;340,7;25,1;2123
2022-11-07 09:18:51;-36,84553;-73,05195;19,5;95,74;285;15;0;0;0;218;14532;341,6;25,7;957
2022-11-07 09:19:21;-36,84553;-73,05195;13,9;95,56;286;50;0;0;0;217;14532;340,8;27,2;3051
2022-11-07 09:19:51;-36,84853;-73,05128;17,6;95,55;286;0;0;0;0;217;14532;344,3;0,7;0
2022-11-07 09:20:21;-36,85053;-73,05115;19,3;95,36;286;59;0;0;0;217;14532;325,8;186,9;3706
2022-11-07 09:20:51;-36,85053;-73,05115;19,5;95,39;286;0;0;0;0;217;14405;344,3;0,7;0
2022-11-07 09:21:21;-36,85254;-73,05055;19,5;95,38;286;1;0;0;0;217;14405;344,4;1,9;78
2022-11-07 09:21:51;-36,85254;-73,05055;19,5;95,37;286;0;0;0;0;217;14532;344,6;0,7;0
2022-11-07 09:22:21;-36,85254;-73,05055;17,3;95,28;286;10;0;0;0;217;14532;344,3;1,2;586
2022-11-07 09:22:51;-36,85246;-73,04901;19;95,27;286;3;0;0;0;217;14405;344,3;1,6;174
2022-11-07 09:23:21;-36,85243;-73,0489;19;95,26;286;3;0;0;0;217;14405;344,4;3,3;192
2022-11-07 09:23:51;-36,85243;-73,0489;19;95,25;286;1;0;0;0;216;14405;344,7;1,6;81
2022-11-07 09:24:21;-36,85243;-73,0489;19;95,24;286;0;0;0;0;216;14405;344,7;1,1;0
2022-11-07 09:24:51;-36,85243;-73,0489;19;95,23;286;1;0;0;0;216;14405;344,6;2,1;98
2022-11-07 09:27:45;-36,8521;-73,04909;23,1;95,22;286;0;0;0;0;217;12796;345,2;0;0
2022-11-07 09:28:12;-36,8521;-73,04909;27,6;95,2;286;3;0;0;0;216;14405;344,7;2,4;215
2022-11-07 09:28:42;-36,85245;-73,0492;23,3;95,18;286;16;0;0;0;216;14532;345,5;-8,3;824
2022-11-07 09:29:12;-36,85245;-73,0492;19,6;95,18;286;0;0;0;0;216;14405;345;0,6;0
2022-11-07 09:29:42;-36,85267;-73,05024;18,2;95,09;287;0;0;0;0;216;14405;344,9;0,7;0
2022-11-07 09:30:12;-36,85064;-73,05099;17,2;94,88;287;56;0;0;0;216;14532;339,6;36,6;3459
2022-11-07 09:30:42;-36,85064;-73,05099;20;94,88;287;20;0;0;0;216;14532;343,5;8,1;1245
2022-11-07 09:31:12;-36,84576;-73,05174;20,3;94,63;288;65;0;0;0;215;14532;340,8;28;4003
2022-11-07 09:31:42;-36,84093;-73,05418;22,6;94,68;288;15;0;0;0;215;14532;338,6;36,9;1080
2022-11-07 09:32:12;-36,84093;-73,05418;23;94,49;288;48;0;0;0;215;14532;339,7;44,3;2955
2022-11-07 09:32:42;-36,83758;-73,05567;19;94,46;289;21;0;0;0;215;14532;346,1;-21,3;1157
2022-11-07 09:33:12;-36,83397;-73,05618;20,6;94,42;289;0;0;0;0;215;14532;344,6;0,7;0
2022-11-07 09:33:42;-36,83397;-73,05618;21,7;94,4;289;15;0;0;0;215;14532;341,9;20,7;980
2022-11-07 09:34:12;-36,83323;-73,05662;13,5;94,34;289;28;0;0;0;214;14532;342,1;26,4;1677
2022-11-07 09:34:42;-36,83165;-73,05669;13,6;94,26;289;31;0;0;0;214;14532;325,8;178,7;2216
2022-11-07 09:35:12;-36,83165;-73,05669;13,6;94,2;289;25;0;0;0;214;14405;340,8;8,3;1565
2022-11-07 09:35:42;-36,83088;-73,05487;13,8;94,16;289;0;0;0;0;214;14532;344,6;0,7;0
2022-11-07 09:36:12;-36,83042;-73,05378;16,7;94,06;289;8;0;0;0;214;14532;343,9;1,3;216
2022-11-07 09:36:42;-36,83042;-73,05378;16,6;94,05;289;0;0;0;0;214;14532;344,6;0,7;0
2022-11-07 09:37:12;-36,82991;-73,05254;22,1;94;290;0;0;0;0;214;14532;344,6;0,7;0
2022-11-07 09:37:42;-36,82905;-73,05287;22,1;94;290;2;0;0;0;214;14532;344,7;3,6;104
2022-11-07 09:38:12;-36,82905;-73,05287;23,9;93,85;290;29;0;0;0;213;14405;343,8;-14,2;1694
2022-11-07 09:38:42;-36,82743;-73,05388;21;93,81;290;34;0;0;0;213;14532;349,9;-28,3;1933
2022-11-07 09:39:12;-36,82513;-73,05536;18,9;93,82;290;0;0;0;0;214;14532;344,7;0,7;0
2022-11-07 09:39:42;-36,82513;-73,05536;18,1;93,78;290;18;0;0;0;214;14532;345,7;-13,4;991
2022-11-07 09:40:12;-36,82436;-73,05585;16,8;93,78;290;0;0;0;0;214;14532;344,9;0,7;0
2022-11-07 09:40:42;-36,82426;-73,05589;16,8;93,77;290;0;0;0;0;214;14532;344,9;0,6;0
2022-11-07 09:41:12;-36,82426;-73,05589;16,8;93,77;290;0;0;0;0;214;14532;344,9;0,6;0
2022-11-07 09:41:42;-36,82426;-73,05589;23,9;93,74;290;0;0;0;0;214;14532;344,9;0,7;0
2022-11-07 09:42:12;-36,82326;-73,05654;29,8;93,56;290;12;0;0;0;214;14532;344,1;2;576
2022-11-07 09:42:42;-36,82326;-73,05654;25;93,48;291;28;0;0;0;213;14532;347,2;-45,1;1492
2022-11-07 09:43:12;-36,82326;-73,05654;22,5;93,37;291;5;0;0;0;213;14532;339,1;26;574
2022-11-07 09:43:42;-36,81953;-73,0521;18,7;93,2;291;38;0;0;0;213;14532;342,7;17,7;2297
2022-11-07 09:44:12;-36,81953;-73,0521;15,2;93,15;291;39;0;0;0;213;14532;340,5;33,5;2411
2022-11-07 09:44:42;-36,81823;-73,05028;10,8;93,12;291;19;0;0;0;212;14532;344,1;0,8;942
2022-11-07 09:45:12;-36,81714;-73,04942;12,2;93,09;291;16;0;0;0;212;14532;343,9;-8,2;932
2022-11-07 09:45:42;-36,81714;-73,04942;14,9;93,06;291;0;0;0;0;212;14532;344,6;1,1;0
2022-11-07 09:57:03;-36,8177;-73,04896;14,7;93,06;291;0;0;0;0;212;12661;345,5;0;0
2022-11-07 09:57:33;-36,8177;-73,04896;14,7;93,06;292;0;0;0;0;212;14405;345,3;0,8;0
2022-11-07 09:58:03;-36,8177;-73,04896;18,8;93,03;292;4;0;0;0;212;14532;345,2;0,9;130
2022-11-07 09:58:33;-36,8177;-73,04896;22,4;92,98;292;16;0;0;0;212;14532;345;1,6;757
2022-11-07 09:59:03;-36,81763;-73,0476;20;92,95;292;0;0;0;0;212;14532;345,2;0,7;0
2022-11-07 09:59:33;-36,81726;-73,04671;19,6;92,91;292;27;0;0;0;212;14532;345,3;7;1586
2022-11-07 10:00:03;-36,81726;-73,04671;8;92,85;292;39;0;0;0;212;14532;339,6;61,7;2450
2022-11-07 10:00:33;-36,8165;-73,04485;4;92,76;292;42;0;0;0;212;14532;338,6;64,6;2670
2022-11-07 10:01:03;-36,81473;-73,04061;0,1;92,77;292;1;0;0;0;212;14532;344,7;1,5;100
2022-11-07 10:01:33;-36,81473;-73,04061;1,4;92,65;293;41;0;0;0;212;14405;347,5;-57,7;2329
2022-11-07 10:02:03;-36,8159;-73,03905;4,8;92,66;293;9;0;0;0;212;14532;344,7;1,3;505
2022-11-07 10:02:33;-36,81696;-73,0396;8;92,65;293;0;0;0;0;212;14532;345;1,2;0
2022-11-07 10:03:03;-36,81696;-73,0396;21,9;92,63;293;2;0;0;0;212;14405;345;2,3;162
2022-11-07 10:13:00;-36,81694;-73,0398;21,9;92,63;293;0;0;0;0;212;12257;345,7;0;0
2022-11-07 10:13:30;-36,81694;-73,0398;19,5;92,59;293;18;0;0;0;212;12257;346,1;-8,3;978
2022-11-07 10:14:00;-36,81744;-73,03955;19,5;92,59;293;0;0;0;0;212;14405;345,3;0,9;0
2022-11-07 10:14:30;-36,81797;-73,0392;16,1;92,55;293;18;0;0;0;212;14532;342,8;21,1;1130
2022-11-07 10:15:00;-36,81797;-73,0392;12,4;92,51;293;22;0;0;0;212;14532;342,4;27,4;1362
2022-11-07 10:15:30;-36,81731;-73,03735;8,1;92,43;293;26;0;0;0;212;14405;329,9;141,3;1853
2022-11-07 10:16:00;-36,81503;-73,03185;9,2;92,32;294;22;0;0;0;212;14532;347,1;-19,1;1188
2022-11-07 10:16:30;-36,81503;-73,03185;6,3;92,29;294;23;0;0;0;212;14532;341,3;35,5;1508
2022-11-07 10:17:00;-36,81491;-73,03023;12;92,1;294;51;0;0;0;211;14532;345,5;-22,5;3029
2022-11-07 10:17:30;-36,81767;-73,02512;10,4;92,03;294;40;0;0;0;211;14532;351,6;-75;2087
2022-11-07 10:18:00;-36,81767;-73,02512;7,9;91,95;295;40;0;0;0;211;14405;340,2;38,3;2469
2022-11-07 10:18:30;-36,8187;-73,02237;9;91,95;295;6;0;0;0;211;14532;342,1;24,3;566
2022-11-07 10:19:00;-36,81985;-73,01909;11,1;91,78;295;36;0;0;0;211;14532;344,4;-1,7;2049
2022-11-07 10:19:30;-36,81985;-73,01909;10,5;91,66;295;50;0;0;0;211;14532;352,4;-91;2760
2022-11-07 10:20:00;-36,82287;-73,01904;6,2;91,67;296;23;0;0;0;211;14532;341,8;28,8;1444
2022-11-07 10:20:30;-36,82483;-73,01577;9,3;91,5;296;46;0;0;0;211;14532;341,4;22,1;2800
2022-11-07 10:21:00;-36,82483;-73,01577;11;91,48;296;16;0;0;0;211;14532;342,5;31,1;1060
2022-11-07 10:21:30;-36,8269;-73,0131;20,5;91,32;296;22;0;0;0;210;14532;344,7;-5,2;1209
2022-11-07 10:22:00;-36,82947;-73,01154;15,7;91,29;297;25;0;0;0;210;14532;338;71,6;1655
2022-11-07 10:22:30;-36,82947;-73,01154;14,2;91,23;297;24;0;0;0;210;14532;338,6;75,2;1660
2022-11-07 10:23:00;-36,83207;-73,01026;15,3;91,11;297;32;0;0;0;210;14532;337,8;63,9;2023
2022-11-07 10:23:30;-36,83296;-73,01046;16,1;91,12;297;0;0;0;0;210;14405;344,6;1;0
2022-11-07 10:24:00;-36,83296;-73,01046;17,1;91,05;297;28;0;0;0;210;14532;344,6;-12,7;1592
2022-11-07 10:24:30;-36,8337;-73,01155;22,6;90,96;297;0;0;0;0;209;14532;344,3;0,7;0
2022-11-07 10:25:00;-36,8342;-73,0118;22,6;90,95;297;2;0;0;0;209;14532;344,4;1,4;91
2022-11-07 10:25:30;-36,8342;-73,0118;22,6;90,94;297;0;0;0;0;209;14405;344,7;0,7;0
2022-11-07 10:26:00;-36,83419;-73,01179;22,5;90,91;297;23;0;0;0;209;14532;346,9;-31,3;1277
2022-11-07 10:26:30;-36,83323;-73,01102;23;90,78;297;52;0;0;0;209;14532;349,7;32,6;3080
2022-11-07 10:27:00;-36,83323;-73,01102;23;90,7;298;47;0;0;0;209;14532;350,7;32,7;2739
2022-11-07 10:27:30;-36,83076;-73,01113;22,8;90,68;298;25;0;0;0;209;14532;344,1;2,3;1451
2022-11-07 10:28:00;-36,82889;-73,01192;26,5;90,56;298;31;0;0;0;208;14532;346,6;-41,4;1674
2022-11-07 10:28:30;-36,82889;-73,01192;19,6;90,49;298;28;0;0;0;208;14532;335,8;110;1927
2022-11-07 10:29:00;-36,82566;-73,01398;21,3;90,27;299;46;0;0;0;208;14532;344,3;-14,8;2761
2022-11-07 10:29:30;-36,82303;-73,0186;16,2;90,22;299;13;0;0;0;208;14532;344,3;-2,9;736
2022-11-07 10:30:00;-36,82303;-73,0186;6,5;90,1;299;30;0;0;0;207;14532;337,1;57,3;1932
2022-11-07 10:30:30;-36,82084;-73,01795;1,3;90,06;299;10;0;0;0;207;14532;344,1;0,7;445
2022-11-07 10:31:00;-36,81879;-73,01942;9,4;89,71;300;72;0;0;0;207;14532;332,7;120,3;4491
2022-11-07 10:31:30;-36,81879;-73,01942;16,3;89,57;300;65;0;0;0;206;14532;336,1;74,2;4054
2022-11-07 10:32:00;-36,81582;-73,02731;17,8;89,57;301;24;0;0;0;206;14532;346,8;-32,9;1296
2022-11-07 10:32:30;-36,81466;-73,03041;18,1;89,57;301;0;0;0;0;206;14405;344,6;0,7;0
2022-11-07 10:33:00;-36,81466;-73,03041;17,3;89,48;301;9;0;0;0;206;14532;344,4;1,2;402
2022-11-07 10:33:30;-36,81263;-73,02889;12,6;89,17;301;39;0;0;0;205;14405;341,1;1,7;2396
2022-11-07 10:34:00;-36,80953;-73,02922;18,6;89,08;302;41;0;0;0;205;14405;336,4;74,6;2575
2022-11-07 10:34:30;-36,80953;-73,02922;29,6;88,58;302;80;0;0;0;204;14532;334,6;73,1;4961
2022-11-07 10:35:00;-36,80594;-73,0368;24,5;88,21;303;99;0;0;0;203;14532;334,7;72,9;6178
2022-11-07 10:35:30;-36,79897;-73,0458;38,9;87,78;304;85;0;0;0;202;14532;336,8;-18,4;5296
2022-11-07 10:36:00;-36,79897;-73,0458;31,7;87,7;304;75;0;0;0;202;14532;340;38,4;4661
2022-11-07 10:36:30;-36,79946;-73,05622;35,1;87,62;305;53;0;0;0;202;14532;349,9;0;3036
2022-11-07 10:37:00;-36,79703;-73,06282;36,4;87,55;305;49;0;0;0;201;14532;343,9;-1,7;2989
2022-11-07 10:37:30;-36,79703;-73,06282;28,5;87,63;305;31;0;0;0;202;14532;343,5;19,3;1923
2022-11-07 10:38:00;-36,79532;-73,0665;22,1;87,68;306;19;0;0;0;202;14532;345;1,4;1106
2022-11-07 10:38:30;-36,79452;-73,0657;19,6;87,65;306;23;0;0;0;202;14532;343,9;-2,9;1361
2022-11-07 10:39:00;-36,79452;-73,0657;17;87,44;306;58;0;0;0;201;14532;337,7;14,2;3595
2022-11-07 10:39:36;-36,79864;-73,0688;14,9;87,35;306;52;0;0;0;201;14532;339,4;92,3;3193
2022-11-07 10:40:00;-36,79665;-73,06902;13,7;87,33;307;25;0;0;0;201;14532;340;39,3;1591
2022-11-07 10:40:30;-36,79665;-73,06902;8,9;87,31;307;4;0;0;0;201;14532;344,3;4;295
2022-11-07 10:51:39;-36,79566;-73,06863;9,9;87,28;307;10;0;0;0;201;14405;345,2;1,2;559
2022-11-07 10:52:09;-36,7958;-73,06878;9,9;87,25;307;16;0;0;0;201;14532;344,7;12,4;954
2022-11-07 10:52:39;-36,7958;-73,06878;9,9;87,21;307;22;0;0;0;201;14532;344,1;10,1;1338
2022-11-07 10:53:09;-36,7958;-73,06878;13,5;87,14;307;27;0;0;0;200;14532;347,8;-34,3;1492
2022-11-07 10:53:39;-36,79988;-73,07032;8,8;87,07;308;38;0;0;0;200;14532;343,5;20,2;2297
2022-11-07 10:54:09;-36,80164;-73,07256;7,3;87,05;308;19;0;0;0;200;14532;345,3;-9,7;966
2022-11-07 10:54:39;-36,80164;-73,07256;3,8;86,94;308;43;0;0;0;200;14532;344,6;-5,2;2526
2022-11-07 10:55:09;-36,8035;-73,07591;5,8;86,93;308;16;0;0;0;200;14532;343,5;7,4;1009
2022-11-07 10:55:39;-36,80157;-73,07866;7,3;86,78;308;45;0;0;0;200;14532;346,1;-62,1;2453
2022-11-07 10:56:09;-36,80157;-73,07866;11,7;86,72;309;24;0;0;0;200;14532;338,5;66,4;1607
2022-11-07 10:56:39;-36,79765;-73,08101;12,6;86,66;309;2;0;0;0;199;14405;344,7;0,8;84
2022-11-07 10:57:09;-36,79661;-73,08093;2,9;86,65;309;7;0;0;0;199;14532;344,9;0,8;204
2022-11-07 11:07:35;-36,79662;-73,08093;12,2;86,65;309;0;0;0;0;198;12828;345,7;0,8;0
2022-11-07 11:08:05;-36,79662;-73,08093;12,2;86,65;309;0;0;0;0;198;14453;345,5;0,9;0
2022-11-07 11:08:35;-36,79662;-73,08093;12,2;86,62;309;12;0;0;0;198;14453;345;4,3;740
2022-11-07 11:09:05;-36,79662;-73,08093;13;86,61;309;0;0;0;0;198;14453;345,5;0,8;0
2022-11-07 11:09:35;-36,79635;-73,08036;9,2;86,59;309;12;0;0;0;198;14453;344,9;8;738
2022-11-07 11:20:26;-36,79657;-73,08086;9,9;86,58;309;0;0;0;0;197;12280;345,8;0;0
2022-11-07 11:20:56;-36,79657;-73,08086;9,4;86,56;309;9;0;0;0;197;14453;345,5;1,3;524
2022-11-07 11:21:26;-36,79629;-73,08112;10,7;86,55;309;3;0;0;0;197;14453;345,3;3,1;140
2022-11-07 11:29:32;-36,79631;-73,08109;10,7;86,54;309;0;0;0;0;197;12685;345,8;0,1;0
2022-11-07 14:37:14;-36,79631;-73,08109;10,7;86,54;309;0;0;0;0;199;12828;346,3;0;0
2022-11-07 14:37:44;-36,79632;-73,08124;16,6;86,51;309;11;0;0;0;199;14453;345,2;12,2;681
2022-11-07 14:45:26;-36,79654;-73,08097;15,1;86,49;310;0;0;0;0;199;12415;346,3;0;0
2022-11-07 14:45:56;-36,79653;-73,08095;13,3;86,47;310;2;0;0;0;199;14318;345,7;5,7;177
2022-11-07 14:46:26;-36,79658;-73,08094;13,3;86,45;310;0;0;0;0;199;14318;345,8;1,4;0
2022-11-07 14:46:56;-36,79658;-73,08094;13,3;86,44;310;7;0;0;0;199;14318;344,6;15,5;469
2022-11-07 14:47:26;-36,79658;-73,08094;18,3;86,22;310;52;0;0;0;198;14318;347,5;-38,3;3105
2022-11-07 14:47:56;-36,7995;-73,07995;16,2;86,09;310;58;0;0;0;198;14453;340,3;24,5;3560
2022-11-07 14:48:26;-36,7995;-73,07995;16,2;86,05;310;36;0;0;0;198;14453;332,5;136,6;2285
2022-11-07 14:48:56;-36,80402;-73,0771;21,7;85,81;311;57;0;0;0;197;14453;340,3;29,3;3486
2022-11-07 14:49:26;-36,80738;-73,07212;23,4;85,77;311;21;0;0;0;197;14318;339,6;49,3;1315
2022-11-07 14:49:56;-36,80738;-73,07212;26,4;85,5;312;51;0;0;0;197;14453;341,6;20,5;3130
2022-11-07 14:50:26;-36,81101;-73,06702;23,4;85,42;312;48;0;0;0;196;14453;341,3;11,9;2955
2022-11-07 14:50:56;-36,8146;-73,064;17,6;85,4;312;37;0;0;0;196;14453;345,5;-16,5;2153
2022-11-07 14:51:26;-36,8146;-73,064;20,7;85,18;313;57;0;0;0;196;14453;343,9;-17,5;3446
2022-11-07 14:51:56;-36,81788;-73,0627;21,5;85,22;313;0;0;0;0;196;14453;343,8;1,2;0
2022-11-07 14:52:26;-36,81937;-73,06236;21,5;85,21;313;9;0;0;0;196;14318;341,8;29,5;605
2022-11-07 14:52:56;-36,81937;-73,06236;19,2;85,1;313;38;0;0;0;196;14318;343,6;0,1;2272
2022-11-07 14:53:26;-36,82058;-73,06454;19,1;84,86;314;68;0;0;0;195;14453;333,8;100,6;4259
2022-11-07 14:53:56;-36,82599;-73,06339;20,3;84,93;314;3;0;0;0;195;14453;343,2;12;279
2022-11-07 14:54:26;-36,82599;-73,06339;20,9;84,9;314;0;0;0;0;195;14318;344,1;1,1;0
2022-11-07 14:54:56;-36,8265;-73,0632;21,8;84,87;314;19;0;1;0;195;14453;342,4;22,7;1200
2022-11-07 14:55:26;-36,82805;-73,06263;21,4;84,74;314;38;0;0;0;184;14453;346,8;-35;2164
2022-11-07 14:55:56;-36,82805;-73,06263;19,4;84,73;314;2;0;0;0;184;14318;343,8;4,1;0
2022-11-07 14:56:26;-36,82972;-73,06211;21,3;84,71;314;5;0;0;0;184;14318;344,1;2,5;100
2022-11-07 14:56:56;-36,82976;-73,06216;22,5;84,69;314;3;0;0;0;184;14318;344,3;2,6;173
2022-11-07 15:13:47;-36,82976;-73,06216;22,5;84,69;314;0;0;0;0;195;12550;345,8;0;0
2022-11-07 15:14:17;-36,82976;-73,06216;22,5;84,68;314;0;0;0;0;184;12550;345,3;2,6;0
2022-11-07 15:14:47;-36,82976;-73,06216;22,5;84,66;314;0;0;0;0;184;14318;345,3;2,7;0
2022-11-07 15:15:17;-36,82976;-73,06216;22,5;84,64;314;11;0;0;0;184;14318;344,6;11,3;764
2022-11-07 15:15:47;-36,82976;-73,06216;22,5;84,61;314;14;0;0;0;184;14318;344,3;14,1;875
2022-11-07 15:16:17;-36,82976;-73,06216;22,5;84,49;315;22;0;0;0;183;14318;346,4;-16,4;1103
2022-11-07 15:16:47;-36,82707;-73,06324;25,9;84,48;315;0;0;0;0;183;14318;344,9;2,2;0
2022-11-07 15:17:17;-36,82707;-73,06324;25,3;84,46;315;0;0;0;0;183;14318;344,9;2;0
2022-11-07 15:17:47;-36,82696;-73,06332;25,3;84,44;315;0;0;0;0;183;14318;344,7;2,4;0
2022-11-07 15:18:17;-36,82674;-73,06324;25,4;84,33;315;40;0;0;0;183;14453;338,9;57,3;2542
2022-11-07 15:18:47;-36,82674;-73,06324;30,6;84,1;315;51;0;0;0;183;14318;328,5;176;3403
2022-11-07 15:19:17;-36,82335;-73,06299;23;83,94;315;60;0;0;0;182;14318;337,2;58,6;3717
2022-11-07 15:19:47;-36,8201;-73,06261;26,5;83,84;316;43;0;0;0;182;14318;348,3;-5,1;2476
2022-11-07 15:20:17;-36,8201;-73,06261;30,6;83,77;316;19;0;0;0;182;14318;341,8;18,2;1176
2022-11-07 15:20:47;-36,81896;-73,0606;23,8;83,71;316;6;0;0;0;182;14318;343,6;2,5;326
2022-11-07 15:21:17;-36,81881;-73,06101;24;83,7;316;0;0;0;0;182;14318;343,9;2,5;0
2022-11-07 15:25:05;-36,81882;-73,06102;24,7;83,69;316;0;0;0;0;3;13097;345,2;0;0
2022-11-07 15:25:35;-36,81882;-73,06102;24,9;83,66;316;2;0;0;0;182;13097;344,6;2,9;121
2022-11-07 15:26:05;-36,81809;-73,0615;22,4;83,46;317;52;0;0;0;180;14318;343;12,2;3112
2022-11-07 15:26:32;-36,81533;-73,06177;21,9;83,38;317;47;0;0;0;180;14318;343,3;-7,4;2787
2022-11-07 15:27:05;-36,81533;-73,06177;26,1;83,1;317;55;0;0;0;180;14318;350,5;-101,7;3171
2022-11-07 15:27:35;-36,81177;-73,06652;22,6;83,01;318;29;0;0;0;180;14318;346,3;-38,5;1483
2022-11-07 15:28:05;-36,80821;-73,07045;23,9;82,86;318;40;0;0;0;180;14318;342,4;17,3;2376
2022-11-07 15:28:35;-36,80821;-73,07045;23,2;82,78;318;35;0;0;0;180;14318;343,3;-7,7;2074
2022-11-07 15:29:05;-36,80582;-73,07453;15,2;82,73;319;33;0;0;0;180;14318;348;-53,8;1731
2022-11-07 15:29:35;-36,80271;-73,07797;14;82,52;319;57;0;0;0;179;14318;338;59,2;3541
2022-11-07 15:30:05;-36,80271;-73,07797;15,9;82,44;319;38;0;0;0;179;14318;334,9;100,3;2503
2022-11-07 15:30:35;-36,79796;-73,0809;16,4;82,41;320;0;0;0;0;180;14318;343,8;2,2;0
2022-11-07 15:31:05;-36,79662;-73,08104;16,7;82,39;320;0;0;0;0;189;14453;343,9;0,8;0
2022-11-07 15:34:05;-36,79659;-73,08099;16,2;82,39;320;0;0;0;0;189;12828;345;0,3;0
2022-11-07 15:34:35;-36,79659;-73,08099;16,2;82,37;320;13;0;0;0;189;14318;344,9;-1,1;744
2022-11-07 15:35:05;-36,79652;-73,0813;27,9;82,36;320;0;0;0;0;189;14453;344,7;4,3;161
2022-11-07 15:35:35;-36,79631;-73,08116;27;82,35;320;0;0;0;0;189;14453;344,9;0,6;0
2022-11-07 16:52:26;-36,79631;-73,08116;27;82,34;320;0;0;0;0;189;12962;346,1;0;0
2022-11-07 16:52:56;-36,79631;-73,08116;21,6;82,31;320;12;0;0;0;189;14453;345,7;0,3;670
2022-11-07 16:56:20;-36,79689;-73,0811;18,8;82,3;320;0;0;0;0;189;12685;346,1;0;0
2022-11-07 16:56:50;-36,79689;-73,0811;18,8;82,28;320;6;0;0;0;189;14318;345,5;3,1;322
2022-11-07 16:57:20;-36,79689;-73,0811;18,8;82,25;320;8;0;0;0;189;14453;344,1;18,7;573
2022-11-07 16:57:50;-36,79748;-73,08126;17,6;82,2;320;0;0;0;0;189;14318;345,3;0,9;0
2022-11-07 16:58:20;-36,79748;-73,08126;17,6;82,19;320;2;0;0;0;189;14453;345,5;2,1;174
2022-11-07 16:58:50;-36,79774;-73,08111;17,6;82,18;320;0;0;0;0;189;14453;345,5;0,9;0
2022-11-07 16:59:20;-36,79774;-73,08111;17,6;82,18;320;0;0;0;0;189;14453;345,7;0,9;0
2022-11-07 16:59:50;-36,79774;-73,08111;17,6;82,15;320;20;0;0;0;179;14453;342,5;34,3;1288
2022-11-07 17:00:20;-36,79774;-73,08111;19,7;81,97;320;52;0;0;0;178;14318;338,8;55,9;3244
2022-11-07 17:00:50;-36,80165;-73,07871;19,2;81,88;321;45;0;0;0;178;14453;348,5;-21,4;2578
2022-11-07 17:01:20;-36,80165;-73,07871;17,1;81,8;321;43;0;0;0;178;14318;341;36,5;2670
2022-11-07 17:01:50;-36,80457;-73,07658;21;81,66;321;46;0;0;0;177;14318;344,7;-15,8;2691
2022-11-07 17:02:20;-36,80731;-73,07231;23,4;81,57;321;47;0;0;0;177;14318;339,9;69,3;2942
2022-11-07 17:02:50;-36,80731;-73,07231;26,6;81,31;322;54;0;0;0;176;14453;339,6;26,2;3318
2022-11-07 17:03:20;-36,8106;-73,0674;21,8;81,26;322;44;0;0;0;176;14318;341,3;20,4;2706
2022-11-07 17:03:50;-36,81418;-73,0648;21,8;81,26;323;23;0;0;0;176;14318;345;21,8;1330
2022-11-07 17:04:20;-36,81418;-73,0648;19,5;81,16;323;37;0;0;0;176;14318;341,9;27,5;2244
2022-11-07 17:04:50;-36,81598;-73,06196;23,2;81,06;323;22;0;0;0;176;14318;344,6;-25,9;1005
2022-11-07 17:05:35;-36,81885;-73,06105;23,8;81,03;323;0;0;0;0;176;12685;344,3;0;0
2022-11-07 17:06:05;-36,81885;-73,06105;24,3;81,01;323;3;0;0;0;176;12685;343,9;6;258
2022-11-07 17:06:35;-36,8189;-73,06107;24,2;80,99;323;2;0;0;0;176;14453;343,8;7;134
2022-11-07 17:16:46;-36,81888;-73,06124;41,7;80,98;323;0;0;0;0;186;12550;345,7;0;0
2022-11-07 17:17:15;-36,81888;-73,06124;43,8;80,98;323;5;0;0;0;186;12550;345,5;0,9;338
2022-11-07 17:17:45;-36,8189;-73,0611;33,6;80,85;323;40;0;0;0;186;14453;346,8;-53,5;2254
2022-11-07 17:18:15;-36,81598;-73,06176;26,3;80,76;324;37;0;0;0;186;14453;335,2;109,5;2447
2022-11-07 17:18:45;-36,81598;-73,06176;22,1;80,72;324;25;0;0;0;185;14453;343;20,1;1465
2022-11-07 17:19:15;-36,8149;-73,0592;25,8;80,6;324;30;0;0;0;185;14453;346,4;-48,2;1536
2022-11-07 17:19:45;-36,81359;-73,05818;23,9;80,61;324;0;0;0;0;185;14453;344,4;0,7;0
2022-11-07 17:20:15;-36,81359;-73,05818;25,9;80,56;324;34;0;0;0;185;14453;341,6;17,2;2149
2022-11-07 17:20:45;-36,81224;-73,05899;19,6;80,54;324;27;0;0;0;175;14318;340,8;45,3;1680
2022-11-07 17:21:15;-36,80875;-73,05955;18,9;80,38;325;50;0;0;0;174;14453;341,3;27,3;3055
2022-11-07 17:21:45;-36,80875;-73,05955;21,9;80,21;325;28;0;0;0;175;14453;339,9;44,7;1734
2022-11-07 17:22:15;-36,80741;-73,06289;23,1;80,17;325;0;0;0;0;175;14453;343,6;1,7;0
2022-11-07 17:22:45;-36,80795;-73,06469;26,7;79,96;325;34;0;0;0;174;14318;341,8;37,9;2077
2022-11-07 17:23:15;-36,80795;-73,06469;18;79,97;326;31;0;0;0;174;14318;340;37,2;2070
2022-11-07 17:23:45;-36,80856;-73,06745;16,9;79,83;326;55;0;0;0;174;14318;339,3;52,4;3382
2022-11-07 17:24:15;-36,80752;-73,07064;16,4;79,83;326;8;0;0;0;174;14453;343,5;2,2;214
2022-11-07 17:24:45;-36,80752;-73,07064;15;79,62;326;55;0;0;0;174;14318;337,8;55,2;3402
2022-11-07 17:25:15;-36,80622;-73,07387;11,8;79,57;327;38;0;0;0;173;14318;349,4;-83;1858
2022-11-07 17:25:45;-36,8027;-73,07805;12,9;79,36;327;53;0;0;0;173;14453;351,3;-99,7;2974
2022-11-07 17:26:15;-36,8027;-73,07805;15;79,3;327;26;0;0;0;173;14318;345,7;-34,3;1305
2022-11-07 17:26:45;-36,79867;-73,08049;14,9;79,2;328;8;0;0;0;173;14318;341,8;22,9;659
2022-11-07 17:27:15;-36,79679;-73,08095;14,8;79,19;328;6;0;0;0;173;14453;343,5;5;387
2022-11-07 17:27:45;-36,79679;-73,08095;15,5;79,18;328;0;0;0;0;182;14318;344,1;0,5;0
2022-11-07 17:28:15;-36,79668;-73,08087;15,5;79,18;328;0;0;0;0;182;14453;344,3;0,5;0
2022-11-07 17:28:45;-36,79668;-73,08087;15,5;79,17;328;0;0;0;0;182;14453;344,4;1,3;64
2022-11-07 17:39:55;-36,79668;-73,08087;12;79,17;328;0;0;0;0;182;12550;345,5;1;0
2022-11-07 17:40:25;-36,79662;-73,08093;16,8;79,16;328;0;0;0;0;182;14318;345,3;1;0
2022-11-07 17:40:55;-36,79665;-73,08091;16,8;79,15;328;0;0;0;0;182;14453;345,3;0,9;0
2022-11-07 17:41:25;-36,79665;-73,08091;16,8;79,13;328;14;0;0;0;173;14453;344,6;7,1;844
2022-11-07 17:41:55;-36,79665;-73,08091;11,7;79,11;328;0;0;0;0;172;14318;345;1;0
2022-11-07 17:42:25;-36,79637;-73,08124;11,7;79,1;328;0;0;0;0;172;14453;345,2;1,4;0
2022-11-07 17:42:55;-36,79637;-73,08124;11,7;79,09;328;0;0;0;0;172;14453;345,2;2;0
2022-11-07 17:43:25;-36,79637;-73,08124;11,7;79,07;328;7;0;0;0;172;14318;345;2,5;344
2022-11-07 17:43:55;-36,7964;-73,08115;11,8;79,06;328;3;0;0;0;172;14318;345;5,3;222
