fecha_hora;lat;lon;altitud;SOC;odometro;vel;AC;calefaccion;cargando;km_restantes;carga_bat_aux;voltaje;corriente;rpm
2022-11-28 06:23:16;-36,79642;-73,08089;11;99,99;1845;0;0;0;1;226;12391;351,9;0;0
2022-11-28 06:24:07;-36,79645;-73,08075;11;99,99;1845;0;0;0;0;226;12391;352,1;0;0
2022-11-28 06:24:37;-36,79645;-73,08075;11;99,97;1845;7;0;0;0;226;12391;350,8;3,3;454
2022-11-28 06:25:07;-36,79645;-73,08075;12,5;99,95;1845;4;0;0;0;226;14405;350,8;3,5;281
2022-11-28 06:25:37;-36,79617;-73,08108;6,5;99,94;1846;4;0;0;0;226;14405;350,5;3;305
2022-11-28 11:05:57;-36,79627;-73,08092;6,2;99,92;1846;0;0;0;0;228;12391;351;6,2;0
2022-11-28 11:06:27;-36,79627;-73,08092;6,5;99,9;1846;10;0;0;0;228;14405;349,7;4,9;579
2022-11-28 11:17:42;-36,79651;-73,08095;3,3;99,88;1846;0;0;0;0;228;12122;350,2;0;0
2022-11-28 11:18:12;-36,79651;-73,08095;14,8;99,88;1846;0;0;0;0;228;12122;350;1;0
2022-11-28 11:18:42;-36,79655;-73,08099;14,8;99,84;1846;0;0;0;0;228;14405;349,6;0,7;0
2022-11-28 11:19:12;-36,79655;-73,08099;14,8;99,84;1846;0;0;0;0;228;14532;349,6;0,7;0
2022-11-28 11:19:42;-36,79655;-73,08099;14,8;99,83;1846;0;0;0;0;228;14532;349,4;0,7;0
2022-11-28 11:20:12;-36,79655;-73,08099;14,8;99,83;1846;0;0;0;0;228;14532;349,4;0,7;0
2022-11-28 11:20:42;-36,79655;-73,08099;14,8;99,82;1846;0;0;0;0;228;14532;349,4;0,7;0
2022-11-28 11:21:12;-36,79655;-73,08099;14,8;99,81;1846;0;0;0;0;228;14532;348,9;1,4;0
2022-11-28 11:21:42;-36,79655;-73,08099;14,8;99,8;1846;0;0;0;0;228;14405;349,1;0,8;0
2022-11-28 11:22:12;-36,79774;-73,08103;13,5;99,53;1846;59;0;0;0;228;14532;345,7;8,1;3592
2022-11-28 11:22:42;-36,79774;-73,08103;13,2;99,25;1846;69;0;0;0;228;14532;338,5;53,8;4282
2022-11-28 11:23:12;-36,80292;-73,07789;13,5;99,22;1847;28;0;0;0;228;14532;336,4;81,3;1780
2022-11-28 11:23:42;-36,80603;-73,0743;16,2;98,92;1847;60;0;0;0;227;14532;341,9;21;3700
2022-11-28 11:24:12;-36,80603;-73,0743;18,3;98,84;1847;37;0;0;0;226;14405;346,3;-36,9;2132
2022-11-28 11:24:42;-36,80846;-73,07052;19;98,85;1847;0;0;0;0;226;14532;343,9;0,8;0
2022-11-28 11:25:12;-36,80846;-73,07051;17,9;98,79;1847;34;0;0;0;226;14405;337,5;69,8;2113
2022-11-28 11:25:42;-36,80846;-73,07051;19,7;98,48;1848;65;0;0;0;225;14405;346,6;-50,2;3950
2022-11-28 11:26:12;-36,81226;-73,06642;17,6;98,45;1848;33;0;0;0;225;14532;343;9,1;1995
2022-11-28 11:26:42;-36,81513;-73,063;14,7;98,39;1848;35;0;0;0;225;14405;348,2;-50,6;2042
2022-11-28 11:27:12;-36,81513;-73,063;16;98,3;1849;36;0;0;0;225;14405;341,8;4;2156
2022-11-28 11:27:42;-36,81724;-73,06209;17,8;98,23;1849;19;0;0;0;225;14532;340,2;40,9;1196
2022-11-28 11:28:12;-36,81885;-73,061;21,3;98,21;1849;0;0;0;0;225;14532;344,3;0,8;0
2022-11-28 11:28:42;-36,81885;-73,061;21,3;98,21;1849;0;0;0;0;225;14405;344,4;0,8;0
2022-11-28 11:29:12;-36,81885;-73,061;21,3;98,2;1849;0;0;0;0;224;14405;344,6;0,8;0
2022-11-28 11:29:42;-36,81885;-73,061;21,3;98,2;1849;0;0;0;0;224;14532;344,7;0,8;0
2022-11-28 11:30:12;-36,81885;-73,061;21,3;98,19;1849;0;0;0;0;224;14405;344,7;0,8;0
2022-11-28 11:30:42;-36,81885;-73,061;21,3;98,19;1849;0;0;0;0;224;14405;344,9;0,7;0
2022-11-28 11:31:12;-36,81885;-73,061;21,3;98,18;1849;1;0;0;0;224;14405;344,9;0,8;0
2022-11-28 11:31:42;-36,81885;-73,061;20;98,16;1849;1;0;0;0;224;14405;344,6;3,1;58
2022-11-28 12:08:13;-36,81886;-73,06098;4,1;98,15;1849;0;0;0;0;224;12257;345,7;0;0
2022-11-28 12:08:43;-36,81894;-73,06106;41,2;98,14;1849;2;0;0;0;224;14405;345,7;1,3;168
2022-11-28 12:09:13;-36,81894;-73,06106;31,4;98,04;1849;39;0;0;0;224;14405;346,8;-24,6;2276
2022-11-28 12:09:43;-36,81695;-73,06217;25,8;98,01;1849;22;0;0;0;224;14532;344,1;11,7;1328
2022-11-28 12:10:13;-36,81502;-73,06314;17,4;97,82;1850;52;0;0;0;224;14405;341;25;3165
2022-11-28 12:10:43;-36,81502;-73,06314;17,4;97,72;1850;21;0;0;0;224;14532;345,8;-14,5;1109
2022-11-28 12:11:13;-36,81123;-73,06675;17;97,61;1850;28;0;0;0;224;14532;344,4;-2,2;1588
2022-11-28 12:11:43;-36,80822;-73,07041;14,5;97,52;1851;25;0;0;0;224;14532;339,3;54,7;1644
2022-11-28 12:12:13;-36,80822;-73,07041;8,8;97,42;1851;39;0;0;0;223;14532;343,9;-10,7;2306
2022-11-28 12:12:43;-36,8062;-73,07379;7;97,36;1851;46;0;0;0;223;14532;343,5;9;2759
2022-11-28 12:13:13;-36,80395;-73,07699;9,2;97,33;1851;33;0;0;0;223;14532;342,2;20,6;2007
2022-11-28 12:13:43;-36,80395;-73,07699;10,2;97,21;1852;44;0;0;0;223;14532;341,6;24,2;2652
2022-11-28 12:14:13;-36,8001;-73,07955;12,4;97,13;1852;37;0;0;0;223;14532;336;91,1;2364
2022-11-28 12:14:43;-36,79694;-73,0814;11,9;97,13;1852;11;0;0;0;223;14532;344,4;1,1;587
2022-11-28 12:15:13;-36,79694;-73,0814;12,1;97,11;1852;1;0;0;0;223;14532;344,3;3,7;139
2022-11-28 12:15:43;-36,79667;-73,08089;12,1;97,1;1852;0;0;0;0;223;14405;344,7;0,7;0
2022-11-28 12:16:13;-36,79667;-73,08089;12,1;97,1;1852;0;0;0;0;223;14532;344,7;0,7;0
2022-11-28 12:16:43;-36,79667;-73,08089;12,1;97,1;1852;0;0;0;0;223;14532;344,9;0,7;0
2022-11-28 12:17:13;-36,79667;-73,08089;12,1;97,09;1852;0;0;0;0;223;14532;344,9;0,7;0
2022-11-28 12:17:43;-36,79667;-73,08089;12,1;97,09;1852;0;0;0;0;223;14532;345;0,7;0
2022-11-28 12:18:13;-36,79667;-73,08089;12,1;97,08;1852;0;0;0;0;223;14532;345;0,6;0
2022-11-28 12:54:04;-36,79667;-73,08089;12,1;97,08;1852;0;0;0;0;3;12661;346,1;1,4;0
2022-11-28 13:05:49;-36,79684;-73,08105;12,5;97,04;1852;0;0;0;0;223;14136;345,7;0,9;0
2022-11-28 13:06:19;-36,79684;-73,08105;10,1;97,03;1852;0;0;0;0;223;14532;345,8;0,7;0
2022-11-28 13:06:49;-36,79683;-73,08104;10,1;97,02;1852;0;0;0;0;223;14532;345,7;2,3;0
2022-11-28 13:07:19;-36,79683;-73,08104;10,1;96,98;1852;0;0;0;0;223;14532;345,5;1,4;0
2022-11-28 13:07:49;-36,79683;-73,08104;4,1;96,89;1853;36;0;0;0;222;14532;345,5;-4;2158
2022-11-28 13:08:19;-36,79588;-73,08204;1,2;96,77;1853;44;0;0;0;222;14532;350,8;-80,2;2412
2022-11-28 13:08:49;-36,79196;-73,08445;0,1;96,65;1853;35;0;0;0;222;14532;345,3;-16,1;2047
2022-11-28 13:09:19;-36,79196;-73,08445;2,2;96,5;1854;52;0;0;0;222;14532;341;28,1;3178
2022-11-28 13:09:49;-36,78772;-73,08538;1,5;96,51;1854;18;0;0;0;222;14532;344,9;-10,8;982
2022-11-28 13:10:19;-36,78405;-73,08537;1,9;96,44;1854;22;0;0;0;222;14405;341,9;26,6;1395
2022-11-28 13:10:49;-36,78405;-73,08537;5,5;96,41;1854;6;0;0;0;222;14532;344,6;0,9;331
2022-11-28 13:11:19;-36,78366;-73,08278;8,8;96,37;1854;17;0;0;0;222;14532;340,2;50,2;1170
2022-11-28 13:11:49;-36,78339;-73,0847;12,5;95,97;1855;65;0;0;0;221;14532;339,9;7,9;4047
2022-11-28 13:12:16;-36,78339;-73,0847;2,7;95,92;1855;61;0;0;0;221;14532;343,8;-6,3;3701
2022-11-28 13:12:49;-36,78119;-73,09265;4;95,8;1856;56;0;0;0;221;14532;351,4;-107,9;3262
2022-11-28 13:13:16;-36,78006;-73,09752;5,1;95,81;1856;31;0;0;0;221;14532;341,1;38,7;1919
2022-11-28 13:13:49;-36,78006;-73,09752;0,5;95,57;1856;67;0;0;0;220;14532;347,2;-23,6;4074
2022-11-28 13:14:19;-36,77865;-73,10344;1,1;95,69;1856;1;0;0;0;220;14532;344,1;3,5;144
2022-11-28 13:14:49;-36,77838;-73,10463;1,1;95,68;1856;0;0;0;0;220;14532;344,4;0,7;0
2022-11-28 13:15:16;-36,77838;-73,10463;1,9;95,61;1857;27;0;0;0;220;14532;343,9;-16,8;1572
2022-11-28 13:15:49;-36,77957;-73,10562;3,8;95,61;1857;0;0;0;0;220;14532;344,6;0,6;0
2022-11-28 13:16:19;-36,77964;-73,10567;3,8;95,61;1857;0;0;0;0;220;14532;344,7;0,6;0
2022-11-28 13:16:46;-36,77964;-73,10567;3,8;95,61;1857;0;0;0;0;220;14532;344,7;0,6;0
2022-11-28 13:17:19;-36,77964;-73,10567;5,3;95,52;1857;28;0;0;0;220;14532;338,5;78,7;1816
2022-11-28 13:17:49;-36,78153;-73,1042;6,3;95,43;1857;36;0;0;0;220;14532;343,9;-9,4;2114
2022-11-28 13:18:19;-36,78153;-73,1042;5;95,42;1857;9;0;0;0;220;14532;344,3;1,8;544
2022-11-28 13:18:49;-36,78268;-73,1032;6,5;95,41;1857;0;0;0;0;219;14405;344,7;0,7;0
2022-11-28 13:19:19;-36,78259;-73,10317;7,3;95,4;1857;4;0;0;0;219;14532;344,7;0,9;176
2022-11-28 13:19:49;-36,78259;-73,10317;8,1;95,38;1857;0;0;0;0;219;14532;344,7;1,5;0
2022-11-28 13:42:58;-36,78253;-73,10316;9;95,35;1857;9;0;0;0;219;12661;344,9;7,3;540
2022-11-28 13:43:28;-36,78294;-73,10245;9,6;95,15;1857;50;0;0;0;219;14532;340,5;45,7;3085
2022-11-28 13:43:58;-36,7814;-73,09892;10,1;95,12;1858;0;0;0;0;219;14532;344,6;1;0
2022-11-28 13:44:28;-36,7814;-73,09892;10,2;95,1;1858;9;0;0;0;219;14532;342,2;28,3;701
2022-11-28 13:44:58;-36,78061;-73,09863;13,4;95,04;1858;3;0;0;0;219;14405;344,4;6,8;287
2022-11-28 13:45:28;-36,78005;-73,09839;13,5;94,98;1858;26;0;0;0;219;14532;336,8;86,3;1779
2022-11-28 13:45:58;-36,78005;-73,09839;11,5;94,92;1858;0;0;0;0;219;14532;344,7;0,7;0
2022-11-28 13:46:28;-36,78048;-73,09614;8,2;94,51;1858;85;0;0;0;218;14532;342,2;18,6;5253
2022-11-28 13:46:58;-36,78291;-73,08624;14;94,23;1859;80;0;0;0;217;14532;339,4;25,5;4896
2022-11-28 13:47:28;-36,78291;-73,08624;2,7;94,33;1860;32;0;0;0;217;14532;347,5;-54,7;1697
2022-11-28 13:47:58;-36,78597;-73,07989;2,4;94,18;1860;34;0;0;0;217;14532;334,6;5,1;2064
2022-11-28 13:48:28;-36,79035;-73,08201;4,7;93,96;1860;48;0;0;0;216;14532;350,7;-108,6;2505
2022-11-28 13:48:58;-36,79035;-73,08201;1,6;93,88;1861;17;0;0;0;216;14405;344,1;-7,7;826
2022-11-28 13:49:28;-36,79203;-73,08015;0,9;93,68;1861;55;0;0;0;215;14532;350,2;34,6;3229
2022-11-28 13:49:58;-36,79639;-73,08151;3,8;93,58;1861;23;0;0;0;215;14405;345;-25,3;1141
2022-11-28 13:50:28;-36,79639;-73,08151;3,6;93,54;1861;12;0;0;0;215;14532;343,9;-0,3;567
2022-11-28 13:50:58;-36,79659;-73,08094;2;93,54;1861;0;0;0;0;215;14532;344,3;0,7;0
2022-11-28 13:51:28;-36,79659;-73,08094;2;93,53;1861;0;0;0;0;215;14532;344,6;0,7;0
2022-11-28 13:51:58;-36,79659;-73,08094;2;93,52;1861;0;0;0;0;215;14532;344,6;0,7;0
2022-11-28 13:52:28;-36,79659;-73,08094;2;93,51;1861;0;0;0;0;215;14532;344,7;0,7;0
2022-11-28 13:52:58;-36,79659;-73,08094;2;93,51;1861;0;0;0;0;215;14532;344,7;0,7;0
2022-11-28 13:53:28;-36,79659;-73,08094;2;93,49;1861;0;0;0;0;214;14532;344,7;0,7;0
2022-11-28 13:53:58;-36,79659;-73,08094;2;93,49;1861;0;0;0;0;214;14532;344,9;0,7;0
2022-11-28 13:54:28;-36,79659;-73,08094;2;93,49;1861;0;0;0;0;214;14532;344,7;0,7;0
2022-11-28 13:54:58;-36,79659;-73,08094;10,7;93,15;1862;69;0;0;0;214;14532;343,2;-15,9;4216
2022-11-28 13:55:28;-36,79951;-73,07991;8,2;93,03;1862;55;0;0;0;214;14532;345;-22,3;3317
2022-11-28 13:55:58;-36,80391;-73,07719;6,7;93,06;1862;10;0;0;0;214;14532;340;38,5;894
2022-11-28 13:56:28;-36,80391;-73,07719;6,2;92,83;1863;55;0;0;0;213;14532;341,8;19,5;3346
2022-11-28 13:56:58;-36,80707;-73,0727;7,3;92,8;1863;18;0;0;0;213;14532;342,1;22,6;1101
2022-11-28 13:57:28;-36,80872;-73,07274;4,6;92,74;1863;27;0;0;0;213;14532;340,2;42,3;1705
2022-11-28 13:57:58;-36,80872;-73,07274;7,1;92,7;1863;0;0;0;0;213;14532;344,3;0,8;0
2022-11-28 13:58:28;-36,81016;-73,07389;9,6;92,7;1863;0;0;0;0;213;14532;344,4;2;93
2022-11-28 13:58:58;-36,81122;-73,07303;10,2;92,55;1864;20;0;0;0;213;14405;338,8;52,4;1408
2022-11-28 13:59:28;-36,81122;-73,07303;5,3;92,39;1864;42;0;0;0;213;14532;345,5;-21,7;2468
2022-11-28 13:59:58;-36,81388;-73,07606;3,6;92,35;1864;28;0;0;0;213;14532;346,9;-42,2;1484
2022-11-28 14:00:28;-36,81546;-73,07788;4,8;92,31;1864;12;0;0;0;213;14532;340,8;37,3;896
2022-11-28 14:00:58;-36,81546;-73,07788;7,2;92,26;1864;0;0;0;0;212;14405;344,3;0,7;0
2022-11-28 14:01:28;-36,81423;-73,07842;7,3;92,24;1864;8;0;0;0;212;14532;344,4;1;390
2022-11-28 14:01:58;-36,8142;-73,07843;8,1;92,24;1864;0;0;0;0;212;14532;344,7;0,5;0
2022-11-28 14:02:28;-36,8142;-73,07843;8,1;92,23;1864;0;0;0;0;212;14532;344,7;0,6;0
2022-11-28 14:02:58;-36,8142;-73,07843;8,1;92,23;1864;0;0;0;0;212;14532;344,9;0,9;0
2022-11-28 14:03:28;-36,8142;-73,07843;8,1;92,22;1864;0;0;0;0;212;14532;344,9;0,9;0
2022-11-28 14:03:58;-36,8142;-73,07843;8,1;92,22;1864;0;0;0;0;212;14532;345;0,9;0
2022-11-28 14:04:28;-36,8142;-73,07843;8,1;92,22;1864;0;0;0;0;212;14532;345;0,9;0
2022-11-28 14:04:58;-36,8142;-73,07843;8,1;92,21;1864;0;0;0;0;212;14405;345;1,1;0
2022-11-28 14:05:28;-36,8142;-73,07843;8,1;92,2;1864;0;0;0;0;212;14405;345;1,2;0
2022-11-28 14:05:58;-36,8142;-73,07843;8,1;92,19;1864;0;0;0;0;212;14532;345,2;1;0
2022-11-28 14:06:28;-36,8142;-73,07843;8,1;92,18;1864;8;0;0;0;212;14532;344,9;6,1;527
2022-11-28 14:06:58;-36,8142;-73,07843;8,1;92,16;1864;12;0;0;0;212;14405;344,4;10,4;736
2022-11-28 14:07:28;-36,81471;-73,07824;6,6;92,12;1865;16;0;0;0;212;14532;345,3;-6,4;890
2022-11-28 14:07:58;-36,81665;-73,07922;7,7;92,05;1865;24;0;0;0;212;14532;346,8;-6,8;1324
2022-11-28 14:08:28;-36,81665;-73,07922;9,8;91,89;1865;35;0;0;0;212;14532;343;-9,8;2071
2022-11-28 14:08:58;-36,81624;-73,08135;12,9;91,77;1865;37;0;0;0;211;14532;345,8;-5,1;2126
2022-11-28 14:09:28;-36,8112;-73,08142;9,9;91,5;1866;73;0;0;0;211;14532;341,6;4,6;4509
2022-11-28 14:09:58;-36,8112;-73,08142;14,7;91,43;1866;40;0;0;0;211;14532;340,3;198,2;2606
2022-11-28 14:10:28;-36,80634;-73,07866;7,4;91,46;1866;24;0;0;0;211;14532;340,5;34,9;1548
2022-11-28 14:10:58;-36,80354;-73,08127;14,4;91,11;1867;65;0;0;0;210;14405;340,3;11,6;3978
2022-11-28 14:11:28;-36,80354;-73,08127;11,1;91,2;1867;0;0;0;0;210;14532;344,7;0,7;0
2022-11-28 14:11:58;-36,80103;-73,08396;11,1;91,19;1867;11;0;0;0;210;14532;343,8;14,3;734
2022-11-28 14:12:28;-36,79987;-73,08346;14,4;91,1;1867;31;0;0;0;210;14532;342,2;25,3;1868
2022-11-28 14:12:58;-36,79987;-73,08346;19;91,07;1868;25;0;0;0;210;14532;343,6;9,7;1509
2022-11-28 14:13:28;-36,79685;-73,08277;16,4;91,04;1868;10;0;0;0;210;14532;343,8;9;666
2022-11-28 14:13:58;-36,79695;-73,08149;9,2;91;1868;17;0;0;0;209;14532;345,5;-10,1;1031
2022-11-28 14:14:28;-36,79695;-73,08149;8,2;91;1868;0;0;0;0;209;14532;344,9;0,7;0
2022-11-28 14:14:58;-36,79659;-73,08097;7,2;90,97;1868;13;0;0;0;209;14532;344,9;-1,2;727
2022-11-28 14:15:28;-36,79633;-73,08106;7,3;90,96;1868;3;0;0;0;209;14532;344,9;1,5;155
2022-11-28 15:05:52;-36,79634;-73,08104;7,6;90,96;1868;0;0;0;0;209;12661;346;0;0
2022-11-28 15:06:22;-36,79634;-73,08104;4;90,93;1868;13;0;0;0;209;12661;345,5;5,3;779
2022-11-28 15:06:52;-36,79657;-73,08093;1,5;90,91;1868;1;0;0;0;209;14405;345,7;1,4;0
2022-11-28 15:15:37;-36,7966;-73,08089;1,5;90,91;1868;0;0;0;0;209;12526;346,1;0;0
2022-11-28 15:16:07;-36,7966;-73,08089;1,5;90,9;1868;0;0;0;0;209;14405;345,8;0,9;0
2022-11-28 15:16:37;-36,7966;-73,08089;2,2;90,86;1868;0;0;0;0;209;14532;345,7;0,9;0
2022-11-28 15:17:07;-36,79685;-73,0814;1,7;90,74;1868;41;0;0;0;209;14532;344,7;-36,7;2449
2022-11-28 15:17:37;-36,79685;-73,0814;1,5;90,77;1869;6;0;0;0;209;14532;345,3;1;298
2022-11-28 15:18:07;-36,79832;-73,08066;0,4;90,64;1869;46;0;0;0;209;14532;338,9;63,5;2869
2022-11-28 15:18:37;-36,80112;-73,07898;-2,8;90,53;1869;47;0;0;0;208;14532;345,2;-20,9;2766
2022-11-28 15:19:07;-36,80112;-73,07898;-1,8;90,39;1869;56;0;0;0;208;14532;341;24,4;3381
2022-11-28 15:19:37;-36,80511;-73,07574;2,2;90,36;1870;20;0;0;0;208;14532;345,7;-18,8;1007
2022-11-28 15:20:07;-36,80782;-73,07138;1,9;90,24;1870;32;0;0;0;208;14532;337,5;77,9;2041
2022-11-28 15:20:37;-36,80782;-73,07138;5,5;90,01;1870;56;0;0;0;207;14405;339,7;43,2;3460
2022-11-28 15:21:07;-36,81089;-73,06708;5,5;89,95;1871;48;0;0;0;207;14532;350,7;-93;2832
2022-11-28 15:21:37;-36,8145;-73,06416;-2,2;89,91;1871;38;0;0;0;207;14532;345;-10,7;2190
2022-11-28 15:22:07;-36,8145;-73,06416;-1,6;89,83;1871;32;0;0;0;207;14532;346,4;-12;1857
2022-11-28 15:22:37;-36,81714;-73,06218;4,3;89,74;1872;3;0;0;0;207;14532;343,9;1;116
2022-11-28 15:23:07;-36,81908;-73,06107;-0,4;89,59;1872;51;0;0;0;206;14532;341,4;24,3;3123
2022-11-28 15:23:37;-36,81908;-73,06107;2,9;89,52;1872;46;0;0;0;206;14532;344,4;-9,3;2740
2022-11-28 15:24:07;-36,82209;-73,06474;2,5;89,42;1873;48;0;0;0;206;14532;345,3;-16,4;2863
2022-11-28 15:24:37;-36,82625;-73,0633;4,1;89,47;1873;0;0;0;0;206;14532;344,6;0,7;0
2022-11-28 15:25:07;-36,82625;-73,0633;3,6;89,4;1873;31;0;0;0;206;14532;339,9;48,2;1928
2022-11-28 15:25:37;-36,82703;-73,06333;4,4;89,33;1873;9;0;0;0;206;14532;344,1;7,9;547
2022-11-28 15:26:07;-36,82987;-73,06218;4,8;89,31;1873;0;0;0;0;206;14532;344,1;4;82
2022-11-28 15:52:10;-36,82992;-73,06222;9,1;89,3;1873;0;0;0;0;206;12796;346;0;0
2022-11-28 15:52:40;-36,82992;-73,06222;23,5;89,27;1873;12;0;0;0;206;12796;343,9;20,3;800
2022-11-28 15:53:10;-36,82935;-73,062;19,5;89,12;1874;42;0;0;0;205;14532;346,4;-29,5;2466
2022-11-28 15:53:40;-36,82639;-73,06246;14,7;89,08;1874;22;0;0;0;205;14532;346,6;-26,5;1218
2022-11-28 15:54:10;-36,82639;-73,06246;15,3;89,02;1874;2;0;0;0;205;14532;344,6;0,9;187
2022-11-28 15:54:40;-36,82486;-73,06212;15,6;88,78;1874;59;0;0;0;204;14532;337,5;71,9;3643
2022-11-28 15:55:10;-36,81959;-73,06586;20,2;88,53;1875;62;0;0;0;204;14532;345,7;-41,4;3777
2022-11-28 15:55:40;-36,81959;-73,06586;18,1;88,44;1875;49;0;0;0;204;14532;341,6;5,2;3016
2022-11-28 15:56:10;-36,81371;-73,06854;8,8;88,22;1876;74;0;0;0;203;14532;341,9;24,1;4541
2022-11-28 15:56:40;-36,80969;-73,0755;-1;88,24;1876;51;0;0;0;203;14532;351,6;-96,9;2975
2022-11-28 15:57:10;-36,80969;-73,0755;-1,4;88,23;1876;33;0;0;0;203;14532;342,1;22,5;1975
2022-11-28 15:57:40;-36,8076;-73,0782;5,3;88;1877;56;0;0;0;203;14405;337,7;64,4;3461
2022-11-28 15:58:10;-36,80291;-73,08191;5,6;87,99;1877;15;0;0;0;202;14532;344,6;-5,8;872
2022-11-28 15:58:40;-36,80291;-73,08191;4,5;87,85;1877;46;0;0;0;202;14532;344,9;-13,4;2720
2022-11-28 15:59:10;-36,80056;-73,08142;7,8;87,7;1878;48;0;0;0;202;14532;342,5;-6,6;2916
2022-11-28 15:59:40;-36,79701;-73,08279;8,1;87,7;1878;29;0;0;0;202;14532;344,4;-13,5;1693
2022-11-28 16:00:10;-36,79701;-73,08279;6,5;87,69;1878;19;0;0;0;202;14532;344,4;-14,5;1071
2022-11-28 16:00:40;-36,79672;-73,08166;3,4;87,67;1878;22;0;0;0;202;14532;344,6;7,9;1329
2022-11-28 16:04:31;-36,79656;-73,08093;5;87,68;1878;0;0;0;0;202;12661;345,3;0;0
2022-11-28 16:05:01;-36,79654;-73,0812;1,4;87,65;1878;10;0;0;0;202;14532;345;1,3;571
2022-11-28 16:53:07;-36,79633;-73,08105;-0,1;87,63;1878;0;0;0;0;202;12526;346,1;0;0
2022-11-28 16:53:37;-36,79633;-73,08105;2,9;87,61;1878;11;0;0;0;202;14532;345,7;0,6;650
2022-11-28 16:54:07;-36,79672;-73,08101;5,4;87,56;1878;7;0;0;0;201;14532;345,2;1,2;302
2022-11-28 16:54:37;-36,79783;-73,0809;6,7;87,42;1879;36;0;0;0;201;14532;349,6;-66,7;1942
2022-11-28 16:55:04;-36,79783;-73,0809;6;87,28;1879;50;0;0;0;201;14532;342,7;-3,6;2998
2022-11-28 16:55:37;-36,80194;-73,07842;7,5;87,29;1879;4;0;0;0;201;14532;344,9;0,9;147
2022-11-28 16:56:07;-36,8047;-73,07628;6,9;87,16;1880;38;0;0;0;201;14532;341,9;15;2316
2022-11-28 16:56:37;-36,8047;-73,07628;10,9;87,04;1880;25;0;0;0;200;14532;346;-33,5;1163
2022-11-28 16:57:07;-36,80741;-73,07198;12;86,99;1880;21;0;0;0;200;14532;344,3;10,1;1270
2022-11-28 16:57:37;-36,80873;-73,06998;12,8;86,86;1880;44;0;0;0;200;14532;339,6;19,5;2712
2022-11-28 16:58:07;-36,80873;-73,06998;12,5;86,77;1881;37;0;0;0;200;14532;348,2;-57,9;2023
2022-11-28 16:58:37;-36,812;-73,06647;10,8;86,68;1881;45;0;0;0;199;14532;342,7;13,4;2746
2022-11-28 16:59:07;-36,81509;-73,06299;4,7;86,68;1881;31;0;0;0;199;14532;343,6;-1,9;1848
2022-11-28 16:59:37;-36,81509;-73,06299;10,6;86,51;1881;45;0;0;0;199;14532;336,8;84,5;2859
2022-11-28 17:00:07;-36,8182;-73,06143;13,3;86,47;1882;0;0;0;0;199;14532;343,9;0,7;0
2022-11-28 17:02:10;-36,81888;-73,06092;13,4;86,47;1882;1;0;0;0;198;12661;344,7;3,7;51
2022-11-28 17:02:40;-36,81887;-73,06093;14,4;86,44;1882;1;0;0;0;198;14405;344,7;3,1;159
2022-11-28 17:12:21;-36,81879;-73,06115;28,1;86,43;1882;0;0;0;0;3;12661;345,8;0;0
2022-11-28 17:12:51;-36,81879;-73,06115;14,1;86,36;1882;26;0;0;0;198;14405;340,5;55,4;1657
2022-11-28 17:13:21;-36,81796;-73,06152;14;86,25;1882;39;0;0;0;198;14405;345,8;-16;2275
2022-11-28 17:13:51;-36,81533;-73,06167;13,5;86,09;1882;55;0;0;0;197;14532;343,9;26,1;3325
2022-11-28 17:14:18;-36,81533;-73,06167;17,2;85,93;1883;37;0;0;0;197;14532;348,9;-35,8;2111
2022-11-28 17:14:51;-36,81201;-73,06636;14,1;85,83;1883;39;0;0;0;197;14532;348,6;-70,3;2204
2022-11-28 17:15:21;-36,80817;-73,07046;9,3;85,55;1883;53;0;0;0;196;14532;339,1;73,7;3282
2022-11-28 17:15:51;-36,80817;-73,07046;5,2;85,47;1884;45;0;0;0;196;14532;341,9;19,8;2749
2022-11-28 17:16:21;-36,80535;-73,07528;2;85,46;1884;30;0;0;0;196;14532;342,1;19,8;1849
2022-11-28 17:16:51;-36,80237;-73,07812;6,1;85,32;1884;46;0;0;0;195;14532;342,7;4,1;2793
2022-11-28 17:17:21;-36,80237;-73,07812;7,9;85,27;1885;31;0;0;0;195;14532;347,1;-51,2;1715
2022-11-28 17:17:51;-36,79866;-73,08038;4,4;85,15;1885;19;0;0;0;195;14532;345;-13,2;1112
2022-11-28 17:18:21;-36,7966;-73,08082;-1,6;85,14;1885;8;0;0;0;195;14532;344,1;2;506
2022-11-28 17:21:54;-36,79659;-73,08079;-1,8;85,14;1885;0;0;0;0;195;12931;345,2;0;0
2022-11-28 17:33:15;-36,79659;-73,08079;-1,8;85,14;1885;0;0;0;0;195;12526;345,8;0;0
2022-11-28 17:33:42;-36,79659;-73,08079;-0,4;85,11;1885;0;0;0;0;195;12526;345,5;0,8;0
2022-11-28 17:34:15;-36,79683;-73,081;-0,3;85,11;1885;0;0;0;0;195;14532;345,5;0,6;0
2022-11-28 17:34:45;-36,79683;-73,081;-0,3;85,1;1885;0;0;0;0;195;14532;345,7;0,6;0
2022-11-28 17:35:15;-36,79683;-73,081;-0,3;85,1;1885;4;0;0;0;195;14532;345,5;2,9;268
2022-11-28 17:35:45;-36,79683;-73,081;5,6;84,93;1885;47;0;0;0;195;14532;339,6;61,2;2928
2022-11-28 17:36:15;-36,79976;-73,07977;7,7;84,74;1886;58;0;0;0;194;14405;342,1;10,9;3535
2022-11-28 17:36:45;-36,79976;-73,07977;4,4;84,74;1886;17;0;0;0;194;14532;345,5;-8,4;902
2022-11-28 17:37:15;-36,8038;-73,07724;3;84,66;1886;31;0;0;0;194;14532;341;42,6;1944
2022-11-28 17:37:45;-36,80317;-73,07502;0,3;84,64;1886;12;0;0;0;194;14532;344,6;0,2;617
2022-11-28 17:38:12;-36,80317;-73,07502;-0,9;84,63;1886;2;0;0;0;194;14532;344,4;4,7;215
2022-11-28 17:38:45;-36,80289;-73,07453;-1,4;84,61;1886;7;0;0;0;194;14532;344,9;1;369
2022-11-28 17:39:15;-36,80272;-73,07425;-1,4;84,59;1886;0;0;0;0;194;14532;344,9;0,7;0
2022-11-28 17:39:42;-36,80272;-73,07425;-1,4;84,58;1886;0;0;0;0;194;14532;344,9;2;61
2022-11-28 17:40:15;-36,80272;-73,07425;-1,4;84,56;1887;0;0;0;0;194;14532;345;0,7;0
2022-11-28 17:40:45;-36,80272;-73,07425;-1,4;84,55;1887;0;0;0;0;194;14532;345;0,7;0
2022-11-28 17:41:15;-36,80272;-73,07425;1,7;84,54;1887;5;0;0;0;194;14532;345;2,3;338
2022-11-28 17:41:45;-36,80204;-73,07309;0,7;84,53;1887;0;0;0;0;194;14532;345,3;0,7;0
2022-11-28 17:42:12;-36,80159;-73,0724;1,2;84,48;1887;20;0;0;0;194;14532;340,5;61,2;1372
2022-11-28 17:42:45;-36,80159;-73,0724;2,5;84,29;1887;19;0;0;0;194;14532;344,4;-14,9;1001
2022-11-28 17:43:15;-36,79838;-73,06891;2,5;84,06;1887;54;0;0;0;193;14532;338,6;66,4;3382
2022-11-28 17:43:45;-36,79326;-73,06968;2,4;83,93;1888;55;0;0;0;193;14532;349,3;-108,6;3148
2022-11-28 17:44:15;-36,79326;-73,06968;4,1;83,9;1888;25;0;0;0;193;14532;345,7;-30,4;1347
2022-11-28 17:44:45;-36,794;-73,06876;5,4;83,85;1888;23;0;0;0;192;14532;342,5;20,3;1388
2022-11-28 17:45:15;-36,79561;-73,06627;10,5;83,69;1888;40;0;0;0;192;14532;335,8;71,3;2496
2022-11-28 17:45:42;-36,79561;-73,06627;21,6;83,31;1889;67;0;0;0;191;14532;340,2;19,3;4115
2022-11-28 17:46:15;-36,79875;-73,05989;8;83,47;1889;13;0;0;0;192;14532;344,4;-1,4;639
2022-11-28 17:46:42;-36,7997;-73,0585;11,3;83,47;1889;0;0;0;0;192;14532;344,4;0,7;0
2022-11-28 17:47:15;-36,7997;-73,0585;11,3;83,47;1889;0;0;0;0;192;14532;344,6;0,7;0
2022-11-28 17:47:45;-36,79975;-73,05853;16,6;83,43;1889;0;0;0;0;192;14532;344,4;1,7;0
2022-11-28 17:48:15;-36,79994;-73,05876;19,1;83,41;1889;0;0;0;0;192;14532;344,6;0,5;0
2022-11-28 17:59:39;-36,79994;-73,05876;19,1;83,41;1889;0;0;0;0;192;12257;345,8;0;0
2022-11-28 18:01:33;-36,79994;-73,05876;15,9;83,39;1889;6;0;0;0;192;12526;345,3;1,4;325
2022-11-28 18:03:06;-36,79986;-73,0589;15,1;83,39;1889;0;0;0;1;192;12796;345,7;1;0
2022-11-28 18:03:36;-36,79986;-73,0589;15,1;83,39;1889;0;0;0;1;192;14532;346,1;-3,1;0
2022-11-28 18:04:06;-36,79986;-73,0589;15,1;83,41;1889;0;0;0;1;86;14532;346,3;-3,1;0
2022-11-28 18:04:36;-36,79986;-73,0589;15,1;83,43;1889;0;0;0;1;86;14532;346,3;-2,7;0
2022-11-28 18:05:06;-36,79986;-73,0589;15,1;83,45;1889;0;0;0;1;86;14405;346,4;-3,2;0
2022-11-28 18:05:36;-36,79986;-73,0589;15,1;83,47;1889;0;0;0;1;86;14532;346,4;-3,2;0
2022-11-28 18:06:06;-36,79986;-73,0589;15,1;83,48;1889;0;0;0;1;86;14532;346,6;-3,2;0
2022-11-28 18:06:36;-36,79986;-73,0589;15,1;83,5;1889;0;0;0;1;86;14532;346,4;-3,2;0
2022-11-28 18:07:06;-36,79986;-73,0589;15,1;83,52;1889;0;0;0;1;86;14532;346,6;-3,2;0
2022-11-28 18:07:36;-36,79986;-73,0589;15,1;83,54;1889;0;0;0;1;86;14532;346,8;-3,2;0
2022-11-28 18:08:06;-36,79986;-73,0589;15,1;83,56;1889;0;0;0;1;86;14532;346,8;-3,3;0
2022-11-28 18:08:36;-36,79986;-73,0589;15,1;83,58;1889;0;0;0;1;86;14532;346,8;-3,2;0
2022-11-28 18:09:06;-36,79986;-73,0589;15,1;83,6;1889;0;0;0;1;86;14532;346,8;-3,2;0
2022-11-28 18:09:36;-36,79986;-73,0589;15,1;83,62;1889;0;0;0;1;86;14532;346,8;-3,3;0
2022-11-28 18:10:06;-36,79986;-73,0589;15,1;83,64;1889;0;0;0;1;86;14532;346,8;-3,2;0
2022-11-28 18:10:36;-36,79986;-73,0589;15,1;83,66;1889;0;0;0;1;86;14532;346,8;-3,2;0
2022-11-28 18:11:06;-36,79986;-73,0589;15,1;83,68;1889;0;0;0;1;86;14532;346,8;-3,3;0
2022-11-28 18:11:36;-36,79986;-73,0589;15,1;83,7;1889;0;0;0;1;86;14532;346,9;-3,3;0
2022-11-28 18:12:06;-36,79986;-73,0589;15,1;83,72;1889;0;0;0;1;86;14532;346,9;-3,2;0
2022-11-28 18:12:36;-36,79986;-73,0589;15,1;83,74;1889;0;0;0;1;86;14532;346,9;-3,3;0
2022-11-28 18:13:06;-36,79986;-73,0589;15,1;83,76;1889;0;0;0;1;86;14532;346,9;-3,3;0
2022-11-28 18:13:36;-36,79986;-73,0589;15,1;83,78;1889;0;0;0;1;86;14532;346,9;-3,3;0
2022-11-28 18:14:06;-36,79986;-73,0589;15,1;83,8;1889;0;0;0;1;86;14532;347,1;-3,3;0
2022-11-28 18:14:36;-36,79986;-73,0589;15,1;83,82;1889;0;0;0;1;86;14532;346,9;-3,3;0
2022-11-28 18:15:06;-36,79986;-73,0589;15,1;83,84;1889;0;0;0;1;86;14532;346,9;-3,3;0
2022-11-28 18:15:36;-36,79986;-73,0589;15,1;83,85;1889;0;0;0;1;86;14532;346,9;-3,3;0
2022-11-28 18:16:06;-36,79986;-73,0589;15,1;83,88;1889;0;0;0;1;86;14532;346,9;-3,3;0
2022-11-28 18:16:36;-36,79986;-73,0589;15,1;83,9;1889;0;0;0;1;86;14532;347,1;-3,2;0
2022-11-28 18:17:06;-36,79986;-73,0589;15,1;83,92;1889;0;0;0;1;86;14532;347,1;-3,2;0
2022-11-28 18:17:36;-36,79986;-73,0589;15,1;83,94;1889;0;0;0;1;86;14532;347,1;-3,3;0
2022-11-28 18:18:06;-36,79986;-73,0589;15,1;83,96;1889;0;0;0;1;86;14532;347,1;-3,3;0
2022-11-28 18:18:36;-36,79986;-73,0589;15,1;83,98;1889;0;0;0;1;86;14532;347,1;-3,3;0
2022-11-28 18:19:06;-36,79986;-73,0589;15,1;84;1889;0;0;0;1;86;14532;347,1;-3,3;0
2022-11-28 18:19:36;-36,79986;-73,0589;15,1;84,02;1889;0;0;0;1;86;14532;347,1;-3,3;0
2022-11-28 18:20:06;-36,79986;-73,0589;15,1;84,04;1889;0;0;0;1;86;14532;347,1;-3,3;0
2022-11-28 18:20:36;-36,79986;-73,0589;15,1;84,06;1889;0;0;0;1;86;14532;347,1;-3,3;0
2022-11-28 18:21:06;-36,79986;-73,0589;15,1;84,08;1889;0;0;0;1;86;14532;347,1;-3,2;0
2022-11-28 18:21:36;-36,79986;-73,0589;15,1;84,1;1889;0;0;0;1;86;14532;347,1;-3,3;0
2022-11-28 18:22:06;-36,79986;-73,0589;15,1;84,12;1889;0;0;0;1;86;14532;347,2;-3,3;0
2022-11-28 18:22:36;-36,79986;-73,0589;15,1;84,14;1889;0;0;0;1;86;14532;347,2;-3,3;0
2022-11-28 18:23:06;-36,79986;-73,0589;15,1;84,15;1889;0;0;0;1;86;14532;347,2;-3,3;0
2022-11-28 18:23:36;-36,79986;-73,0589;15,1;84,17;1889;0;0;0;1;86;14532;347,2;-3,3;0
2022-11-28 18:24:06;-36,79986;-73,0589;15,1;84,19;1889;0;0;0;1;86;14532;347,2;-3,3;0
2022-11-28 18:24:36;-36,79986;-73,0589;15,1;84,21;1889;0;0;0;1;86;14532;347,2;-3,3;0
2022-11-28 18:25:06;-36,79986;-73,0589;15,1;84,24;1889;0;0;0;1;86;14532;347,2;-3,3;0
2022-11-28 18:25:36;-36,79986;-73,0589;15,1;84,25;1889;0;0;0;1;86;14532;347,2;-3,3;0
2022-11-28 18:26:06;-36,79986;-73,0589;15,1;84,28;1889;0;0;0;1;86;14532;347,2;-3,3;0
2022-11-28 18:26:36;-36,79986;-73,0589;15,1;84,29;1889;0;0;0;1;86;14532;347,2;-3,3;0
2022-11-28 18:27:06;-36,79986;-73,0589;15,1;84,32;1889;0;0;0;1;86;14532;347,2;-3,3;0
2022-11-28 18:27:36;-36,79986;-73,0589;15,1;84,33;1889;0;0;0;1;86;14532;347,2;-3,3;0
2022-11-28 18:28:06;-36,79986;-73,0589;15,1;84,36;1889;0;0;0;1;86;14532;347,2;-3,3;0
2022-11-28 18:28:36;-36,79986;-73,0589;15,1;84,37;1889;0;0;0;1;86;14532;347,4;-3,3;0
2022-11-28 18:29:06;-36,79986;-73,0589;15,1;84,4;1889;0;0;0;1;86;14532;347,2;-3,3;0
2022-11-28 18:29:36;-36,79986;-73,0589;15,1;84,41;1889;0;0;0;1;86;14532;347,2;-3,3;0
2022-11-28 18:30:06;-36,79986;-73,0589;15,1;84,43;1889;0;0;0;1;86;14532;347,2;-3,3;0
2022-11-28 18:30:36;-36,79986;-73,0589;15,1;84,45;1889;0;0;0;1;86;14532;347,4;-3,2;0
2022-11-28 18:31:06;-36,79986;-73,0589;15,1;84,47;1889;0;0;0;1;86;14532;347,4;-3,3;0
2022-11-28 18:31:36;-36,79986;-73,0589;15,1;84,49;1889;0;0;0;1;86;14532;347,4;-3,2;0
2022-11-28 18:32:06;-36,79986;-73,0589;15,1;84,51;1889;0;0;0;1;86;14532;347,4;-3,2;0
2022-11-28 18:32:36;-36,79986;-73,0589;15,1;84,53;1889;0;0;0;1;86;14532;347,4;-3,2;0
2022-11-28 18:33:06;-36,79986;-73,0589;15,1;84,55;1889;0;0;0;1;86;14532;347,4;-3,3;0
2022-11-28 18:33:36;-36,79986;-73,0589;15,1;84,57;1889;0;0;0;1;86;14532;347,4;-3,2;0
2022-11-28 18:34:06;-36,79986;-73,0589;15,1;84,59;1889;0;0;0;1;86;14532;347,4;-3,3;0
2022-11-28 18:34:36;-36,79986;-73,0589;15,1;84,61;1889;0;0;0;1;86;14532;347,4;-3,3;0
2022-11-28 18:35:06;-36,79986;-73,0589;15,1;84,63;1889;0;0;0;1;86;14532;347,4;-3,2;0
2022-11-28 18:35:36;-36,79986;-73,0589;15,1;84,65;1889;0;0;0;1;86;14532;347,4;-3,3;0
2022-11-28 18:36:06;-36,79986;-73,0589;15,1;84,67;1889;0;0;0;1;86;14532;347,2;-3,2;0
2022-11-28 18:36:36;-36,79986;-73,0589;15,1;84,69;1889;0;0;0;1;86;14532;347,4;-3,2;0
2022-11-28 18:37:06;-36,79986;-73,0589;15,1;84,71;1889;0;0;0;1;86;14532;347,4;-3,3;0
2022-11-28 18:37:36;-36,79986;-73,0589;15,1;84,73;1889;0;0;0;1;86;14532;347,4;-3,3;0
2022-11-28 18:38:06;-36,79986;-73,0589;15,1;84,75;1889;0;0;0;1;86;14532;347,4;-3,3;0
2022-11-28 18:38:36;-36,79986;-73,0589;15,1;84,77;1889;0;0;0;1;86;14532;347,5;-3,3;0
2022-11-28 18:39:06;-36,79986;-73,0589;15,1;84,79;1889;0;0;0;1;86;14532;347,4;-3,3;0
2022-11-28 18:39:36;-36,79986;-73,0589;15,1;84,81;1889;0;0;0;1;86;14532;347,4;-3,3;0
2022-11-28 18:40:06;-36,79986;-73,0589;15,1;84,83;1889;0;0;0;1;86;14532;347,4;-3,3;0
2022-11-28 18:40:36;-36,79986;-73,0589;15,1;84,85;1889;0;0;0;1;86;14532;347,5;-3,3;0
2022-11-28 18:41:06;-36,79986;-73,0589;15,1;84,87;1889;0;0;0;1;86;14532;347,4;-3,2;0
2022-11-28 18:41:36;-36,79986;-73,0589;15,1;84,89;1889;0;0;0;1;86;14532;347,4;-3,2;0
2022-11-28 18:42:06;-36,79986;-73,0589;15,1;84,91;1889;0;0;0;1;86;14532;347,5;-3,3;0
2022-11-28 18:42:36;-36,79986;-73,0589;15,1;84,93;1889;0;0;0;1;86;14532;347,4;-3,3;0
2022-11-28 18:43:06;-36,79986;-73,0589;15,1;84,95;1889;0;0;0;1;86;14532;347,5;-3,3;0
2022-11-28 18:43:36;-36,79986;-73,0589;15,1;84,97;1889;0;0;0;1;86;14532;347,5;-3,3;0
2022-11-28 18:44:06;-36,79986;-73,0589;15,1;84,99;1889;0;0;0;1;86;14532;347,5;-3,3;0
2022-11-28 18:44:36;-36,79986;-73,0589;15,1;85,01;1889;0;0;0;1;86;14532;347,5;-3,2;0
2022-11-28 18:45:06;-36,79986;-73,0589;15,1;85,03;1889;0;0;0;1;86;14532;347,5;-3,3;0
2022-11-28 18:45:36;-36,79986;-73,0589;15,1;85,05;1889;0;0;0;1;86;14532;347,5;-3,3;0
2022-11-28 18:46:06;-36,79986;-73,0589;15,1;85,07;1889;0;0;0;1;86;14532;347,5;-3,3;0
2022-11-28 18:46:36;-36,79986;-73,0589;15,1;85,09;1889;0;0;0;1;86;14532;347,5;-3,3;0
2022-11-28 18:47:06;-36,79986;-73,0589;15,1;85,11;1889;0;0;0;1;86;14532;347,5;-3,3;0
2022-11-28 18:47:36;-36,79986;-73,0589;15,1;85,13;1889;0;0;0;1;86;14532;347,5;-3,2;0
2022-11-28 18:48:06;-36,79986;-73,0589;15,1;85,15;1889;0;0;0;1;86;14532;347,5;-3,3;0
2022-11-28 18:48:36;-36,79986;-73,0589;15,1;85,17;1889;0;0;0;1;86;14532;347,5;-3,3;0
2022-11-28 18:49:06;-36,79986;-73,0589;15,1;85,19;1889;0;0;0;1;86;14532;347,5;-3,3;0
2022-11-28 18:49:36;-36,79986;-73,0589;15,1;85,21;1889;0;0;0;1;86;14532;347,5;-3,3;0
2022-11-28 18:50:06;-36,79986;-73,0589;15,1;85,23;1889;0;0;0;1;86;14532;347,5;-3,3;0
2022-11-28 18:50:36;-36,79986;-73,0589;15,1;85,25;1889;0;0;0;1;86;14532;347,5;-3,3;0
2022-11-28 18:51:06;-36,79986;-73,0589;15,1;85,27;1889;0;0;0;1;86;14532;347,5;-3,2;0
2022-11-28 18:51:36;-36,79986;-73,0589;15,1;85,29;1889;0;0;0;1;86;14532;347,5;-3,3;0
2022-11-28 18:52:06;-36,79986;-73,0589;15,1;85,31;1889;0;0;0;1;86;14532;347,5;-3,3;0
2022-11-28 18:52:36;-36,79986;-73,0589;15,1;85,33;1889;0;0;0;1;86;14532;347,7;-3,3;0
2022-11-28 18:53:06;-36,79986;-73,0589;15,1;85,35;1889;0;0;0;1;86;14532;347,5;-3,2;0
2022-11-28 18:53:36;-36,79986;-73,0589;15,1;85,37;1889;0;0;0;1;86;14532;347,7;-3,2;0
2022-11-28 18:54:06;-36,79986;-73,0589;15,1;85,39;1889;0;0;0;1;86;14532;347,7;-3,3;0
2022-11-28 18:54:36;-36,79986;-73,0589;15,1;85,41;1889;0;0;0;1;86;14532;347,7;-3,3;0
2022-11-28 18:55:06;-36,79986;-73,0589;15,1;85,43;1889;0;0;0;1;86;14532;347,5;-3,3;0
2022-11-28 18:55:36;-36,79986;-73,0589;15,1;85,45;1889;0;0;0;1;86;14532;347,7;-3,3;0
2022-11-28 18:56:06;-36,79986;-73,0589;15,1;85,47;1889;0;0;0;1;86;14532;347,7;-3,3;0
2022-11-28 18:56:36;-36,79986;-73,0589;15,1;85,49;1889;0;0;0;1;86;14532;347,7;-3,3;0
2022-11-28 18:57:06;-36,79986;-73,0589;15,1;85,51;1889;0;0;0;1;86;14532;347,5;-3,3;0
2022-11-28 18:57:36;-36,79986;-73,0589;15,1;85,53;1889;0;0;0;1;86;14532;347,5;-3,3;0
2022-11-28 18:58:06;-36,79986;-73,0589;15,1;85,55;1889;0;0;0;1;86;14532;347,7;-3,3;0
2022-11-28 18:58:36;-36,79986;-73,0589;15,1;85,57;1889;0;0;0;1;86;14532;347,7;-3,3;0
2022-11-28 18:59:06;-36,79986;-73,0589;15,1;85,58;1889;0;0;0;1;86;14532;347,5;-3,3;0
2022-11-28 18:59:36;-36,79986;-73,0589;15,1;85,6;1889;0;0;0;1;86;14532;347,7;-3,3;0
2022-11-28 19:00:06;-36,79986;-73,0589;15,1;85,62;1889;0;0;0;1;86;14532;347,7;-3,3;0
2022-11-28 19:00:36;-36,79986;-73,0589;15,1;85,64;1889;0;0;0;1;86;14532;347,7;-3,3;0
2022-11-28 19:01:06;-36,79986;-73,0589;15,1;85,67;1889;0;0;0;1;86;14532;347,7;-3,3;0
2022-11-28 19:01:36;-36,79986;-73,0589;15,1;85,68;1889;0;0;0;1;86;14532;347,7;-3,3;0
2022-11-28 19:02:06;-36,79986;-73,0589;15,1;85,71;1889;0;0;0;1;86;14532;347,7;-3,3;0
2022-11-28 19:02:36;-36,79986;-73,0589;15,1;85,72;1889;0;0;0;1;86;14532;347,7;-3,3;0
2022-11-28 19:03:06;-36,79986;-73,0589;15,1;85,74;1889;0;0;0;1;86;14532;347,8;-3,3;0
2022-11-28 19:03:36;-36,79986;-73,0589;15,1;85,76;1889;0;0;0;1;86;14532;347,7;-3,3;0
2022-11-28 19:04:06;-36,79986;-73,0589;15,1;85,78;1889;0;0;0;1;86;14532;347,7;-3,3;0
2022-11-28 19:04:36;-36,79986;-73,0589;15,1;85,81;1889;0;0;0;1;86;14532;347,7;-3,3;0
2022-11-28 19:05:06;-36,79986;-73,0589;15,1;85,82;1889;0;0;0;1;86;14532;347,7;-3,3;0
2022-11-28 19:05:36;-36,79986;-73,0589;15,1;85,85;1889;0;0;0;1;86;14532;347,7;-3,3;0
2022-11-28 19:06:06;-36,79986;-73,0589;15,1;85,86;1889;0;0;0;1;86;14532;347,7;-3,2;0
2022-11-28 19:06:36;-36,79986;-73,0589;15,1;85,89;1889;0;0;0;1;86;14532;347,7;-3,2;0
2022-11-28 19:07:06;-36,79986;-73,0589;15,1;85,9;1889;0;0;0;1;86;14532;347,8;-3,3;0
2022-11-28 19:07:36;-36,79986;-73,0589;15,1;85,93;1889;0;0;0;1;86;14532;347,7;-3,3;0
2022-11-28 19:08:06;-36,79986;-73,0589;15,1;85,94;1889;0;0;0;1;86;14532;347,8;-3,3;0
2022-11-28 19:08:36;-36,79986;-73,0589;15,1;85,97;1889;0;0;0;1;86;14532;347,8;-3,3;0
2022-11-28 19:09:06;-36,79986;-73,0589;15,1;85,98;1889;0;0;0;1;86;14532;347,8;-3,3;0
2022-11-28 19:09:36;-36,79986;-73,0589;15,1;86;1889;0;0;0;1;86;14532;347,8;-3,3;0
2022-11-28 19:10:06;-36,79986;-73,0589;15,1;86,02;1889;0;0;0;1;86;14532;347,7;-3,2;0
2022-11-28 19:10:36;-36,79986;-73,0589;15,1;86,04;1889;0;0;0;1;86;14532;347,7;-3,3;0
2022-11-28 19:11:06;-36,79986;-73,0589;15,1;86,07;1889;0;0;0;1;86;14532;347,8;-3,2;0
2022-11-28 19:11:36;-36,79986;-73,0589;15,1;86,08;1889;0;0;0;1;86;14532;347,8;-3,3;0
2022-11-28 19:12:06;-36,79986;-73,0589;15,1;86,11;1889;0;0;0;1;86;14532;347,8;-3,3;0
2022-11-28 19:12:36;-36,79986;-73,0589;15,1;86,12;1889;0;0;0;1;86;14532;347,8;-3,3;0
2022-11-28 19:13:06;-36,79986;-73,0589;15,1;86,15;1889;0;0;0;1;86;14532;347,7;-3,3;0
2022-11-28 19:13:36;-36,79986;-73,0589;15,1;86,16;1889;0;0;0;1;86;14532;347,8;-3,3;0
2022-11-28 19:14:06;-36,79986;-73,0589;15,1;86,18;1889;0;0;0;1;86;14532;347,8;-3,2;0
2022-11-28 19:14:36;-36,79986;-73,0589;15,1;86,2;1889;0;0;0;1;86;14532;347,8;-3,3;0
2022-11-28 19:15:06;-36,79986;-73,0589;15,1;86,22;1889;0;0;0;1;86;14532;347,8;-3,3;0
2022-11-28 19:15:36;-36,79986;-73,0589;15,1;86,24;1889;0;0;0;1;86;14532;347,8;-3,3;0
2022-11-28 19:16:06;-36,79986;-73,0589;15,1;86,26;1889;0;0;0;1;86;14532;347,8;-3,2;0
2022-11-28 19:16:36;-36,79986;-73,0589;15,1;86,28;1889;0;0;0;1;86;14532;347,8;-3,3;0
2022-11-28 19:17:06;-36,79986;-73,0589;15,1;86,3;1889;0;0;0;1;86;14532;347,8;-3,3;0
2022-11-28 19:17:36;-36,79986;-73,0589;15,1;86,32;1889;0;0;0;1;86;14532;347,8;-3,3;0
2022-11-28 19:18:06;-36,79986;-73,0589;15,1;86,34;1889;0;0;0;1;86;14532;347,8;-3,3;0
2022-11-28 19:18:36;-36,79986;-73,0589;15,1;86,36;1889;0;0;0;1;86;14532;347,8;-3,3;0
2022-11-28 19:19:06;-36,79986;-73,0589;15,1;86,38;1889;0;0;0;1;86;14532;347,8;-3,3;0
2022-11-28 19:19:36;-36,79986;-73,0589;15,1;86,41;1889;0;0;0;1;86;14532;347,8;-3,2;0
2022-11-28 19:20:06;-36,79986;-73,0589;15,1;86,42;1889;0;0;0;1;86;14532;347,8;-3,2;0
2022-11-28 19:20:36;-36,79986;-73,0589;15,1;86,45;1889;0;0;0;1;86;14532;347,8;-3,3;0
2022-11-28 19:21:06;-36,79986;-73,0589;15,1;86,46;1889;0;0;0;1;86;14532;347,8;-3,2;0
2022-11-28 19:21:36;-36,79986;-73,0589;15,1;86,48;1889;0;0;0;1;86;14532;347,8;-3,2;0
2022-11-28 19:22:06;-36,79986;-73,0589;15,1;86,5;1889;0;0;0;1;86;14532;347,8;-3,2;0
2022-11-28 19:22:36;-36,79986;-73,0589;15,1;86,52;1889;0;0;0;1;86;14532;347,8;-3,3;0
2022-11-28 19:23:06;-36,79986;-73,0589;15,1;86,54;1889;0;0;0;1;86;14532;348;-3,2;0
2022-11-28 19:23:36;-36,79986;-73,0589;15,1;86,56;1889;0;0;0;1;86;14532;347,8;-3,2;0
2022-11-28 19:24:06;-36,79986;-73,0589;15,1;86,58;1889;0;0;0;1;86;14532;347,8;-3,3;0
2022-11-28 19:24:36;-36,79986;-73,0589;15,1;86,6;1889;0;0;0;1;86;14532;348;-3,3;0
2022-11-28 19:25:06;-36,79986;-73,0589;15,1;86,62;1889;0;0;0;1;86;14532;347,8;-3,2;0
2022-11-28 19:25:36;-36,79986;-73,0589;15,1;86,64;1889;0;0;0;1;86;14532;347,8;-3,3;0
2022-11-28 19:26:06;-36,79986;-73,0589;15,1;86,66;1889;0;0;0;1;86;14532;347,8;-3,2;0
2022-11-28 19:26:36;-36,79986;-73,0589;15,1;86,68;1889;0;0;0;1;86;14532;348;-3,3;0
2022-11-28 19:27:06;-36,79986;-73,0589;15,1;86,7;1889;0;0;0;1;86;14532;347,8;-3,3;0
2022-11-28 19:27:36;-36,79986;-73,0589;15,1;86,72;1889;0;0;0;1;86;14532;348;-3,2;0
2022-11-28 19:28:06;-36,79986;-73,0589;15,1;86,74;1889;0;0;0;1;86;14532;348;-3,2;0
2022-11-28 19:28:36;-36,79986;-73,0589;15,1;86,76;1889;0;0;0;1;86;14532;348;-3,3;0
2022-11-28 19:29:06;-36,79986;-73,0589;15,1;86,78;1889;0;0;0;1;86;14532;348;-3,2;0
2022-11-28 19:29:36;-36,79986;-73,0589;15,1;86,79;1889;0;0;0;1;86;14532;348;-3,3;0
2022-11-28 19:30:06;-36,79986;-73,0589;15,1;86,82;1889;0;0;0;1;86;14532;347,8;-3,2;0
2022-11-28 19:30:36;-36,79986;-73,0589;15,1;86,83;1889;0;0;0;1;86;14532;348;-3,2;0
2022-11-28 19:31:06;-36,79986;-73,0589;15,1;86,86;1889;0;0;0;1;86;14532;347,8;-3,2;0
2022-11-28 19:31:36;-36,79986;-73,0589;15,1;86,87;1889;0;0;0;1;86;14532;348;-3,3;0
2022-11-28 19:32:06;-36,79986;-73,0589;15,1;86,89;1889;0;0;0;1;86;14532;348;-3,2;0
2022-11-28 19:32:36;-36,79986;-73,0589;15,1;86,91;1889;0;0;0;1;86;14532;348;-3,3;0
2022-11-28 19:33:06;-36,79986;-73,0589;15,1;86,93;1889;0;0;0;1;86;14532;348;-3,3;0
2022-11-28 19:33:36;-36,79986;-73,0589;15,1;86,96;1889;0;0;0;1;86;14532;348;-3,3;0
2022-11-28 19:34:06;-36,79986;-73,0589;15,1;86,97;1889;0;0;0;1;86;14532;348;-3,2;0
2022-11-28 19:34:36;-36,79986;-73,0589;15,1;87;1889;0;0;0;1;86;14532;348;-3,3;0
2022-11-28 19:35:06;-36,79986;-73,0589;15,1;87,01;1889;0;0;0;1;86;14532;348;-3,2;0
2022-11-28 19:35:36;-36,79986;-73,0589;15,1;87,03;1889;0;0;0;1;86;14532;348;-3,3;0
2022-11-28 19:36:06;-36,79986;-73,0589;15,1;87,05;1889;0;0;0;1;86;14532;348;-3,3;0
2022-11-28 19:36:36;-36,79986;-73,0589;15,1;87,07;1889;0;0;0;1;86;14532;348;-3,2;0
2022-11-28 19:37:06;-36,79986;-73,0589;15,1;87,09;1889;0;0;0;1;86;14532;348;-3,2;0
2022-11-28 19:37:36;-36,79986;-73,0589;15,1;87,11;1889;0;0;0;1;86;14532;348;-3,2;0
2022-11-28 19:38:06;-36,79986;-73,0589;15,1;87,13;1889;0;0;0;1;86;14532;348;-3,3;0
2022-11-28 19:38:36;-36,79986;-73,0589;15,1;87,15;1889;0;0;0;1;86;14532;348;-3,3;0
2022-11-28 19:39:06;-36,79986;-73,0589;15,1;87,17;1889;0;0;0;1;86;14532;348;-3,2;0
2022-11-28 19:39:36;-36,79986;-73,0589;15,1;87,19;1889;0;0;0;1;86;14532;348;-3,3;0
2022-11-28 19:40:06;-36,79986;-73,0589;15,1;87,21;1889;0;0;0;1;86;14532;348;-3,2;0
2022-11-28 19:40:36;-36,79986;-73,0589;15,1;87,23;1889;0;0;0;1;86;14532;348;-3,3;0
2022-11-28 19:41:06;-36,79986;-73,0589;15,1;87,25;1889;0;0;0;1;86;14532;348;-3,3;0
2022-11-28 19:41:36;-36,79986;-73,0589;15,1;87,27;1889;0;0;0;1;86;14532;348,2;-3,2;0
2022-11-28 19:42:06;-36,79986;-73,0589;15,1;87,29;1889;0;0;0;1;86;14532;348,2;-3,3;0
2022-11-28 19:42:36;-36,79986;-73,0589;15,1;87,31;1889;0;0;0;1;86;14532;348;-3,2;0
2022-11-28 19:43:06;-36,79986;-73,0589;15,1;87,33;1889;0;0;0;1;86;14532;348;-3,3;0
2022-11-28 19:43:36;-36,79986;-73,0589;15,1;87,35;1889;0;0;0;1;86;14532;348,2;-3,2;0
2022-11-28 19:44:06;-36,79986;-73,0589;15,1;87,37;1889;0;0;0;1;86;14532;348,2;-3,2;0
2022-11-28 19:44:36;-36,79986;-73,0589;15,1;87,39;1889;0;0;0;1;86;14532;348,2;-3,2;0
2022-11-28 19:45:06;-36,79986;-73,0589;15,1;87,41;1889;0;0;0;1;86;14532;348;-3,2;0
2022-11-28 19:45:36;-36,79986;-73,0589;15,1;87,42;1889;0;0;0;1;86;14532;348;-3,2;0
2022-11-28 19:46:06;-36,79986;-73,0589;15,1;87,44;1889;0;0;0;1;86;14532;348,2;-3,3;0
2022-11-28 19:46:36;-36,79986;-73,0589;15,1;87,47;1889;0;0;0;1;86;14532;348;-3,2;0
2022-11-28 19:47:06;-36,79986;-73,0589;15,1;87,48;1889;0;0;0;1;86;14532;348,2;-3,2;0
2022-11-28 19:47:36;-36,79986;-73,0589;15,1;87,51;1889;0;0;0;1;86;14532;348,2;-3,2;0
2022-11-28 19:48:06;-36,79986;-73,0589;15,1;87,52;1889;0;0;0;1;86;14532;348;-3,2;0
2022-11-28 19:48:36;-36,79986;-73,0589;15,1;87,55;1889;0;0;0;1;86;14532;348,2;-3,2;0
2022-11-28 19:49:06;-36,79986;-73,0589;15,1;87,56;1889;0;0;0;1;86;14532;348,2;-3,3;0
2022-11-28 19:49:36;-36,79986;-73,0589;15,1;87,58;1889;0;0;0;1;86;14532;348,2;-3,2;0
2022-11-28 19:50:06;-36,79986;-73,0589;15,1;87,6;1889;0;0;0;1;86;14532;348,2;-3,2;0
2022-11-28 19:50:36;-36,79986;-73,0589;15,1;87,62;1889;0;0;0;1;86;14532;348,2;-3,3;0
2022-11-28 19:51:06;-36,79986;-73,0589;15,1;87,64;1889;0;0;0;1;86;14532;348,2;-3,2;0
2022-11-28 19:51:36;-36,79986;-73,0589;15,1;87,66;1889;0;0;0;1;86;14532;348,2;-3,3;0
2022-11-28 19:52:06;-36,79986;-73,0589;15,1;87,68;1889;0;0;0;1;86;14532;348,2;-3,3;0
2022-11-28 19:52:36;-36,79986;-73,0589;15,1;87,7;1889;0;0;0;1;86;14532;348,2;-3,2;0
2022-11-28 19:53:06;-36,79986;-73,0589;15,1;87,72;1889;0;0;0;1;86;14532;348,2;-3,2;0
2022-11-28 19:53:36;-36,79986;-73,0589;15,1;87,74;1889;0;0;0;1;86;14532;348,2;-3,2;0
2022-11-28 19:54:06;-36,79986;-73,0589;15,1;87,76;1889;0;0;0;1;86;14532;348,2;-3,2;0
2022-11-28 19:54:36;-36,79986;-73,0589;15,1;87,78;1889;0;0;0;1;86;14532;348,2;-3,2;0
2022-11-28 19:55:06;-36,79986;-73,0589;15,1;87,8;1889;0;0;0;1;86;14532;348,2;-3,3;0
2022-11-28 19:55:36;-36,79986;-73,0589;15,1;87,82;1889;0;0;0;1;86;14532;348,2;-3,2;0
2022-11-28 19:56:06;-36,79986;-73,0589;15,1;87,84;1889;0;0;0;1;86;14532;348,2;-3,3;0
2022-11-28 19:56:36;-36,79986;-73,0589;15,1;87,86;1889;0;0;0;1;86;14532;348,2;-3,2;0
2022-11-28 19:57:06;-36,79986;-73,0589;15,1;87,88;1889;0;0;0;1;86;14532;348,2;-3,2;0
2022-11-28 19:57:36;-36,79986;-73,0589;15,1;87,89;1889;0;0;0;1;86;14532;348,2;-3,2;0
2022-11-28 19:58:06;-36,79986;-73,0589;15,1;87,91;1889;0;0;0;1;86;14532;348,2;-3,2;0
2022-11-28 19:58:36;-36,79986;-73,0589;15,1;87,93;1889;0;0;0;1;86;14532;348,2;-3,2;0
2022-11-28 19:59:06;-36,79986;-73,0589;15,1;87,95;1889;0;0;0;1;86;14532;348,2;-3,2;0
2022-11-28 19:59:36;-36,79986;-73,0589;15,1;87,98;1889;0;0;0;1;86;14532;348,2;-3,2;0
2022-11-28 20:00:06;-36,79986;-73,0589;15,1;87,99;1889;0;0;0;1;86;14532;348,3;-3,3;0
2022-11-28 20:00:36;-36,79986;-73,0589;15,1;88,02;1889;0;0;0;1;86;14532;348,3;-3,2;0
2022-11-28 20:01:06;-36,79986;-73,0589;15,1;88,03;1889;0;0;0;1;86;14532;348,3;-3,3;0
2022-11-28 20:01:36;-36,79986;-73,0589;15,1;88,05;1889;0;0;0;1;86;14532;348,2;-3,2;0
2022-11-28 20:02:06;-36,79986;-73,0589;15,1;88,07;1889;0;0;0;1;86;14532;348,2;-3,2;0
2022-11-28 20:02:36;-36,79986;-73,0589;15,1;88,09;1889;0;0;0;1;86;14532;348,2;-3,3;0
2022-11-28 20:03:06;-36,79986;-73,0589;15,1;88,11;1889;0;0;0;1;86;14532;348,3;-3,3;0
2022-11-28 20:03:36;-36,79986;-73,0589;15,1;88,13;1889;0;0;0;1;86;14532;348,3;-3,3;0
2022-11-28 20:04:06;-36,79986;-73,0589;15,1;88,15;1889;0;0;0;1;86;14532;348,3;-3,3;0
2022-11-28 20:04:36;-36,79986;-73,0589;15,1;88,17;1889;0;0;0;1;86;14532;348,3;-3,3;0
2022-11-28 20:05:06;-36,79986;-73,0589;15,1;88,19;1889;0;0;0;1;86;14532;348,3;-3,3;0
2022-11-28 20:05:36;-36,79986;-73,0589;15,1;88,21;1889;0;0;0;1;86;14532;348,3;-3,2;0
2022-11-28 20:06:06;-36,79986;-73,0589;15,1;88,23;1889;0;0;0;1;86;14532;348,3;-3,3;0
2022-11-28 20:06:36;-36,79986;-73,0589;15,1;88,25;1889;0;0;0;1;86;14532;348,3;-3,3;0
2022-11-28 20:07:06;-36,79986;-73,0589;15,1;88,27;1889;0;0;0;1;86;14532;348,3;-3,3;0
2022-11-28 20:07:36;-36,79986;-73,0589;15,1;88,29;1889;0;0;0;1;86;14532;348,2;-3,2;0
2022-11-28 20:08:06;-36,79986;-73,0589;15,1;88,31;1889;0;0;0;1;86;14532;348,3;-3,2;0
2022-11-28 20:08:36;-36,79986;-73,0589;15,1;88,33;1889;0;0;0;1;86;14532;348,3;-3,3;0
2022-11-28 20:09:06;-36,79986;-73,0589;15,1;88,35;1889;0;0;0;1;86;14532;348,3;-3,3;0
2022-11-28 20:09:36;-36,79986;-73,0589;15,1;88,37;1889;0;0;0;1;86;14532;348,3;-3,3;0
2022-11-28 20:10:06;-36,79986;-73,0589;15,1;88,39;1889;0;0;0;1;86;14532;348,3;-3,3;0
2022-11-28 20:10:36;-36,79986;-73,0589;15,1;88,41;1889;0;0;0;1;86;14532;348,3;-3,3;0
2022-11-28 20:11:06;-36,79986;-73,0589;15,1;88,43;1889;0;0;0;1;86;14532;348,3;-3,2;0
2022-11-28 20:11:36;-36,79986;-73,0589;15,1;88,45;1889;0;0;0;1;86;14532;348,3;-3,3;0
2022-11-28 20:12:06;-36,79986;-73,0589;15,1;88,47;1889;0;0;0;1;86;14532;348,3;-3,3;0
2022-11-28 20:12:36;-36,79986;-73,0589;15,1;88,49;1889;0;0;0;1;86;14532;348,3;-3,3;0
2022-11-28 20:13:06;-36,79986;-73,0589;15,1;88,51;1889;0;0;0;1;86;14532;348,3;-3,3;0
2022-11-28 20:13:36;-36,79986;-73,0589;15,1;88,53;1889;0;0;0;1;86;14532;348,3;-3,3;0
2022-11-28 20:14:06;-36,79986;-73,0589;15,1;88,55;1889;0;0;0;1;86;14532;348,5;-3,3;0
2022-11-28 20:14:36;-36,79986;-73,0589;15,1;88,57;1889;0;0;0;1;86;14532;348,5;-3,3;0
2022-11-28 20:15:06;-36,79986;-73,0589;15,1;88,58;1889;0;0;0;1;86;14532;348,5;-3,3;0
2022-11-28 20:15:36;-36,79986;-73,0589;15,1;88,61;1889;0;0;0;1;86;14532;348,3;-3,3;0
2022-11-28 20:16:06;-36,79986;-73,0589;15,1;88,62;1889;0;0;0;1;86;14532;348,3;-3,2;0
2022-11-28 20:16:36;-36,79986;-73,0589;15,1;88,65;1889;0;0;0;1;86;14532;348,3;-3,3;0
2022-11-28 20:17:06;-36,79986;-73,0589;15,1;88,66;1889;0;0;0;1;86;14532;348,3;-3,2;0
2022-11-28 20:17:36;-36,79986;-73,0589;15,1;88,69;1889;0;0;0;1;86;14532;348,3;-3,2;0
2022-11-28 20:18:06;-36,79986;-73,0589;15,1;88,71;1889;0;0;0;1;86;14532;348,5;-3,3;0
2022-11-28 20:18:36;-36,79986;-73,0589;15,1;88,73;1889;0;0;0;1;86;14532;348,5;-3,3;0
2022-11-28 20:19:06;-36,79986;-73,0589;15,1;88,74;1889;0;0;0;1;86;14532;348,5;-3,2;0
2022-11-28 20:19:36;-36,79986;-73,0589;15,1;88,77;1889;0;0;0;1;86;14532;348,3;-3,3;0
2022-11-28 20:20:06;-36,79986;-73,0589;15,1;88,79;1889;0;0;0;1;86;14532;348,5;-3,3;0
2022-11-28 20:20:36;-36,79986;-73,0589;15,1;88,81;1889;0;0;0;1;86;14532;348,5;-3,3;0
2022-11-28 20:21:06;-36,79986;-73,0589;15,1;88,83;1889;0;0;0;1;86;14532;348,5;-3,3;0
2022-11-28 20:21:36;-36,79986;-73,0589;15,1;88,85;1889;0;0;0;1;86;14532;348,5;-3,3;0
2022-11-28 20:22:06;-36,79986;-73,0589;15,1;88,87;1889;0;0;0;1;86;14532;348,5;-3,3;0
2022-11-28 20:22:36;-36,79986;-73,0589;15,1;88,89;1889;0;0;0;1;86;14532;348,5;-3,3;0
2022-11-28 20:23:06;-36,79986;-73,0589;15,1;88,91;1889;0;0;0;1;86;14532;348,3;-3,3;0
2022-11-28 20:23:36;-36,79986;-73,0589;15,1;88,92;1889;0;0;0;1;86;14532;348,5;-3,3;0
2022-11-28 20:24:06;-36,79986;-73,0589;15,1;88,94;1889;0;0;0;1;86;14532;348,5;-3,3;0
2022-11-28 20:24:36;-36,79986;-73,0589;15,1;88,97;1889;0;0;0;1;86;14532;348,5;-3,3;0
2022-11-28 20:25:06;-36,79986;-73,0589;15,1;88,99;1889;0;0;0;1;86;14532;348,5;-3,3;0
2022-11-28 20:25:36;-36,79986;-73,0589;15,1;89,01;1889;0;0;0;1;86;14532;348,5;-3,3;0
2022-11-28 20:26:06;-36,79986;-73,0589;15,1;89,02;1889;0;0;0;1;86;14532;348,5;-3,3;0
2022-11-28 20:26:36;-36,79986;-73,0589;15,1;89,04;1889;0;0;0;1;86;14532;348,5;-3,3;0
2022-11-28 20:27:06;-36,79986;-73,0589;15,1;89,07;1889;0;0;0;1;86;14532;348,5;-3,2;0
2022-11-28 20:27:36;-36,79986;-73,0589;15,1;89,09;1889;0;0;0;1;86;14532;348,5;-3,3;0
2022-11-28 20:28:06;-36,79986;-73,0589;15,1;89,1;1889;0;0;0;1;86;14532;348,5;-3,3;0
2022-11-28 20:28:36;-36,79986;-73,0589;15,1;89,12;1889;0;0;0;1;86;14532;348,5;-3,3;0
2022-11-28 20:29:06;-36,79986;-73,0589;15,1;89,14;1889;0;0;0;1;86;14532;348,5;-3,3;0
2022-11-28 20:29:36;-36,79986;-73,0589;15,1;89,17;1889;0;0;0;1;86;14532;348,5;-3,3;0
2022-11-28 20:30:06;-36,79986;-73,0589;15,1;89,18;1889;0;0;0;1;86;14532;348,5;-3,2;0
2022-11-28 20:30:36;-36,79986;-73,0589;15,1;89,21;1889;0;0;0;1;86;14532;348,5;-3,3;0
2022-11-28 20:31:06;-36,79986;-73,0589;15,1;89,22;1889;0;0;0;1;86;14532;348,5;-3,3;0
2022-11-28 20:31:36;-36,79986;-73,0589;15,1;89,25;1889;0;0;0;1;86;14532;348,5;-3,3;0
2022-11-28 20:32:06;-36,79986;-73,0589;15,1;89,26;1889;0;0;0;1;86;14532;348,5;-3,2;0
2022-11-28 20:32:36;-36,79986;-73,0589;15,1;89,29;1889;0;0;0;1;86;14532;348,5;-3,3;0
2022-11-28 20:33:06;-36,79986;-73,0589;15,1;89,3;1889;0;0;0;1;86;14532;348,6;-3,3;0
2022-11-28 20:33:36;-36,79986;-73,0589;15,1;89,32;1889;0;0;0;1;86;14532;348,5;-3,3;0
2022-11-28 20:34:06;-36,79986;-73,0589;15,1;89,34;1889;0;0;0;1;86;14532;348,6;-3,3;0
2022-11-28 20:34:36;-36,79986;-73,0589;15,1;89,36;1889;0;0;0;1;86;14532;348,5;-3,3;0
2022-11-28 20:35:06;-36,79986;-73,0589;15,1;89,38;1889;0;0;0;1;86;14532;348,5;-3,3;0
2022-11-28 20:35:36;-36,79986;-73,0589;15,1;89,4;1889;0;0;0;1;86;14532;348,6;-3,3;0
2022-11-28 20:36:06;-36,79986;-73,0589;15,1;89,43;1889;0;0;0;1;86;14532;348,6;-3,2;0
2022-11-28 20:36:36;-36,79986;-73,0589;15,1;89,44;1889;0;0;0;1;86;14532;348,6;-3,3;0
2022-11-28 20:37:06;-36,79986;-73,0589;15,1;89,46;1889;0;0;0;1;86;14532;348,5;-3,3;0
2022-11-28 20:37:36;-36,79986;-73,0589;15,1;89,48;1889;0;0;0;1;86;14532;348,6;-3,2;0
2022-11-28 20:38:06;-36,79986;-73,0589;15,1;89,5;1889;0;0;0;1;86;14532;348,6;-3,3;0
2022-11-28 20:38:36;-36,79986;-73,0589;15,1;89,52;1889;0;0;0;1;86;14532;348,6;-3,3;0
2022-11-28 20:39:06;-36,79986;-73,0589;15,1;89,54;1889;0;0;0;1;86;14532;348,6;-3,3;0
2022-11-28 20:39:36;-36,79986;-73,0589;15,1;89,56;1889;0;0;0;1;86;14532;348,6;-3,2;0
2022-11-28 20:40:06;-36,79986;-73,0589;15,1;89,58;1889;0;0;0;1;86;14532;348,6;-3,3;0
2022-11-28 20:40:36;-36,79986;-73,0589;15,1;89,6;1889;0;0;0;1;86;14532;348,6;-3,3;0
2022-11-28 20:41:06;-36,79986;-73,0589;15,1;89,62;1889;0;0;0;1;86;14532;348,6;-3,3;0
2022-11-28 20:41:36;-36,79986;-73,0589;15,1;89,64;1889;0;0;0;1;86;14532;348,6;-3,3;0
2022-11-28 20:42:06;-36,79986;-73,0589;15,1;89,66;1889;0;0;0;1;86;14532;348,6;-3,3;0
2022-11-28 20:42:36;-36,79986;-73,0589;15,1;89,68;1889;0;0;0;1;86;14532;348,6;-3,2;0
2022-11-28 20:43:06;-36,79986;-73,0589;15,1;89,7;1889;0;0;0;1;86;14532;348,6;-3,3;0
2022-11-28 20:43:36;-36,79986;-73,0589;15,1;89,72;1889;0;0;0;1;86;14532;348,6;-3,2;0
2022-11-28 20:44:06;-36,79986;-73,0589;15,1;89,74;1889;0;0;0;1;86;14532;348,6;-3,2;0
2022-11-28 20:44:36;-36,79986;-73,0589;15,1;89,76;1889;0;0;0;1;86;14532;348,6;-3,3;0
2022-11-28 20:45:06;-36,79986;-73,0589;15,1;89,78;1889;0;0;0;1;86;14532;348,8;-3,2;0
2022-11-28 20:45:36;-36,79986;-73,0589;15,1;89,8;1889;0;0;0;1;86;14532;348,6;-3,3;0
2022-11-28 20:46:06;-36,79986;-73,0589;15,1;89,82;1889;0;0;0;1;86;14532;348,6;-3,2;0
2022-11-28 20:46:36;-36,79986;-73,0589;15,1;89,84;1889;0;0;0;1;86;14532;348,6;-3,3;0
2022-11-28 20:47:06;-36,79986;-73,0589;15,1;89,86;1889;0;0;0;1;86;14532;348,8;-3,3;0
2022-11-28 20:47:36;-36,79986;-73,0589;15,1;89,88;1889;0;0;0;1;86;14532;348,6;-3,3;0
2022-11-28 20:48:06;-36,79986;-73,0589;15,1;89,9;1889;0;0;0;1;86;14532;348,8;-3,3;0
2022-11-28 20:48:36;-36,79986;-73,0589;15,1;89,92;1889;0;0;0;1;86;14532;348,6;-3,2;0
2022-11-28 20:49:06;-36,79986;-73,0589;15,1;89,94;1889;0;0;0;1;86;14532;348,8;-3,3;0
2022-11-28 20:49:36;-36,79986;-73,0589;15,1;89,96;1889;0;0;0;1;86;14532;348,6;-3,2;0
2022-11-28 20:50:06;-36,79986;-73,0589;15,1;89,98;1889;0;0;0;1;86;14532;348,8;-3,3;0
2022-11-28 20:50:36;-36,79986;-73,0589;15,1;89,99;1889;0;0;0;1;86;14532;348,8;-3,3;0
2022-11-28 20:51:06;-36,79986;-73,0589;15,1;90;1889;0;0;0;1;86;14532;348,8;-3,3;0
2022-11-28 20:51:36;-36,79986;-73,0589;15,1;90,01;1889;0;0;0;1;86;14532;348,8;-3,3;0
2022-11-28 20:52:06;-36,79986;-73,0589;15,1;90,02;1889;0;0;0;1;86;14532;348,8;-3,3;0
2022-11-28 20:52:36;-36,79986;-73,0589;15,1;90,03;1889;0;0;0;1;86;14532;348,8;-3,2;0
2022-11-28 20:53:06;-36,79986;-73,0589;15,1;90,04;1889;0;0;0;1;86;14532;348,8;-3,3;0
2022-11-28 20:53:36;-36,79986;-73,0589;15,1;90,05;1889;0;0;0;1;86;14532;348,8;-3,3;0
2022-11-28 20:54:06;-36,79986;-73,0589;15,1;90,06;1889;0;0;0;1;86;14532;348,8;-3,2;0
2022-11-28 20:54:36;-36,79986;-73,0589;15,1;90,07;1889;0;0;0;1;86;14532;348,8;-3,2;0
2022-11-28 20:55:06;-36,79986;-73,0589;15,1;90,08;1889;0;0;0;1;86;14532;348,8;-3,2;0
2022-11-28 20:55:36;-36,79986;-73,0589;15,1;90,08;1889;0;0;0;1;86;14532;348,8;-3,2;0
2022-11-28 20:56:06;-36,79986;-73,0589;15,1;90,1;1889;0;0;0;1;86;14532;348,8;-3,2;0
2022-11-28 20:56:36;-36,79986;-73,0589;15,1;90,1;1889;0;0;0;1;86;14532;348,8;-3,3;0
2022-11-28 20:57:06;-36,79986;-73,0589;15,1;90,11;1889;0;0;0;1;86;14532;348,9;-3,3;0
2022-11-28 20:57:36;-36,79986;-73,0589;15,1;90,12;1889;0;0;0;1;86;14532;348,8;-3,3;0
2022-11-28 20:58:06;-36,79986;-73,0589;15,1;90,13;1889;0;0;0;1;86;14532;348,8;-3,3;0
2022-11-28 20:58:36;-36,79986;-73,0589;15,1;90,14;1889;0;0;0;1;86;14532;348,8;-3,2;0
2022-11-28 20:59:06;-36,79986;-73,0589;15,1;90,15;1889;0;0;0;1;86;14532;348,8;-3,3;0
2022-11-28 20:59:36;-36,79986;-73,0589;15,1;90,16;1889;0;0;0;1;86;14532;348,9;-3,2;0
2022-11-28 21:00:06;-36,79986;-73,0589;15,1;90,17;1889;0;0;0;1;86;14532;348,8;-3,2;0
2022-11-28 21:00:36;-36,79986;-73,0589;15,1;90,18;1889;0;0;0;1;86;14532;348,9;-3,2;0
2022-11-28 21:01:06;-36,79986;-73,0589;15,1;90,19;1889;0;0;0;1;86;14532;348,9;-3,2;0
2022-11-28 21:01:36;-36,79986;-73,0589;15,1;90,19;1889;0;0;0;1;86;14532;348,9;-3,2;0
2022-11-28 21:02:06;-36,79986;-73,0589;15,1;90,2;1889;0;0;0;1;86;14532;348,9;-3,2;0
2022-11-28 21:02:36;-36,79986;-73,0589;15,1;90,21;1889;0;0;0;1;86;14532;348,9;-3,2;0
2022-11-28 21:03:06;-36,79986;-73,0589;15,1;90,22;1889;0;0;0;1;86;14532;348,9;-3,3;0
2022-11-28 21:03:36;-36,79986;-73,0589;15,1;90,23;1889;0;0;0;1;86;14532;348,9;-3,2;0
2022-11-28 21:04:06;-36,79986;-73,0589;15,1;90,24;1889;0;0;0;1;86;14532;348,9;-3,3;0
2022-11-28 21:04:36;-36,79986;-73,0589;15,1;90,25;1889;0;0;0;1;86;14532;348,9;-3,2;0
2022-11-28 21:05:06;-36,79986;-73,0589;15,1;90,26;1889;0;0;0;1;86;14532;348,9;-3,3;0
2022-11-28 21:05:36;-36,79986;-73,0589;15,1;90,27;1889;0;0;0;1;86;14532;348,9;-3,3;0
2022-11-28 21:06:06;-36,79986;-73,0589;15,1;90,28;1889;0;0;0;1;86;14532;348,9;-3,2;0
2022-11-28 21:06:36;-36,79986;-73,0589;15,1;90,29;1889;0;0;0;1;86;14532;348,9;-3,2;0
2022-11-28 21:07:06;-36,79986;-73,0589;15,1;90,3;1889;0;0;0;1;86;14532;348,9;-3,3;0
2022-11-28 21:07:36;-36,79986;-73,0589;15,1;90,31;1889;0;0;0;1;86;14532;348,9;-3,3;0
2022-11-28 21:08:06;-36,79986;-73,0589;15,1;90,31;1889;0;0;0;1;86;14532;348,9;-3,2;0
2022-11-28 21:08:36;-36,79986;-73,0589;15,1;90,32;1889;0;0;0;1;86;14532;348,9;-3,2;0
2022-11-28 21:09:06;-36,79986;-73,0589;15,1;90,33;1889;0;0;0;1;86;14532;348,9;-3,3;0
2022-11-28 21:09:36;-36,79986;-73,0589;15,1;90,34;1889;0;0;0;1;86;14532;348,9;-3,3;0
2022-11-28 21:10:06;-36,79986;-73,0589;15,1;90,35;1889;0;0;0;1;86;14532;348,9;-3,2;0
2022-11-28 21:10:36;-36,79986;-73,0589;15,1;90,36;1889;0;0;0;1;86;14532;348,9;-3,2;0
2022-11-28 21:11:06;-36,79986;-73,0589;15,1;90,37;1889;0;0;0;1;86;14532;348,9;-3,3;0
2022-11-28 21:11:36;-36,79986;-73,0589;15,1;90,38;1889;0;0;0;1;86;14532;349,1;-3,2;0
2022-11-28 21:12:06;-36,79986;-73,0589;15,1;90,39;1889;0;0;0;1;86;14532;348,9;-3,3;0
2022-11-28 21:12:36;-36,79986;-73,0589;15,1;90,4;1889;0;0;0;1;86;14532;348,9;-3,3;0
2022-11-28 21:13:06;-36,79986;-73,0589;15,1;90,4;1889;0;0;0;1;86;14532;349,1;-3,3;0
2022-11-28 21:13:36;-36,79986;-73,0589;15,1;90,42;1889;0;0;0;1;86;14532;348,9;-3,2;0
2022-11-28 21:14:06;-36,79986;-73,0589;15,1;90,42;1889;0;0;0;1;86;14532;349,1;-3,3;0
2022-11-28 21:14:36;-36,79986;-73,0589;15,1;90,43;1889;0;0;0;1;86;14532;349,1;-3,2;0
2022-11-28 21:15:06;-36,79986;-73,0589;15,1;90,44;1889;0;0;0;1;86;14532;348,9;-3,2;0
2022-11-28 21:15:36;-36,79986;-73,0589;15,1;90,45;1889;0;0;0;1;86;14532;349,1;-3,3;0
2022-11-28 21:16:06;-36,79986;-73,0589;15,1;90,46;1889;0;0;0;1;86;14532;349,1;-3,2;0
2022-11-28 21:16:36;-36,79986;-73,0589;15,1;90,47;1889;0;0;0;1;86;14532;349,1;-3,3;0
2022-11-28 21:17:06;-36,79986;-73,0589;15,1;90,48;1889;0;0;0;1;86;14532;349,1;-3,2;0
2022-11-28 21:17:36;-36,79986;-73,0589;15,1;90,49;1889;0;0;0;1;86;14532;349,1;-3,2;0
2022-11-28 21:18:06;-36,79986;-73,0589;15,1;90,5;1889;0;0;0;1;86;14532;349,1;-3,2;0
2022-11-28 21:18:36;-36,79986;-73,0589;15,1;90,51;1889;0;0;0;1;86;14532;349,1;-3,3;0
2022-11-28 21:19:06;-36,79986;-73,0589;15,1;90,52;1889;0;0;0;1;86;14532;349,1;-3,3;0
2022-11-28 21:19:36;-36,79986;-73,0589;15,1;90,52;1889;0;0;0;1;86;14532;349,1;-3,2;0
2022-11-28 21:20:06;-36,79986;-73,0589;15,1;90,53;1889;0;0;0;1;86;14532;349,3;-3,3;0
2022-11-28 21:20:36;-36,79986;-73,0589;15,1;90,54;1889;0;0;0;1;86;14532;349,3;-3,3;0
2022-11-28 21:21:06;-36,79986;-73,0589;15,1;90,55;1889;0;0;0;1;86;14532;349,3;-3,3;0
2022-11-28 21:21:36;-36,79986;-73,0589;15,1;90,56;1889;0;0;0;1;86;14532;349,3;-3,3;0
2022-11-28 21:22:06;-36,79986;-73,0589;15,1;90,57;1889;0;0;0;1;86;14532;349,3;-3,3;0
2022-11-28 21:22:33;-36,79986;-73,0589;15,1;90,58;1889;0;0;0;1;86;14532;349,3;-3,3;0
2022-11-28 21:23:03;-36,79986;-73,0589;15,1;90,59;1889;0;0;0;1;86;14532;349,3;-3,3;0
2022-11-28 21:23:36;-36,79986;-73,0589;15,1;90,6;1889;0;0;0;1;86;14532;349,3;-3,3;0
2022-11-28 21:24:06;-36,79986;-73,0589;15,1;90,61;1889;0;0;0;1;86;14532;349,3;-3,3;0
2022-11-28 21:24:36;-36,79986;-73,0589;15,1;90,62;1889;0;0;0;1;86;14532;349,3;-3,2;0
2022-11-28 21:25:06;-36,79986;-73,0589;15,1;90,63;1889;0;0;0;1;86;14532;349,3;-3,2;0
2022-11-28 21:25:36;-36,79986;-73,0589;15,1;90,64;1889;0;0;0;1;86;14532;349,1;-3,2;0
2022-11-28 21:26:06;-36,79986;-73,0589;15,1;90,64;1889;0;0;0;1;86;14532;349,3;-3,2;0
2022-11-28 21:26:33;-36,79986;-73,0589;15,1;90,65;1889;0;0;0;1;86;14532;349,3;-3,2;0
2022-11-28 21:27:06;-36,79986;-73,0589;15,1;90,66;1889;0;0;0;1;86;14532;349,3;-3,3;0
2022-11-28 21:27:36;-36,79986;-73,0589;15,1;90,67;1889;0;0;0;1;86;14532;349,3;-3,3;0
2022-11-28 21:28:06;-36,79986;-73,0589;15,1;90,68;1889;0;0;0;1;86;14532;349,3;-3,3;0
2022-11-28 21:28:36;-36,79986;-73,0589;15,1;90,69;1889;0;0;0;1;86;14532;349,3;-3,3;0
2022-11-28 21:29:06;-36,79986;-73,0589;15,1;90,7;1889;0;0;0;1;86;14532;349,3;-3,3;0
2022-11-28 21:29:33;-36,79986;-73,0589;15,1;90,71;1889;0;0;0;1;86;14532;349,3;-3,2;0
2022-11-28 21:30:06;-36,79986;-73,0589;15,1;90,72;1889;0;0;0;1;86;14532;349,3;-3,2;0
2022-11-28 21:30:36;-36,79986;-73,0589;15,1;90,73;1889;0;0;0;1;86;14532;349,3;-3,3;0
2022-11-28 21:31:06;-36,79986;-73,0589;15,1;90,74;1889;0;0;0;1;86;14532;349,3;-3,3;0
2022-11-28 21:31:36;-36,79986;-73,0589;15,1;90,75;1889;0;0;0;1;86;14532;349,3;-3,3;0
2022-11-28 21:32:06;-36,79986;-73,0589;15,1;90,75;1889;0;0;0;1;86;14532;349,4;-3,3;0
2022-11-28 21:32:33;-36,79986;-73,0589;15,1;90,77;1889;0;0;0;1;86;14532;349,3;-3,2;0
2022-11-28 21:33:06;-36,79986;-73,0589;15,1;90,77;1889;0;0;0;1;86;14532;349,4;-3,2;0
2022-11-28 21:33:36;-36,79986;-73,0589;15,1;90,78;1889;0;0;0;1;86;14532;349,4;-3,3;0
2022-11-28 21:34:06;-36,79986;-73,0589;15,1;90,79;1889;0;0;0;1;86;14532;349,3;-3,2;0
2022-11-28 21:34:36;-36,79986;-73,0589;15,1;90,8;1889;0;0;0;1;86;14532;349,3;-3,2;0
2022-11-28 21:35:06;-36,79986;-73,0589;15,1;90,81;1889;0;0;0;1;86;14532;349,4;-3,3;0
2022-11-28 21:35:33;-36,79986;-73,0589;15,1;90,82;1889;0;0;0;1;86;14532;349,4;-3,3;0
2022-11-28 21:36:06;-36,79986;-73,0589;15,1;90,83;1889;0;0;0;1;86;14532;349,4;-3,3;0
2022-11-28 21:36:36;-36,79986;-73,0589;15,1;90,84;1889;0;0;0;1;86;14532;349,4;-3,3;0
2022-11-28 21:37:06;-36,79986;-73,0589;15,1;90,85;1889;0;0;0;1;86;14532;349,4;-3,3;0
2022-11-28 21:37:36;-36,79986;-73,0589;15,1;90,86;1889;0;0;0;1;86;14532;349,4;-3,3;0
2022-11-28 21:38:06;-36,79986;-73,0589;15,1;90,87;1889;0;0;0;1;86;14532;349,4;-3,3;0
2022-11-28 21:38:36;-36,79986;-73,0589;15,1;90,87;1889;0;0;0;1;86;14532;349,4;-3,3;0
2022-11-28 21:39:06;-36,79986;-73,0589;15,1;90,88;1889;0;0;0;1;86;14532;349,4;-3,3;0
2022-11-28 21:39:36;-36,79986;-73,0589;15,1;90,89;1889;0;0;0;1;86;14532;349,4;-3,3;0
2022-11-28 21:40:06;-36,79986;-73,0589;15,1;90,9;1889;0;0;0;1;86;14532;349,6;-3,3;0
2022-11-28 21:40:33;-36,79986;-73,0589;15,1;90,91;1889;0;0;0;1;86;14532;349,6;-3,3;0
2022-11-28 21:41:06;-36,79986;-73,0589;15,1;90,92;1889;0;0;0;1;86;14532;349,4;-3,3;0
2022-11-28 21:41:36;-36,79986;-73,0589;15,1;90,93;1889;0;0;0;1;86;14532;349,4;-3,3;0
2022-11-28 21:42:06;-36,79986;-73,0589;15,1;90,94;1889;0;0;0;1;86;14532;349,6;-3,3;0
2022-11-28 21:42:36;-36,79986;-73,0589;15,1;90,95;1889;0;0;0;1;86;14532;349,4;-3,3;0
2022-11-28 21:43:06;-36,79986;-73,0589;15,1;90,96;1889;0;0;0;1;86;14532;349,6;-3,3;0
2022-11-28 21:43:33;-36,79986;-73,0589;15,1;90,97;1889;0;0;0;1;86;14532;349,6;-3,3;0
2022-11-28 21:44:06;-36,79986;-73,0589;15,1;90,98;1889;0;0;0;1;86;14532;349,6;-3,2;0
2022-11-28 21:44:36;-36,79986;-73,0589;15,1;90,98;1889;0;0;0;1;86;14532;349,6;-3,3;0
2022-11-28 21:45:06;-36,79986;-73,0589;15,1;91;1889;0;0;0;1;86;14532;349,6;-3,3;0
2022-11-28 21:45:33;-36,79986;-73,0589;15,1;91;1889;0;0;0;1;86;14532;349,6;-3,3;0
2022-11-28 21:46:06;-36,79986;-73,0589;15,1;91,02;1889;0;0;0;1;86;14532;349,6;-3,3;0
2022-11-28 21:46:36;-36,79986;-73,0589;15,1;91,02;1889;0;0;0;1;86;14532;349,6;-3,2;0
2022-11-28 21:47:03;-36,79986;-73,0589;15,1;91,03;1889;0;0;0;1;86;14532;349,6;-3,3;0
2022-11-28 21:47:33;-36,79986;-73,0589;15,1;91,04;1889;0;0;0;1;86;14532;349,6;-3,3;0
2022-11-28 21:48:06;-36,79986;-73,0589;15,1;91,05;1889;0;0;0;1;86;14532;349,6;-3,3;0
2022-11-28 21:48:36;-36,79986;-73,0589;15,1;91,06;1889;0;0;0;1;86;14532;349,6;-3,3;0
2022-11-28 21:49:03;-36,79986;-73,0589;15,1;91,07;1889;0;0;0;1;86;14532;349,6;-3,3;0
2022-11-28 21:49:36;-36,79986;-73,0589;15,1;91,08;1889;0;0;0;1;86;14532;349,6;-3,3;0
2022-11-28 21:50:06;-36,79986;-73,0589;15,1;91,09;1889;0;0;0;1;86;14532;349,6;-3,3;0
2022-11-28 21:50:36;-36,79986;-73,0589;15,1;91,1;1889;0;0;0;1;86;14532;349,6;-3,3;0
2022-11-28 21:51:03;-36,79986;-73,0589;15,1;91,11;1889;0;0;0;1;86;14532;349,6;-3,3;0
2022-11-28 21:51:36;-36,79986;-73,0589;15,1;91,12;1889;0;0;0;1;86;14532;349,6;-3,3;0
2022-11-28 21:52:06;-36,79986;-73,0589;15,1;91,13;1889;0;0;0;1;86;14532;349,6;-3,3;0
2022-11-28 21:52:36;-36,79986;-73,0589;15,1;91,13;1889;0;0;0;1;86;14532;349,6;-3,3;0
2022-11-28 21:53:06;-36,79986;-73,0589;15,1;91,14;1889;0;0;0;1;86;14532;349,7;-3,3;0
2022-11-28 21:53:33;-36,79986;-73,0589;15,1;91,15;1889;0;0;0;1;86;14532;349,7;-3,3;0
2022-11-28 21:54:06;-36,79986;-73,0589;15,1;91,16;1889;0;0;0;1;86;14532;349,7;-3,3;0
2022-11-28 21:54:33;-36,79986;-73,0589;15,1;91,17;1889;0;0;0;1;86;14532;349,7;-3,3;0
2022-11-28 21:55:06;-36,79986;-73,0589;15,1;91,18;1889;0;0;0;1;86;14532;349,7;-3,3;0
2022-11-28 21:55:36;-36,79986;-73,0589;15,1;91,19;1889;0;0;0;1;86;14532;349,7;-3,3;0
2022-11-28 21:56:03;-36,79986;-73,0589;15,1;91,2;1889;0;0;0;1;86;14532;349,6;-3,3;0
2022-11-28 21:56:36;-36,79986;-73,0589;15,1;91,21;1889;0;0;0;1;86;14532;349,7;-3,3;0
2022-11-28 21:57:06;-36,79986;-73,0589;15,1;91,22;1889;0;0;0;1;86;14532;349,7;-3,3;0
2022-11-28 21:57:33;-36,79986;-73,0589;15,1;91,23;1889;0;0;0;1;86;14532;349,7;-3,3;0
2022-11-28 21:58:06;-36,79986;-73,0589;15,1;91,24;1889;0;0;0;1;86;14532;349,7;-3,3;0
2022-11-28 21:58:36;-36,79986;-73,0589;15,1;91,25;1889;0;0;0;1;86;14532;349,7;-3,3;0
2022-11-28 21:59:03;-36,79986;-73,0589;15,1;91,25;1889;0;0;0;1;86;14532;349,7;-3,3;0
2022-11-28 21:59:36;-36,79986;-73,0589;15,1;91,26;1889;0;0;0;1;86;14532;349,7;-3,3;0
2022-11-28 22:00:06;-36,79986;-73,0589;15,1;91,27;1889;0;0;0;1;86;14532;349,7;-3,3;0
2022-11-28 22:00:36;-36,79986;-73,0589;15,1;91,28;1889;0;0;0;1;86;14532;349,7;-3,3;0
2022-11-28 22:01:06;-36,79986;-73,0589;15,1;91,29;1889;0;0;0;1;86;14532;349,7;-3,3;0
2022-11-28 22:01:33;-36,79986;-73,0589;15,1;91,3;1889;0;0;0;1;86;14532;349,9;-3,3;0
2022-11-28 22:02:03;-36,79986;-73,0589;15,1;91,31;1889;0;0;0;1;86;14532;349,7;-3,3;0
2022-11-28 22:02:36;-36,79986;-73,0589;15,1;91,32;1889;0;0;0;1;86;14532;349,7;-3,3;0
2022-11-28 22:03:03;-36,79986;-73,0589;15,1;91,33;1889;0;0;0;1;86;14532;349,7;-3,3;0
2022-11-28 22:03:36;-36,79986;-73,0589;15,1;91,34;1889;0;0;0;1;86;14532;349,7;-3,3;0
2022-11-28 22:04:06;-36,79986;-73,0589;15,1;91,35;1889;0;0;0;1;86;14532;349,7;-3,3;0
2022-11-28 22:04:33;-36,79986;-73,0589;15,1;91,36;1889;0;0;0;1;86;14532;349,7;-3,3;0
2022-11-28 22:05:06;-36,79986;-73,0589;15,1;91,37;1889;0;0;0;1;86;14532;349,9;-3,3;0
2022-11-28 22:05:33;-36,79986;-73,0589;15,1;91,38;1889;0;0;0;1;86;14532;349,9;-3,3;0
2022-11-28 22:06:06;-36,79986;-73,0589;15,1;91,39;1889;0;0;0;1;86;14532;349,7;-3,3;0
2022-11-28 22:06:36;-36,79986;-73,0589;15,1;91,4;1889;0;0;0;1;86;14532;349,9;-3,3;0
2022-11-28 22:07:03;-36,79986;-73,0589;15,1;91,41;1889;0;0;0;1;86;14532;349,7;-3,3;0
2022-11-28 22:07:36;-36,79986;-73,0589;15,1;91,41;1889;0;0;0;1;86;14532;349,9;-3,3;0
2022-11-28 22:08:03;-36,79986;-73,0589;15,1;91,42;1889;0;0;0;1;86;14532;349,9;-3,3;0
2022-11-28 22:08:33;-36,79986;-73,0589;15,1;91,43;1889;0;0;0;1;86;14532;349,9;-3,3;0
2022-11-28 22:09:06;-36,79986;-73,0589;15,1;91,44;1889;0;0;0;1;86;14532;349,7;-3,2;0
2022-11-28 22:09:33;-36,79986;-73,0589;15,1;91,45;1889;0;0;0;1;86;14532;349,9;-3,3;0
2022-11-28 22:10:06;-36,79986;-73,0589;15,1;91,46;1889;0;0;0;1;86;14532;349,7;-3,3;0
2022-11-28 22:10:36;-36,79986;-73,0589;15,1;91,47;1889;0;0;0;1;86;14532;349,9;-3,3;0
2022-11-28 22:11:03;-36,79986;-73,0589;15,1;91,48;1889;0;0;0;1;86;14532;349,7;-3,3;0
2022-11-28 22:11:36;-36,79986;-73,0589;15,1;91,49;1889;0;0;0;1;86;14532;349,9;-3,3;0
2022-11-28 22:12:03;-36,79986;-73,0589;15,1;91,5;1889;0;0;0;1;86;14532;349,9;-3,3;0
2022-11-28 22:12:36;-36,79986;-73,0589;15,1;91,51;1889;0;0;0;1;86;14532;349,9;-3,3;0
2022-11-28 22:13:06;-36,79986;-73,0589;15,1;91,52;1889;0;0;0;1;86;14532;349,9;-3,3;0
2022-11-28 22:13:36;-36,79986;-73,0589;15,1;91,53;1889;0;0;0;1;86;14532;349,9;-3,3;0
2022-11-28 22:14:06;-36,79986;-73,0589;15,1;91,53;1889;0;0;0;1;86;14532;349,9;-3,3;0
2022-11-28 22:14:33;-36,79986;-73,0589;15,1;91,54;1889;0;0;0;1;86;14532;349,9;-3,3;0
2022-11-28 22:15:06;-36,79986;-73,0589;15,1;91,55;1889;0;0;0;1;86;14532;349,9;-3,3;0
2022-11-28 22:15:33;-36,79986;-73,0589;15,1;91,56;1889;0;0;0;1;86;14532;349,9;-3,3;0
2022-11-28 22:16:06;-36,79986;-73,0589;15,1;91,57;1889;0;0;0;1;86;14532;349,9;-3,3;0
2022-11-28 22:16:33;-36,79986;-73,0589;15,1;91,58;1889;0;0;0;1;86;14532;349,9;-3,3;0
2022-11-28 22:17:06;-36,79986;-73,0589;15,1;91,59;1889;0;0;0;1;86;14532;349,9;-3,3;0
2022-11-28 22:17:33;-36,79986;-73,0589;15,1;91,6;1889;0;0;0;1;86;14532;349,9;-3,3;0
2022-11-28 22:18:06;-36,79986;-73,0589;15,1;91,61;1889;0;0;0;1;86;14532;349,9;-3,3;0
2022-11-28 22:18:36;-36,79986;-73,0589;15,1;91,62;1889;0;0;0;1;86;14532;349,9;-3,3;0
2022-11-28 22:19:06;-36,79986;-73,0589;15,1;91,63;1889;0;0;0;1;86;14532;349,9;-3,3;0
2022-11-28 22:19:33;-36,79986;-73,0589;15,1;91,64;1889;0;0;0;1;86;14532;349,9;-3,3;0
2022-11-28 22:20:06;-36,79986;-73,0589;15,1;91,65;1889;0;0;0;1;86;14532;349,9;-3,3;0
2022-11-28 22:20:33;-36,79986;-73,0589;15,1;91,65;1889;0;0;0;1;86;14532;349,9;-3,3;0
2022-11-28 22:21:06;-36,79986;-73,0589;15,1;91,67;1889;0;0;0;1;86;14532;349,9;-3,3;0
2022-11-28 22:21:33;-36,79986;-73,0589;15,1;91,67;1889;0;0;0;1;86;14532;349,9;-3,3;0
2022-11-28 22:22:03;-36,79986;-73,0589;15,1;91,69;1889;0;0;0;1;86;14532;349,9;-3,3;0
2022-11-28 22:22:36;-36,79986;-73,0589;15,1;91,69;1889;0;0;0;1;86;14532;349,9;-3,3;0
2022-11-28 22:23:03;-36,79986;-73,0589;15,1;91,7;1889;0;0;0;1;86;14532;349,9;-3,3;0
2022-11-28 22:23:33;-36,79986;-73,0589;15,1;91,71;1889;0;0;0;1;86;14532;349,9;-3,3;0
2022-11-28 22:24:06;-36,79986;-73,0589;15,1;91,72;1889;0;0;0;1;86;14532;349,9;-3,3;0
2022-11-28 22:24:33;-36,79986;-73,0589;15,1;91,73;1889;0;0;0;1;86;14532;349,9;-3,3;0
2022-11-28 22:25:06;-36,79986;-73,0589;15,1;91,74;1889;0;0;0;1;86;14532;349,9;-3,3;0
2022-11-28 22:25:33;-36,79986;-73,0589;15,1;91,75;1889;0;0;0;1;86;14532;349,9;-3,3;0
2022-11-28 22:26:06;-36,79986;-73,0589;15,1;91,76;1889;0;0;0;1;86;14532;349,9;-3,3;0
2022-11-28 22:26:33;-36,79986;-73,0589;15,1;91,77;1889;0;0;0;1;86;14532;349,9;-3,3;0
2022-11-28 22:27:03;-36,79986;-73,0589;15,1;91,78;1889;0;0;0;1;86;14532;349,9;-3,4;0
2022-11-28 22:27:33;-36,79986;-73,0589;15,1;91,79;1889;0;0;0;1;86;14532;349,9;-3,3;0
2022-11-28 22:28:03;-36,79986;-73,0589;15,1;91,8;1889;0;0;0;1;86;14532;349,9;-3,3;0
2022-11-28 22:28:36;-36,79986;-73,0589;15,1;91,81;1889;0;0;0;1;86;14532;349,9;-3,3;0
2022-11-28 22:29:03;-36,79986;-73,0589;15,1;91,81;1889;0;0;0;1;86;14532;349,9;-3,3;0
2022-11-28 22:29:33;-36,79986;-73,0589;15,1;91,82;1889;0;0;0;1;86;14532;349,9;-3,3;0
2022-11-28 22:30:03;-36,79986;-73,0589;15,1;91,83;1889;0;0;0;1;86;14532;349,9;-3,3;0
2022-11-28 22:30:33;-36,79986;-73,0589;15,1;91,84;1889;0;0;0;1;86;14532;349,9;-3,3;0
2022-11-28 22:31:03;-36,79986;-73,0589;15,1;91,85;1889;0;0;0;1;86;14532;349,9;-3,3;0
2022-11-28 22:31:33;-36,79986;-73,0589;15,1;91,86;1889;0;0;0;1;86;14532;349,9;-3,3;0
2022-11-28 22:32:03;-36,79986;-73,0589;15,1;91,87;1889;0;0;0;1;86;14532;349,9;-3,2;0
2022-11-28 22:32:36;-36,79986;-73,0589;15,1;91,88;1889;0;0;0;1;86;14532;349,9;-3,3;0
2022-11-28 22:33:03;-36,79986;-73,0589;15,1;91,89;1889;0;0;0;1;86;14532;349,9;-3,3;0
2022-11-28 22:33:33;-36,79986;-73,0589;15,1;91,9;1889;0;0;0;1;86;14532;349,9;-3,3;0
2022-11-28 22:34:06;-36,79986;-73,0589;15,1;91,91;1889;0;0;0;1;86;14532;349,9;-3,3;0
2022-11-28 22:34:36;-36,79986;-73,0589;15,1;91,92;1889;0;0;0;1;86;14532;349,9;-3,3;0
2022-11-28 22:35:06;-36,79986;-73,0589;15,1;91,93;1889;0;0;0;1;86;14532;349,9;-3,3;0
2022-11-28 22:35:33;-36,79986;-73,0589;15,1;91,93;1889;0;0;0;1;86;14532;349,9;-3,3;0
2022-11-28 22:36:06;-36,79986;-73,0589;15,1;91,94;1889;0;0;0;1;86;14532;349,9;-3,3;0
2022-11-28 22:36:36;-36,79986;-73,0589;15,1;91,95;1889;0;0;0;1;86;14532;349,9;-3,3;0
2022-11-28 22:37:06;-36,79986;-73,0589;15,1;91,96;1889;0;0;0;1;86;14532;349,9;-3,3;0
2022-11-28 22:37:33;-36,79986;-73,0589;15,1;91,97;1889;0;0;0;1;86;14532;349,9;-3,3;0
2022-11-28 22:38:03;-36,79986;-73,0589;15,1;91,98;1889;0;0;0;1;86;14532;349,9;-3,3;0
2022-11-28 22:38:33;-36,79986;-73,0589;15,1;91,99;1889;0;0;0;1;86;14532;349,9;-3,3;0
2022-11-28 22:39:03;-36,79986;-73,0589;15,1;92;1889;0;0;0;1;86;14532;349,9;-3,3;0
2022-11-28 22:39:36;-36,79986;-73,0589;15,1;92,01;1889;0;0;0;1;86;14532;349,9;-3,3;0
2022-11-28 22:40:03;-36,79986;-73,0589;15,1;92,02;1889;0;0;0;1;86;14532;349,9;-3,3;0
2022-11-28 22:40:36;-36,79986;-73,0589;15,1;92,03;1889;0;0;0;1;86;14532;349,9;-3,3;0
2022-11-28 22:41:03;-36,79986;-73,0589;15,1;92,04;1889;0;0;0;1;86;14532;349,9;-3,3;0
2022-11-28 22:41:33;-36,79986;-73,0589;15,1;92,05;1889;0;0;0;1;86;14532;349,9;-3,3;0
2022-11-28 22:42:06;-36,79986;-73,0589;15,1;92,06;1889;0;0;0;1;86;14532;350;-3,3;0
2022-11-28 22:42:33;-36,79986;-73,0589;15,1;92,07;1889;0;0;0;1;86;14532;349,9;-3,3;0
2022-11-28 22:43:03;-36,79986;-73,0589;15,1;92,08;1889;0;0;0;1;86;14532;349,9;-3,3;0
2022-11-28 22:43:33;-36,79986;-73,0589;15,1;92,09;1889;0;0;0;1;86;14532;349,9;-3,3;0
2022-11-28 22:44:03;-36,79986;-73,0589;15,1;92,09;1889;0;0;0;1;86;14532;349,9;-3,3;0
2022-11-28 22:44:36;-36,79986;-73,0589;15,1;92,1;1889;0;0;0;1;86;14532;349,9;-3,3;0
2022-11-28 22:45:03;-36,79986;-73,0589;15,1;92,11;1889;0;0;0;1;86;14532;349,9;-3,3;0
2022-11-28 22:45:33;-36,79986;-73,0589;15,1;92,12;1889;0;0;0;1;86;14532;349,9;-3,3;0
2022-11-28 22:46:03;-36,79986;-73,0589;15,1;92,13;1889;0;0;0;1;86;14532;350;-3,3;0
2022-11-28 22:46:33;-36,79986;-73,0589;15,1;92,14;1889;0;0;0;1;86;14532;349,9;-3,3;0
2022-11-28 22:47:03;-36,79986;-73,0589;15,1;92,15;1889;0;0;0;1;86;14532;349,9;-3,3;0
2022-11-28 22:47:36;-36,79986;-73,0589;15,1;92,16;1889;0;0;0;1;86;14532;349,9;-3,3;0
2022-11-28 22:48:06;-36,79986;-73,0589;15,1;92,17;1889;0;0;0;1;86;14532;349,9;-3,3;0
2022-11-28 22:48:33;-36,79986;-73,0589;15,1;92,18;1889;0;0;0;1;86;14532;350;-3,3;0
2022-11-28 22:49:03;-36,79986;-73,0589;15,1;92,19;1889;0;0;0;1;86;14532;349,9;-3,3;0
2022-11-28 22:49:33;-36,79986;-73,0589;15,1;92,2;1889;0;0;0;1;86;14532;349,9;-3,3;0
2022-11-28 22:50:03;-36,79986;-73,0589;15,1;92,21;1889;0;0;0;1;86;14532;349,9;-3,3;0
2022-11-28 22:50:33;-36,79986;-73,0589;15,1;92,21;1889;0;0;0;1;86;14532;349,9;-3,3;0
2022-11-28 22:51:03;-36,79986;-73,0589;15,1;92,22;1889;0;0;0;1;86;14532;349,9;-3,3;0
2022-11-28 22:51:33;-36,79986;-73,0589;15,1;92,23;1889;0;0;0;1;86;14532;349,9;-3,3;0
2022-11-28 22:52:03;-36,79986;-73,0589;15,1;92,24;1889;0;0;0;1;86;14532;349,9;-3,3;0
2022-11-28 22:52:36;-36,79986;-73,0589;15,1;92,25;1889;0;0;0;1;86;14532;349,9;-3,3;0
2022-11-28 22:53:03;-36,79986;-73,0589;15,1;92,26;1889;0;0;0;1;86;14532;349,9;-3,3;0
2022-11-28 22:53:33;-36,79986;-73,0589;15,1;92,27;1889;0;0;0;1;86;14532;350;-3,3;0
2022-11-28 22:54:03;-36,79986;-73,0589;15,1;92,28;1889;0;0;0;1;86;14532;350;-3,3;0
2022-11-28 22:54:33;-36,79986;-73,0589;15,1;92,29;1889;0;0;0;1;86;14532;349,9;-3,3;0
2022-11-28 22:55:06;-36,79986;-73,0589;15,1;92,3;1889;0;0;0;1;86;14532;349,9;-3,3;0
2022-11-28 22:55:33;-36,79986;-73,0589;15,1;92,31;1889;0;0;0;1;86;14532;349,9;-3,4;0
2022-11-28 22:56:06;-36,79986;-73,0589;15,1;92,32;1889;0;0;0;1;86;14532;350;-3,3;0
2022-11-28 22:56:33;-36,79986;-73,0589;15,1;92,33;1889;0;0;0;1;86;14532;349,9;-3,3;0
2022-11-28 22:57:03;-36,79986;-73,0589;15,1;92,34;1889;0;0;0;1;86;14532;349,9;-3,3;0
2022-11-28 22:57:33;-36,79986;-73,0589;15,1;92,34;1889;0;0;0;1;86;14532;349,9;-3,3;0
2022-11-28 22:58:06;-36,79986;-73,0589;15,1;92,36;1889;0;0;0;1;86;14532;349,9;-3,3;0
2022-11-28 22:58:33;-36,79986;-73,0589;15,1;92,36;1889;0;0;0;1;86;14532;349,9;-3,3;0
2022-11-28 22:59:06;-36,79986;-73,0589;15,1;92,37;1889;0;0;0;1;86;14532;349,9;-3,3;0
2022-11-28 22:59:33;-36,79986;-73,0589;15,1;92,38;1889;0;0;0;1;86;14532;349,9;-3,3;0
2022-11-28 23:00:03;-36,79986;-73,0589;15,1;92,39;1889;0;0;0;1;86;14532;349,9;-3,3;0
2022-11-28 23:00:33;-36,79986;-73,0589;15,1;92,4;1889;0;0;0;1;86;14532;350;-3,3;0
2022-11-28 23:01:03;-36,79986;-73,0589;15,1;92,41;1889;0;0;0;1;86;14532;350;-3,3;0
2022-11-28 23:01:33;-36,79986;-73,0589;15,1;92,42;1889;0;0;0;1;86;14532;350;-3,4;0
2022-11-28 23:02:03;-36,79986;-73,0589;15,1;92,43;1889;0;0;0;1;86;14532;349,9;-3,3;0
2022-11-28 23:02:33;-36,79986;-73,0589;15,1;92,44;1889;0;0;0;1;86;14532;350;-3,3;0
2022-11-28 23:03:03;-36,79986;-73,0589;15,1;92,45;1889;0;0;0;1;86;14532;350;-3,3;0
2022-11-28 23:03:33;-36,79986;-73,0589;15,1;92,46;1889;0;0;0;1;86;14532;350;-3,3;0
2022-11-28 23:04:03;-36,79986;-73,0589;15,1;92,47;1889;0;0;0;1;86;14532;349,9;-3,3;0
2022-11-28 23:04:33;-36,79986;-73,0589;15,1;92,48;1889;0;0;0;1;86;14532;350;-3,3;0
2022-11-28 23:05:03;-36,79986;-73,0589;15,1;92,48;1889;0;0;0;1;86;14532;350;-3,3;0
2022-11-28 23:05:33;-36,79986;-73,0589;15,1;92,5;1889;0;0;0;1;86;14532;350;-3,3;0
2022-11-28 23:06:03;-36,79986;-73,0589;15,1;92,5;1889;0;0;0;1;86;14532;350;-3,3;0
2022-11-28 23:06:33;-36,79986;-73,0589;15,1;92,51;1889;0;0;0;1;86;14532;350;-3,3;0
2022-11-28 23:07:03;-36,79986;-73,0589;15,1;92,52;1889;0;0;0;1;86;14532;350;-3,3;0
2022-11-28 23:07:33;-36,79986;-73,0589;15,1;92,53;1889;0;0;0;1;86;14532;350;-3,3;0
2022-11-28 23:08:03;-36,79986;-73,0589;15,1;92,54;1889;0;0;0;1;86;14532;349,9;-3,3;0
2022-11-28 23:08:33;-36,79986;-73,0589;15,1;92,55;1889;0;0;0;1;86;14532;350;-3,3;0
2022-11-28 23:09:03;-36,79986;-73,0589;15,1;92,56;1889;0;0;0;1;86;14532;350;-3,3;0
2022-11-28 23:09:33;-36,79986;-73,0589;15,1;92,57;1889;0;0;0;1;86;14532;349,9;-3,3;0
2022-11-28 23:10:03;-36,79986;-73,0589;15,1;92,58;1889;0;0;0;1;86;14532;350;-3,3;0
2022-11-28 23:10:33;-36,79986;-73,0589;15,1;92,59;1889;0;0;0;1;86;14532;350;-3,3;0
2022-11-28 23:11:03;-36,79986;-73,0589;15,1;92,6;1889;0;0;0;1;86;14532;350;-3,3;0
2022-11-28 23:11:33;-36,79986;-73,0589;15,1;92,61;1889;0;0;0;1;86;14532;350;-3,3;0
2022-11-28 23:12:03;-36,79986;-73,0589;15,1;92,62;1889;0;0;0;1;86;14532;350;-3,3;0
2022-11-28 23:12:33;-36,79986;-73,0589;15,1;92,63;1889;0;0;0;1;86;14532;350;-3,3;0
2022-11-28 23:13:03;-36,79986;-73,0589;15,1;92,63;1889;0;0;0;1;86;14532;350;-3,3;0
2022-11-28 23:13:33;-36,79986;-73,0589;15,1;92,64;1889;0;0;0;1;86;14532;350;-3,3;0
2022-11-28 23:14:03;-36,79986;-73,0589;15,1;92,65;1889;0;0;0;1;86;14532;350;-3,3;0
2022-11-28 23:14:33;-36,79986;-73,0589;15,1;92,66;1889;0;0;0;1;86;14532;350;-3,3;0
2022-11-28 23:15:03;-36,79986;-73,0589;15,1;92,67;1889;0;0;0;1;86;14532;350;-3,3;0
2022-11-28 23:15:33;-36,79986;-73,0589;15,1;92,68;1889;0;0;0;1;86;14532;350;-3,3;0
2022-11-28 23:16:03;-36,79986;-73,0589;15,1;92,69;1889;0;0;0;1;86;14532;350;-3,3;0
2022-11-28 23:16:33;-36,79986;-73,0589;15,1;92,7;1889;0;0;0;1;86;14532;350;-3,3;0
2022-11-28 23:17:03;-36,79986;-73,0589;15,1;92,71;1889;0;0;0;1;86;14532;350;-3,3;0
2022-11-28 23:17:33;-36,79986;-73,0589;15,1;92,72;1889;0;0;0;1;86;14532;350;-3,3;0
2022-11-28 23:18:03;-36,79986;-73,0589;15,1;92,73;1889;0;0;0;1;86;14532;350;-3,4;0
2022-11-28 23:18:33;-36,79986;-73,0589;15,1;92,74;1889;0;0;0;1;86;14532;350;-3,3;0
2022-11-28 23:19:03;-36,79986;-73,0589;15,1;92,75;1889;0;0;0;1;86;14532;350;-3,3;0
2022-11-28 23:19:33;-36,79986;-73,0589;15,1;92,76;1889;0;0;0;1;86;14532;350;-3,3;0
2022-11-28 23:20:03;-36,79986;-73,0589;15,1;92,77;1889;0;0;0;1;86;14532;350;-3,3;0
2022-11-28 23:20:33;-36,79986;-73,0589;15,1;92,77;1889;0;0;0;1;86;14532;350;-3,3;0
2022-11-28 23:21:03;-36,79986;-73,0589;15,1;92,78;1889;0;0;0;1;86;14532;350;-3,3;0
2022-11-28 23:21:33;-36,79986;-73,0589;15,1;92,79;1889;0;0;0;1;86;14532;350,2;-3,3;0
2022-11-28 23:22:03;-36,79986;-73,0589;15,1;92,8;1889;0;0;0;1;86;14532;350,2;-3,3;0
2022-11-28 23:22:33;-36,79986;-73,0589;15,1;92,81;1889;0;0;0;1;86;14532;350,2;-3,3;0
2022-11-28 23:23:03;-36,79986;-73,0589;15,1;92,82;1889;0;0;0;1;86;14532;350,2;-3,3;0
2022-11-28 23:23:33;-36,79986;-73,0589;15,1;92,83;1889;0;0;0;1;86;14532;350;-3,3;0
2022-11-28 23:24:03;-36,79986;-73,0589;15,1;92,84;1889;0;0;0;1;86;14532;350,2;-3,3;0
2022-11-28 23:24:33;-36,79986;-73,0589;15,1;92,85;1889;0;0;0;1;86;14532;350,2;-3,3;0
2022-11-28 23:25:03;-36,79986;-73,0589;15,1;92,86;1889;0;0;0;1;86;14532;350,2;-3,3;0
2022-11-28 23:25:33;-36,79986;-73,0589;15,1;92,87;1889;0;0;0;1;86;14532;350;-3,3;0
2022-11-28 23:26:03;-36,79986;-73,0589;15,1;92,88;1889;0;0;0;1;86;14532;350,2;-3,3;0
2022-11-28 23:26:33;-36,79986;-73,0589;15,1;92,89;1889;0;0;0;1;86;14532;350;-3,3;0
2022-11-28 23:27:03;-36,79986;-73,0589;15,1;92,9;1889;0;0;0;1;86;14532;350,2;-3,3;0
2022-11-28 23:27:33;-36,79986;-73,0589;15,1;92,91;1889;0;0;0;1;86;14532;350;-3,3;0
2022-11-28 23:28:03;-36,79986;-73,0589;15,1;92,92;1889;0;0;0;1;86;14532;350;-3,3;0
2022-11-28 23:28:33;-36,79986;-73,0589;15,1;92,92;1889;0;0;0;1;86;14532;350,2;-3,3;0
2022-11-28 23:29:03;-36,79986;-73,0589;15,1;92,93;1889;0;0;0;1;86;14532;350,2;-3,3;0
2022-11-28 23:29:33;-36,79986;-73,0589;15,1;92,94;1889;0;0;0;1;86;14532;350,2;-3,3;0
2022-11-28 23:30:03;-36,79986;-73,0589;15,1;92,95;1889;0;0;0;1;86;14532;350,2;-3,3;0
2022-11-28 23:30:33;-36,79986;-73,0589;15,1;92,96;1889;0;0;0;1;86;14532;350,2;-3,3;0
2022-11-28 23:31:03;-36,79986;-73,0589;15,1;92,97;1889;0;0;0;1;86;14532;350,2;-3,3;0
2022-11-28 23:31:33;-36,79986;-73,0589;15,1;92,98;1889;0;0;0;1;86;14532;350,2;-3,4;0
2022-11-28 23:32:03;-36,79986;-73,0589;15,1;92,99;1889;0;0;0;1;86;14532;350,2;-3,3;0
2022-11-28 23:32:33;-36,79986;-73,0589;15,1;93;1889;0;0;0;1;86;14532;350,2;-3,3;0
2022-11-28 23:33:03;-36,79986;-73,0589;15,1;93,01;1889;0;0;0;1;86;14532;350,2;-3,3;0
2022-11-28 23:33:33;-36,79986;-73,0589;15,1;93,02;1889;0;0;0;1;86;14532;350,2;-3,3;0
2022-11-28 23:34:03;-36,79986;-73,0589;15,1;93,03;1889;0;0;0;1;86;14532;350,2;-3,3;0
2022-11-28 23:34:33;-36,79986;-73,0589;15,1;93,04;1889;0;0;0;1;86;14532;350,2;-3,3;0
2022-11-28 23:35:03;-36,79986;-73,0589;15,1;93,05;1889;0;0;0;1;86;14532;350,2;-3,3;0
2022-11-28 23:35:33;-36,79986;-73,0589;15,1;93,06;1889;0;0;0;1;86;14532;350,3;-3,3;0
2022-11-28 23:36:03;-36,79986;-73,0589;15,1;93,06;1889;0;0;0;1;86;14532;350,2;-3,3;0
2022-11-28 23:36:33;-36,79986;-73,0589;15,1;93,08;1889;0;0;0;1;86;14532;350,2;-3,3;0
2022-11-28 23:37:03;-36,79986;-73,0589;15,1;93,08;1889;0;0;0;1;86;14532;350,2;-3,3;0
2022-11-28 23:37:33;-36,79986;-73,0589;15,1;93,09;1889;0;0;0;1;86;14532;350,2;-3,4;0
2022-11-28 23:38:03;-36,79986;-73,0589;15,1;93,1;1889;0;0;0;1;86;14532;350,2;-3,3;0
2022-11-28 23:38:33;-36,79986;-73,0589;15,1;93,11;1889;0;0;0;1;86;14532;350,2;-3,3;0
2022-11-28 23:39:03;-36,79986;-73,0589;15,1;93,12;1889;0;0;0;1;86;14532;350,2;-3,3;0
2022-11-28 23:39:33;-36,79986;-73,0589;15,1;93,13;1889;0;0;0;1;86;14532;350,3;-3,3;0
2022-11-28 23:40:03;-36,79986;-73,0589;15,1;93,14;1889;0;0;0;1;86;14532;350,2;-3,3;0
2022-11-28 23:40:33;-36,79986;-73,0589;15,1;93,15;1889;0;0;0;1;86;14532;350,2;-3,4;0
2022-11-28 23:41:03;-36,79986;-73,0589;15,1;93,16;1889;0;0;0;1;86;14532;350,2;-3,4;0
2022-11-28 23:41:33;-36,79986;-73,0589;15,1;93,17;1889;0;0;0;1;86;14532;350,2;-3,3;0
2022-11-28 23:42:03;-36,79986;-73,0589;15,1;93,18;1889;0;0;0;1;86;14532;350,2;-3,3;0
2022-11-28 23:42:33;-36,79986;-73,0589;15,1;93,19;1889;0;0;0;1;86;14532;350,3;-3,3;0
2022-11-28 23:43:03;-36,79986;-73,0589;15,1;93,2;1889;0;0;0;1;86;14532;350,2;-3,4;0
2022-11-28 23:43:33;-36,79986;-73,0589;15,1;93,21;1889;0;0;0;1;86;14532;350,3;-3,3;0
2022-11-28 23:44:03;-36,79986;-73,0589;15,1;93,21;1889;0;0;0;1;86;14532;350,2;-3,4;0
2022-11-28 23:44:33;-36,79986;-73,0589;15,1;93,22;1889;0;0;0;1;86;14532;350,2;-3,3;0
2022-11-28 23:45:03;-36,79986;-73,0589;15,1;93,23;1889;0;0;0;1;86;14532;350,3;-3,3;0
2022-11-28 23:45:33;-36,79986;-73,0589;15,1;93,24;1889;0;0;0;1;86;14532;350,3;-3,4;0
2022-11-28 23:46:03;-36,79986;-73,0589;15,1;93,25;1889;0;0;0;1;86;14532;350,2;-3,3;0
2022-11-28 23:46:33;-36,79986;-73,0589;15,1;93,26;1889;0;0;0;1;86;14532;350,3;-3,3;0
2022-11-28 23:47:03;-36,79986;-73,0589;15,1;93,27;1889;0;0;0;1;86;14532;350,2;-3,3;0
2022-11-28 23:47:33;-36,79986;-73,0589;15,1;93,28;1889;0;0;0;1;86;14532;350,3;-3,4;0
2022-11-28 23:48:03;-36,79986;-73,0589;15,1;93,29;1889;0;0;0;1;86;14532;350,3;-3,3;0
2022-11-28 23:48:33;-36,79986;-73,0589;15,1;93,3;1889;0;0;0;1;86;14532;350,3;-3,3;0
2022-11-28 23:49:03;-36,79986;-73,0589;15,1;93,31;1889;0;0;0;1;86;14532;350,3;-3,3;0
2022-11-28 23:49:33;-36,79986;-73,0589;15,1;93,32;1889;0;0;0;1;86;14532;350,3;-3,3;0
2022-11-28 23:50:03;-36,79986;-73,0589;15,1;93,33;1889;0;0;0;1;86;14532;350,3;-3,3;0
2022-11-28 23:50:33;-36,79986;-73,0589;15,1;93,34;1889;0;0;0;1;86;14532;350,3;-3,4;0
2022-11-28 23:51:03;-36,79986;-73,0589;15,1;93,35;1889;0;0;0;1;86;14532;350,3;-3,4;0
2022-11-28 23:51:33;-36,79986;-73,0589;15,1;93,36;1889;0;0;0;1;86;14532;350,3;-3,4;0
2022-11-28 23:52:03;-36,79986;-73,0589;15,1;93,37;1889;0;0;0;1;86;14532;350,3;-3,3;0
2022-11-28 23:52:33;-36,79986;-73,0589;15,1;93,37;1889;0;0;0;1;86;14532;350,3;-3,3;0
2022-11-28 23:53:03;-36,79986;-73,0589;15,1;93,38;1889;0;0;0;1;86;14532;350,3;-3,3;0
2022-11-28 23:53:33;-36,79986;-73,0589;15,1;93,39;1889;0;0;0;1;86;14532;350,3;-3,4;0
2022-11-28 23:54:03;-36,79986;-73,0589;15,1;93,4;1889;0;0;0;1;86;14532;350,3;-3,3;0
2022-11-28 23:54:33;-36,79986;-73,0589;15,1;93,41;1889;0;0;0;1;86;14532;350,3;-3,3;0
2022-11-28 23:55:03;-36,79986;-73,0589;15,1;93,42;1889;0;0;0;1;86;14532;350,3;-3,3;0
2022-11-28 23:55:33;-36,79986;-73,0589;15,1;93,43;1889;0;0;0;1;86;14532;350,3;-3,3;0
2022-11-28 23:56:03;-36,79986;-73,0589;15,1;93,44;1889;0;0;0;1;86;14532;350,5;-3,3;0
2022-11-28 23:56:33;-36,79986;-73,0589;15,1;93,45;1889;0;0;0;1;86;14532;350,3;-3,3;0
2022-11-28 23:57:03;-36,79986;-73,0589;15,1;93,46;1889;0;0;0;1;86;14532;350,3;-3,4;0
2022-11-28 23:57:33;-36,79986;-73,0589;15,1;93,47;1889;0;0;0;1;86;14532;350,3;-3,3;0
2022-11-28 23:58:03;-36,79986;-73,0589;15,1;93,48;1889;0;0;0;1;86;14532;350,3;-3,3;0
2022-11-28 23:58:33;-36,79986;-73,0589;15,1;93,49;1889;0;0;0;1;86;14532;350,3;-3,3;0
2022-11-28 23:59:03;-36,79986;-73,0589;15,1;93,5;1889;0;0;0;1;86;14532;350,5;-3,3;0
2022-11-28 23:59:33;-36,79986;-73,0589;15,1;93,51;1889;0;0;0;1;86;14532;350,5;-3,3;0
