fecha_hora;lat;lon;altitud;SOC;odometro;vel;AC;calefaccion;cargando;km_restantes;carga_bat_aux;voltaje;corriente;rpm
2022-11-14 06:11:12;-36,79619;-73,08079;14,7;99,99;764;0;0;0;1;115;12526;349,3;0;0
2022-11-14 06:14:22;-36,79644;-73,08092;16,3;99,99;764;0;0;0;0;225;14405;349,1;1,6;0
2022-11-14 06:14:52;-36,79644;-73,08092;9,4;99,96;764;12;0;0;0;225;14405;347,5;11,6;774
2022-11-14 06:15:22;-36,79655;-73,08122;11,1;99,94;764;8;0;0;0;225;14405;348,2;3;473
2022-11-14 06:15:52;-36,79623;-73,08113;10,5;99,92;764;4;0;0;0;225;14405;347,8;3,2;260
2022-11-14 09:11:28;-36,79623;-73,08113;10,5;99,91;764;0;0;0;0;227;12661;348,5;0;0
2022-11-14 09:11:58;-36,79623;-73,08113;11,2;99,89;764;11;0;0;0;227;12661;347,5;4;644
2022-11-14 09:12:28;-36,79648;-73,08128;5,7;99,87;764;3;0;0;0;227;14532;347,5;1;131
2022-11-14 09:22:19;-36,79657;-73,08091;6,2;99,86;765;0;0;0;0;227;12391;348;0;0
2022-11-14 09:22:48;-36,79657;-73,08091;6,2;99,86;765;0;0;0;0;227;12391;347,8;1,1;0
2022-11-14 09:23:18;-36,79657;-73,08091;6,2;99,84;765;0;0;0;0;227;14405;347,5;1,5;0
2022-11-14 09:23:48;-36,79657;-73,08091;6,2;99,84;765;0;0;0;0;227;14405;347,5;1;0
2022-11-14 09:24:19;-36,79657;-73,08091;6,2;99,82;765;0;0;0;0;227;14405;347,4;0,8;0
2022-11-14 09:24:48;-36,79657;-73,08091;6,2;99,82;765;0;0;0;0;227;14532;347,4;0,7;0
2022-11-14 09:25:18;-36,79657;-73,08091;6,2;99,82;765;0;0;0;0;227;14532;347,4;0,7;0
2022-11-14 09:25:48;-36,79657;-73,08091;6,2;99,81;765;0;0;0;0;227;14532;347,2;0,7;0
2022-11-14 09:26:19;-36,79657;-73,08091;6,2;99,8;765;0;0;0;0;227;14532;347,4;0,7;0
2022-11-14 09:26:48;-36,79657;-73,08091;6,2;99,8;765;0;0;0;0;227;14532;347,2;0,7;0
2022-11-14 09:27:18;-36,79657;-73,08091;6,2;99,8;765;0;0;0;0;227;14532;347,2;0,7;0
2022-11-14 09:27:48;-36,79657;-73,08091;6,2;99,79;765;0;0;0;0;227;14532;347,2;0,7;0
2022-11-14 09:28:18;-36,79657;-73,08091;6,2;99,79;765;0;0;0;0;227;14532;347,1;1;0
2022-11-14 09:28:48;-36,79657;-73,08091;6,2;99,76;765;0;0;0;0;227;14532;346,9;0,8;0
2022-11-14 09:29:18;-36,79696;-73,08142;14,2;99,51;765;56;0;0;0;227;14405;345;-14,4;3381
2022-11-14 09:29:48;-36,79696;-73,08142;9,2;99,21;765;71;0;0;0;227;14532;338,8;39,5;4374
2022-11-14 09:30:18;-36,80167;-73,07857;10;99,15;766;50;0;0;0;227;14532;336,8;78,7;3127
2022-11-14 09:30:48;-36,80278;-73,07434;9,7;99,1;766;16;0;0;0;227;14532;344,6;5,1;948
2022-11-14 09:31:19;-36,80278;-73,07434;9;99,01;766;32;0;0;0;226;14532;336,8;72;2084
2022-11-14 09:31:48;-36,80137;-73,07205;10,5;98,85;766;20;0;0;0;226;14532;336,9;70,1;1373
2022-11-14 09:32:18;-36,79764;-73,06822;11,1;98,46;767;69;0;0;0;225;14532;346,4;-50,4;4144
2022-11-14 09:32:48;-36,79764;-73,06822;12,7;98,5;767;35;0;0;0;225;14532;343,5;-10;2064
2022-11-14 09:33:18;-36,79284;-73,07013;14,8;98,25;767;65;0;0;0;225;14532;339,1;52,7;4052
2022-11-14 09:33:48;-36,79536;-73,06678;18;98,13;768;48;0;0;0;224;14532;343,6;-16,9;2877
2022-11-14 09:34:18;-36,79536;-73,06678;15,5;97,99;768;47;0;0;0;224;14405;338,3;47;2823
2022-11-14 09:34:48;-36,79499;-73,06479;13,6;97,72;769;77;0;0;0;223;14532;338,2;46,5;4786
2022-11-14 09:35:18;-36,79217;-73,06968;13,6;97,73;769;23;0;0;0;223;14405;344,7;2,9;1328
2022-11-14 09:35:49;-36,79217;-73,06968;7;97,69;769;18;0;0;0;223;14532;340,8;33,6;1171
2022-11-14 09:36:18;-36,79239;-73,0688;8;97,67;769;0;0;0;0;223;14532;343,9;3,1;72
2022-11-14 09:47:40;-36,7917;-73,0688;8,3;97,67;769;0;0;0;0;223;12661;345,3;0;0
2022-11-14 09:48:09;-36,7917;-73,0688;20,2;97,64;769;14;0;0;0;223;12661;345,3;1;790
2022-11-14 09:48:39;-36,79198;-73,06916;21,6;97,6;769;7;0;0;0;223;14532;344,9;1;275
2022-11-14 09:49:09;-36,79195;-73,06949;18,9;97,57;769;8;0;0;0;223;14532;341,8;31,5;651
2022-11-14 09:49:39;-36,79195;-73,06949;16,4;97,4;770;36;0;0;0;223;14532;334,2;115,8;2218
2022-11-14 09:50:09;-36,79089;-73,0709;20,7;97,35;770;35;0;0;0;222;14532;339,9;52,3;2222
2022-11-14 09:50:39;-36,79541;-73,06788;21,2;97,09;770;64;0;0;0;222;14532;347,1;-33,2;3867
2022-11-14 09:51:09;-36,79541;-73,06788;16,5;96,89;771;74;0;0;0;222;14532;338,2;56,9;4637
2022-11-14 09:51:39;-36,80122;-73,07165;11,9;96,96;771;33;0;0;0;222;14532;348,6;-61,2;1791
2022-11-14 09:52:09;-36,80363;-73,07629;9,2;96,76;772;29;0;0;0;222;14532;340,3;45,5;1831
2022-11-14 09:52:39;-36,80363;-73,07629;9,3;96,5;772;57;0;0;0;221;14532;343,2;7,1;3448
2022-11-14 09:53:09;-36,79958;-73,07983;12,2;96,38;772;59;0;0;0;221;14532;338,3;45,2;3669
2022-11-14 09:53:39;-36,7966;-73,08098;9,9;96,47;773;0;0;0;0;221;14532;344,3;0,7;0
2022-11-14 10:00:25;-36,79653;-73,08093;10;96,47;773;0;0;0;0;222;12796;345,3;0;0
2022-11-14 10:00:54;-36,79653;-73,08093;10;96,43;773;0;0;0;0;221;14532;345;0,7;0
2022-11-14 10:09:55;-36,79684;-73,08102;15,6;96,43;773;0;0;0;0;221;12526;345,5;0;0
2022-11-14 10:10:24;-36,79684;-73,08102;14,1;96,41;773;0;0;0;0;221;14405;345,2;1,3;0
2022-11-14 10:10:54;-36,79682;-73,08113;14,5;96,32;773;21;0;0;0;221;14405;345,3;-10,1;1212
2022-11-14 10:11:24;-36,79867;-73,08044;14,1;96,24;773;26;0;0;0;221;14405;337,7;64,7;1656
2022-11-14 10:11:54;-36,79867;-73,08044;13,1;96,08;773;43;0;0;0;220;14405;338;24,6;2639
2022-11-14 10:12:24;-36,80267;-73,078;12;95,97;774;46;0;0;0;220;14532;337,5;69,1;2826
2022-11-14 10:12:54;-36,80293;-73,07464;9,2;95,94;774;34;0;0;0;220;14532;343,6;7,7;2058
2022-11-14 10:13:24;-36,80293;-73,07464;7;95,94;774;0;0;0;0;220;14405;344,6;1,4;0
2022-11-14 10:13:54;-36,80186;-73,07283;6,1;95,89;774;0;0;0;0;220;14405;344,6;1,1;0
2022-11-14 10:14:24;-36,79998;-73,07031;6,8;95,72;775;30;0;0;0;220;14532;348,3;-59,8;1710
2022-11-14 10:14:54;-36,79998;-73,07031;9,7;95,53;775;44;0;0;0;220;14532;341,3;34,2;2700
2022-11-14 10:15:24;-36,79635;-73,06783;11,6;95,41;775;46;0;0;0;219;14532;334,1;105,4;2872
2022-11-14 10:15:54;-36,79238;-73,07016;9,7;95,33;776;32;0;0;0;219;14405;341,1;26,8;1921
2022-11-14 10:16:24;-36,79238;-73,07016;13,9;95,08;776;57;0;0;0;219;14532;340,7;78,6;3448
2022-11-14 10:16:54;-36,79562;-73,0663;15,7;95,11;776;35;0;0;0;219;14405;346,6;-29,3;2037
2022-11-14 10:17:24;-36,79369;-73,06473;13,6;94,57;777;91;0;0;0;218;14532;331,7;120,7;5634
2022-11-14 10:17:54;-36,79369;-73,06473;10,8;94,34;777;82;0;0;0;217;14532;354,6;-150,2;4931
2022-11-14 10:18:24;-36,7854;-73,05975;10,7;94,15;778;62;0;0;0;216;14405;333,2;118,4;3851
2022-11-14 10:18:54;-36,779;-73,05717;2,6;94,05;779;53;0;0;0;216;14532;339,6;41,8;3277
2022-11-14 10:19:24;-36,779;-73,05717;-0,1;94,01;779;25;0;0;0;216;14405;343;19,4;1467
2022-11-14 10:19:54;-36,77685;-73,05225;1,1;94;779;3;0;0;0;216;14532;343,9;1,2;183
2022-11-14 10:20:24;-36,77654;-73,05114;1,7;93,98;779;2;0;0;0;216;14405;344,1;1,7;81
2022-11-14 10:20:54;-36,77654;-73,05114;5,9;93,96;779;0;0;0;0;216;14405;343,9;3,4;88
2022-11-14 10:21:24;-36,77658;-73,05127;9,6;93,92;779;8;0;0;0;215;14405;343,3;13,7;538
2022-11-14 10:21:54;-36,77639;-73,05085;7,9;93,8;779;31;0;0;0;215;14405;340,5;40,1;1896
2022-11-14 10:22:24;-36,77639;-73,05085;4,2;93,71;780;33;0;0;0;215;14405;340,2;80,3;2034
2022-11-14 10:22:54;-36,77541;-73,04703;4;93,72;780;0;0;0;0;215;14532;344,4;1;0
2022-11-14 10:23:24;-36,77492;-73,04711;3,8;93,71;780;5;0;0;0;215;14532;344,3;3,3;331
2022-11-14 10:23:54;-36,77492;-73,04711;3,7;93,68;780;2;0;0;0;215;14405;344,6;1,1;0
2022-11-14 10:24:24;-36,77463;-73,04727;4,7;93,6;780;36;0;0;0;215;14405;347,5;-29,3;2024
2022-11-14 10:24:54;-36,77571;-73,04836;8,2;93,52;780;12;0;0;0;215;14532;344,4;0;690
2022-11-14 10:25:24;-36,77571;-73,04836;9,2;93,47;780;0;0;0;0;214;14405;344,4;1,1;0
2022-11-14 10:29:15;-36,77604;-73,05011;9,6;93,47;780;0;0;0;0;214;12931;345,2;1,5;0
2022-11-14 10:29:43;-36,77604;-73,05011;9,6;93,37;780;41;0;0;0;214;14532;340;47,1;2519
2022-11-14 10:30:13;-36,77604;-73,05011;10,4;93,12;781;65;0;0;0;214;14405;336,6;68,5;4083
2022-11-14 10:30:43;-36,77857;-73,05689;10,5;93,12;781;14;0;0;0;214;14532;344,7;0,5;585
2022-11-14 10:31:13;-36,77857;-73,05689;12,4;92,83;782;65;0;0;0;213;14532;339,6;32,1;4030
2022-11-14 10:31:43;-36,78221;-73,05881;7,3;92,49;782;83;0;0;0;213;14532;337,5;51,9;5183
2022-11-14 10:32:13;-36,79049;-73,06236;8,7;92,21;783;87;0;0;0;212;14405;336,4;66;5424
2022-11-14 10:32:43;-36,79049;-73,06236;5,8;92,36;783;39;0;0;0;212;14532;344,9;-16,3;2252
2022-11-14 10:33:13;-36,79612;-73,06687;18;92,01;784;62;0;0;0;212;14405;334,1;98,2;3895
2022-11-14 10:33:43;-36,79742;-73,06215;26,8;91,82;784;52;0;0;0;211;14405;337,1;81;3239
2022-11-14 10:34:13;-36,79742;-73,06215;17,4;91,7;785;63;0;0;0;211;14405;348,2;-56,6;3793
2022-11-14 10:34:43;-36,7994;-73,05496;20,5;91,22;785;89;0;0;0;210;14532;337,1;63,3;5494
2022-11-14 10:35:13;-36,7996;-73,04434;13,5;91,03;786;93;0;0;0;210;14405;337,1;65,9;5808
2022-11-14 10:35:43;-36,7996;-73,04434;22,5;90,83;787;73;0;0;0;209;14532;340,5;7,5;4479
2022-11-14 10:36:13;-36,80633;-73,03615;9,5;90,7;787;82;0;0;0;209;14532;334,6;101;5154
2022-11-14 10:36:43;-36,81135;-73,02663;9,7;90,48;788;75;0;0;0;208;14532;338,9;45,1;4695
2022-11-14 10:37:13;-36,81135;-73,02663;10,3;89,74;789;111;0;0;0;207;14405;328,5;142;6956
2022-11-14 10:37:43;-36,81705;-73,01678;8,8;88,95;790;120;0;0;0;205;14532;333,5;74,4;7447
2022-11-14 10:38:13;-36,82034;-73,00113;15,1;88,56;791;97;0;0;0;204;14532;338;35,8;5944
2022-11-14 10:38:43;-36,82034;-73,00113;10;88,04;792;107;0;0;0;203;14405;337,5;36,7;6588
2022-11-14 10:39:13;-36,81716;-72,98811;8,4;87,61;792;105;0;0;0;202;14405;335,3;66,9;6483
2022-11-14 10:39:43;-36,8122;-72,9758;34,6;86,92;793;99;0;0;0;200;14405;345,3;-67,3;6089
2022-11-14 10:40:13;-36,8122;-72,9758;26,2;86,66;794;95;0;0;0;199;14405;331;125,4;5928
2022-11-14 10:40:43;-36,80319;-72,9691;14,3;86,11;795;112;0;0;0;198;14532;331,6;105,5;6985
2022-11-14 10:41:13;-36,80044;-72,95424;21;85,6;796;100;0;0;0;197;14405;344,7;-46,8;6027
2022-11-14 10:41:43;-36,80044;-72,95424;20,7;85,14;797;98;0;0;0;196;14405;334,9;84;6073
2022-11-14 10:42:13;-36,8064;-72,94359;20,2;84,86;797;81;0;0;0;195;14405;338,6;-1,9;5039
2022-11-14 10:42:43;-36,81342;-72,93657;22,2;84,77;798;69;0;0;0;195;14532;339,6;50,8;4346
2022-11-14 10:43:13;-36,81342;-72,93657;21,9;84,63;799;68;0;0;0;195;14532;339,9;42,9;4188
2022-11-14 10:43:43;-36,81926;-72,93181;21,7;84,44;799;69;0;0;0;194;14532;337,4;79,9;4337
2022-11-14 10:44:13;-36,8255;-72,92914;23,1;84,24;800;73;0;0;0;194;14532;331,6;121,5;4648
2022-11-14 10:44:43;-36,8255;-72,92914;22,3;84,02;800;53;0;0;0;193;14405;351,4;-98,2;3003
2022-11-14 10:45:13;-36,83124;-72,9218;23,1;83,71;801;75;0;0;0;192;14532;341;9,9;4653
2022-11-14 10:45:43;-36,82887;-72,91565;27,2;83,36;801;83;0;0;0;191;14532;332,7;110,3;5227
2022-11-14 10:46:13;-36,82887;-72,91565;28,3;83,05;802;80;0;0;0;190;14532;349,1;-105,2;4714
2022-11-14 10:46:43;-36,82518;-72,90508;36,6;82,78;803;73;0;0;0;190;14532;337,4;54,4;4544
2022-11-14 10:47:13;-36,82464;-72,89771;41,6;82,47;803;67;0;0;0;189;14405;338,8;47;4193
2022-11-14 10:47:43;-36,82464;-72,89771;34,5;82,43;804;56;0;0;0;189;14405;341,8;36,6;3430
2022-11-14 10:48:13;-36,82244;-72,89126;39,7;82,19;804;56;0;0;0;188;14405;336,1;74,3;3429
2022-11-14 10:48:43;-36,82095;-72,88614;59,6;81,95;805;57;0;0;0;188;14532;339,6;19,8;3538
2022-11-14 10:49:13;-36,82095;-72,88614;57,2;81,82;805;61;0;0;0;188;14405;339,1;61,1;3771
2022-11-14 10:49:43;-36,82476;-72,88102;56,7;81,65;806;57;0;0;0;187;14532;348,3;-78,7;3289
2022-11-14 10:50:13;-36,82139;-72,87639;50,4;81,51;806;58;0;0;0;187;14532;340,3;35,7;3538
2022-11-14 10:50:43;-36,82139;-72,87639;67,3;81,28;807;58;0;0;0;187;14405;338,9;100,2;3658
2022-11-14 10:51:13;-36,81791;-72,87234;61,5;81,22;807;58;0;0;0;187;14405;344,7;1,2;3495
2022-11-14 10:51:43;-36,81634;-72,86526;72,5;80,78;808;60;0;0;0;186;14405;337,5;40,9;3747
2022-11-14 10:52:13;-36,81634;-72,86526;68,1;80,7;808;48;0;0;0;185;14405;340,2;32,3;2968
2022-11-14 10:52:43;-36,81497;-72,85863;82,2;80,42;809;54;0;0;0;185;14532;338;48,4;3337
2022-11-14 10:53:13;-36,81353;-72,85235;79,3;80,25;809;60;0;0;0;184;14405;343,6;37;3678
2022-11-14 10:53:43;-36,81353;-72,85235;70,4;80,17;809;56;0;0;0;184;14532;335,5;111;3502
2022-11-14 10:54:13;-36,81061;-72,84711;81,3;79,77;810;79;0;0;0;183;14405;336,1;75,1;4935
2022-11-14 10:54:43;-36,80608;-72,84332;81,4;79,74;811;59;0;0;0;183;14405;343,9;-2;3618
2022-11-14 10:55:13;-36,80608;-72,84332;98,3;79,51;811;65;0;0;0;183;14405;340,7;39,9;3968
2022-11-14 10:55:43;-36,80738;-72,83739;88,1;79,46;811;52;0;0;0;182;14405;342,8;27,5;3188
2022-11-14 10:56:13;-36,81022;-72,83239;93;79,26;812;55;0;0;0;182;14405;341,9;14,9;3352
2022-11-14 11:06:13;-36,81022;-72,83239;254,6;79,26;812;55;0;0;0;182;14318;341,9;14,9;3352
2022-11-14 11:07:25;-36,81022;-72,83239;277,2;78,65;812;90;0;0;0;181;14318;321;-558,9;5741
2022-11-14 11:09:25;-36,81488;-72,8276;229,3;77,86;813;78;0;0;0;179;14318;330,3;83,7;4873
2022-11-14 11:09:25;-36,8155;-72,81642;229,3;77,18;814;70;0;0;0;177;14318;348,8;-0,5;4168
2022-11-14 11:09:31;-36,8155;-72,81642;221,1;77,25;814;64;0;0;0;177;14318;346,6;-53;3875
2022-11-14 11:14:49;-36,81159;-72,80931;247,3;77,34;815;63;0;0;0;177;13097;346,8;-38,4;3875
2022-11-14 11:14:49;-36,80875;-72,80192;247,3;77,5;815;55;0;0;0;177;13097;352,5;-116,6;3140
2022-11-14 11:14:52;-36,80875;-72,80192;247,3;76,94;816;86;0;0;0;176;13097;340;84,7;5295
2022-11-14 11:15:19;-36,81167;-72,79636;247,3;76,62;817;87;0;0;0;176;12962;327,4;195,6;5507
2022-11-14 11:15:22;-36,8148;-72,7863;247,3;76,31;817;63;0;0;0;175;12962;336,6;113,3;3905
2022-11-14 11:15:22;-36,8148;-72,7863;247,3;75,83;818;92;0;0;0;174;12962;326,6;187,8;5777
2022-11-14 11:15:25;-36,81938;-72,77909;247,3;75,24;819;92;0;0;0;172;12962;346,8;-38,3;5570
2022-11-14 11:15:25;-36,82064;-72,7678;247,3;74,9;819;96;0;0;0;171;12962;351,4;-140,7;5764
2022-11-14 11:15:28;-36,82087;-72,76654;247,3;74,76;820;66;0;0;0;171;12962;335,7;134,8;4167
2022-11-14 11:15:28;-36,82063;-72,75317;247,3;74,29;820;75;0;0;0;170;12962;333,5;109,4;4633
2022-11-14 11:15:28;-36,82063;-72,75317;247,3;73,82;821;78;0;0;0;169;12962;340,5;-3;4798
2022-11-14 11:15:31;-36,82197;-72,74573;247,3;73,43;822;81;0;0;0;168;12962;331,6;100,8;5067
2022-11-14 11:15:31;-36,8255;-72,73559;247,3;72,92;822;70;0;0;0;167;12962;336,4;63,4;4307
2022-11-14 11:15:34;-36,8255;-72,73559;247,3;72,44;823;65;0;0;0;166;12962;328,3;137,5;4113
2022-11-14 11:15:34;-36,82532;-72,72859;247,3;72,21;823;12;0;0;0;165;12962;339,1;27,4;579
2022-11-14 11:15:34;-36,82678;-72,72719;247,3;71,89;823;26;0;0;0;164;12962;335,7;70;1626
2022-11-14 11:15:34;-36,82678;-72,72719;247,3;71,44;824;35;0;0;0;163;12962;334,9;69,6;2083
2022-11-14 11:15:34;-36,83012;-72,72598;247,3;71,15;824;39;0;0;0;162;12828;341,6;12,1;2462
2022-11-14 11:15:37;-36,8338;-72,72567;247,3;71,25;824;27;0;0;0;163;12828;343,8;-6,5;1607
2022-11-14 11:15:40;-36,8338;-72,72567;247,3;71,06;824;32;0;0;0;162;12828;340,7;22,6;1896
2022-11-14 11:15:40;-36,83594;-72,72888;247,3;71,06;825;34;0;0;0;162;12828;344,1;-18,4;2038
2022-11-14 11:15:40;-36,83845;-72,73031;247,3;71,25;825;30;0;0;0;163;12828;348,2;-47,6;1749
2022-11-14 11:15:43;-36,83845;-72,73031;247,3;71,52;825;32;0;0;0;163;12828;350;-57,4;1913
2022-11-14 11:15:43;-36,8416;-72,72985;247,3;71,43;825;32;0;0;0;163;12828;342,4;28,3;1865
2022-11-14 11:15:46;-36,84419;-72,72895;247,3;71,22;826;24;0;0;0;163;12828;341,3;32,3;1438
2022-11-14 11:15:49;-36,84419;-72,72895;247,3;70,99;826;33;0;0;0;162;12828;338,2;57,5;2020
2022-11-14 11:15:52;-36,84639;-72,72905;247,3;70,88;826;3;0;0;0;162;12828;342,5;11,2;252
2022-11-14 11:15:52;-36,84685;-72,72913;247,3;70,84;826;0;0;0;0;162;12828;343,9;1;0
2022-11-14 11:15:52;-36,84685;-72,72913;247,3;70,74;826;29;0;0;0;162;12828;341,8;25;1715
2022-11-14 11:15:55;-36,84822;-72,7287;247,3;70,55;826;31;0;0;0;161;12828;341,6;20,2;1937
2022-11-14 11:15:55;-36,85077;-72,72741;247,3;70,48;826;0;0;0;0;161;12828;343,8;0,9;0
2022-11-14 11:15:58;-36,85077;-72,72741;247,3;70,46;826;7;0;0;0;161;12828;344,3;1,1;425
2022-11-14 11:18:10;-36,85123;-72,72806;247,3;70,46;826;0;0;0;0;161;12828;345;0,9;0
2022-11-14 11:18:40;-36,85123;-72,72806;247,3;70,45;827;1;0;0;0;161;14318;344,7;2,6;142
2022-11-14 11:19:10;-36,85123;-72,72806;247,3;70,44;827;0;0;0;0;161;14453;344,7;1,4;0
2022-11-14 11:19:40;-36,85123;-72,72806;247,3;70,42;827;4;0;0;0;161;14318;344,9;2,8;267
2022-11-14 11:20:10;-36,85123;-72,72806;247,3;70,41;827;2;0;0;0;161;14453;344,9;1,3;0
2022-11-14 11:20:40;-36,85123;-72,72806;247,3;70,39;827;8;0;0;0;161;14318;344,1;14;577
2022-11-14 11:21:10;-36,85123;-72,72806;251,7;70,27;827;31;0;0;0;160;14453;342,8;19,3;1905
2022-11-14 11:21:40;-36,85039;-72,72724;243,2;70,28;827;32;0;0;0;160;14453;347,4;-37,9;1954
2022-11-14 11:22:10;-36,84769;-72,72914;237,2;70,29;827;36;0;0;0;160;14453;347,4;-21,2;2141
2022-11-14 11:22:40;-36,84769;-72,72914;213,2;70,46;827;31;0;0;0;161;14453;347,8;-43,6;1893
2022-11-14 11:23:10;-36,84394;-72,72898;199,1;70,55;828;27;0;0;0;161;14453;345,5;9,5;1600
2022-11-14 11:33:10;-36,84394;-72,72898;113,1;70,55;828;27;0;0;0;161;14318;345,5;9,5;1600
2022-11-14 11:43:13;-36,84394;-72,72898;56,7;70,55;828;27;0;0;0;161;14318;345,5;9,5;1600
2022-11-14 11:43:34;-36,84092;-72,73023;63,9;70,09;828;33;0;0;0;160;14318;337,8;92,8;1839
2022-11-14 11:44:52;-36,84092;-72,73023;50,2;69,64;828;34;0;0;0;159;14318;337,7;71,6;2033
2022-11-14 11:46:46;-36,83789;-72,73006;30,7;69,43;828;25;0;0;0;159;14318;339,4;34,4;1524
2022-11-14 11:46:52;-36,83525;-72,72769;27,9;69,3;829;37;0;0;0;158;14318;341,8;24,8;2185
2022-11-14 11:47:10;-36,83525;-72,72769;31,4;68,9;829;41;0;0;0;157;14318;335,7;81,5;2573
2022-11-14 11:47:22;-36,83224;-72,72583;29,6;68,81;829;29;0;0;0;157;14318;345,5;-30;1720
2022-11-14 11:47:25;-36,82864;-72,72649;29,4;68,91;830;40;0;0;0;157;14318;345,2;-6,1;2435
2022-11-14 11:47:31;-36,82864;-72,72649;30,7;69,05;830;9;0;0;0;158;14318;345;1,2;497
2022-11-14 11:47:40;-36,82566;-72,72703;27,7;68,99;830;56;0;0;0;157;14318;346;-11;3434
2022-11-14 11:47:43;-36,82536;-72,73212;26,4;68,96;831;62;0;0;0;157;14318;346;-11,1;3789
2022-11-14 11:47:46;-36,82536;-72,73212;25,3;68,83;831;85;0;0;0;157;14318;338,2;102,7;5319
2022-11-14 11:47:46;-36,82323;-72,73905;25,3;68,66;832;86;0;0;0;157;14318;334,4;123,8;5368
2022-11-14 11:47:49;-36,82128;-72,74899;25,3;68,65;832;67;0;0;0;157;14318;335,2;122;4268
2022-11-14 11:47:49;-36,82128;-72,74899;25,3;68,58;833;65;0;0;0;157;14318;343,9;6,9;3998
2022-11-14 11:47:49;-36,82106;-72,75724;25,3;68,36;834;67;0;0;0;157;14318;333,2;117,7;4246
2022-11-14 11:47:52;-36,82082;-72,76658;25,2;67,94;834;71;0;0;0;149;14318;333,2;88,3;4446
2022-11-14 11:47:52;-36,82082;-72,76658;25,2;67,55;835;96;0;0;0;148;14318;343;92,3;5937
2022-11-14 11:47:52;-36,81921;-72,77783;25,2;67,54;836;62;0;0;0;148;14318;343,8;-13,8;3760
2022-11-14 11:47:55;-36,81555;-72,78535;24,7;67,16;836;92;0;0;0;148;14318;333;112,6;5740
2022-11-14 11:47:55;-36,81555;-72,78535;24,7;66,94;837;58;0;0;0;147;14318;341,8;1,2;3502
2022-11-14 11:47:58;-36,81263;-72,79538;25;66,63;837;82;0;0;0;147;14318;335,7;75,7;5089
2022-11-14 11:47:58;-36,80872;-72,80196;25;65,98;838;75;0;0;0;145;14318;331,9;108,7;4670
2022-11-14 11:47:58;-36,80872;-72,80196;25;65,53;839;57;0;0;0;144;14318;333,6;55,4;3544
2022-11-14 11:48:01;-36,81296;-72,81065;25,9;64,96;839;100;0;0;0;143;14318;333,3;112,5;6241
2022-11-14 11:48:01;-36,81704;-72,81917;25,9;65,06;840;94;0;0;0;143;14318;351,4;-161,3;5708
2022-11-14 11:48:04;-36,81704;-72,81917;27;65,17;841;68;0;0;0;143;14318;351,6;-125,1;4119
2022-11-14 11:48:04;-36,81408;-72,82957;27;65,1;841;56;0;0;0;143;14318;343,8;-37,8;3366
2022-11-14 11:48:04;-36,80849;-72,83371;27;64,86;842;57;0;0;0;143;14318;338,2;84,9;3500
2022-11-14 11:48:07;-36,80849;-72,83371;27,5;64,63;842;55;0;0;0;142;14318;333,6;52,2;3460
2022-11-14 11:48:07;-36,80854;-72,84188;27,5;64,19;843;79;0;0;0;141;14318;331,6;126,1;4922
2022-11-14 11:48:07;-36,80818;-72,84742;27,5;64,03;843;70;0;0;0;141;14318;352,5;-146,5;4097
2022-11-14 11:48:10;-36,80818;-72,84742;28,1;63,53;844;84;0;0;0;140;14318;328,2;200,2;5278
2022-11-14 11:48:10;-36,81298;-72,85107;28,1;63,44;845;70;0;0;0;139;14318;350,3;-128,5;4154
2022-11-14 11:48:10;-36,81538;-72,85884;28,1;63,07;845;90;0;0;0;139;14318;339,9;62,3;5521
2022-11-14 11:48:10;-36,81538;-72,85884;28,1;63,01;846;75;0;0;0;138;14318;350,5;-137,6;4545
2022-11-14 11:48:13;-36,81733;-72,86626;28,4;62,74;846;74;0;0;0;138;14318;347,8;-78,7;4453
2022-11-14 11:48:13;-36,81749;-72,87328;28,4;62,73;847;47;0;0;0;137;14318;341,4;5,6;2881
2022-11-14 11:48:16;-36,81749;-72,87328;29,3;62,59;847;63;0;0;0;137;14318;336;83,1;3931
2022-11-14 11:48:16;-36,82174;-72,87637;29,3;62,42;848;70;0;0;0;136;14318;342,7;-26,8;4272
2022-11-14 11:48:16;-36,82466;-72,8818;29,3;62,33;848;60;0;0;0;136;14318;338,6;44,2;3681
2022-11-14 11:48:19;-36,82466;-72,8818;29,1;62,11;849;63;0;0;0;136;14318;340,3;20,8;3915
2022-11-14 11:48:19;-36,8204;-72,88684;29,1;62,16;849;60;0;0;0;136;14318;349,1;-94,9;3590
2022-11-14 11:48:19;-36,82321;-72,89265;29,1;62,02;850;59;0;0;0;136;14318;338,3;48,3;3609
2022-11-14 11:48:22;-36,82321;-72,89265;29,2;61,83;850;69;0;0;0;135;14318;342,2;-0,8;4259
2022-11-14 11:48:22;-36,8236;-72,89925;29,2;61,75;851;58;0;0;0;135;14318;340,2;25,1;3573
2022-11-14 11:48:22;-36,82538;-72,90565;29,2;61,63;851;61;0;0;0;135;14318;339,9;26,8;3782
2022-11-14 11:48:28;-36,82538;-72,90565;30,4;61,26;852;76;0;0;0;134;14318;341;20,1;4713
2022-11-14 11:48:28;-36,82865;-72,91538;30,4;61,12;852;60;0;0;0;133;14318;338;54,7;3703
2022-11-14 11:48:31;-36,82913;-72,92328;29,8;60,54;853;103;0;0;0;132;14318;334,1;83,3;6422
2022-11-14 11:48:31;-36,82913;-72,92328;29,8;60,17;854;98;0;0;0;131;14318;335,5;62,2;6098
2022-11-14 11:48:40;-36,82913;-72,92328;28;59,83;855;93;0;0;0;130;14318;336;39;5786
2022-11-14 11:49:10;-36,8133;-72,93662;25,6;59,44;855;98;0;0;0;129;14318;334,2;81,5;6107
2022-11-14 11:49:40;-36,8133;-72,93662;27,3;59,14;856;88;0;0;0;129;14318;334,6;84,3;5467
2022-11-14 11:50:10;-36,80492;-72,94434;30,5;58,78;857;83;0;0;0;128;14318;337,5;37;5189
2022-11-14 11:50:40;-36,80033;-72,95323;19,9;58,21;858;108;0;0;0;127;14318;335,2;62,8;6710
2022-11-14 11:51:10;-36,80033;-72,95323;21,9;57,99;858;71;0;0;0;126;14318;339,9;49,3;4365
2022-11-14 11:51:40;-36,80205;-72,96666;22,4;57,53;859;96;0;0;0;125;14318;334,6;83,2;5968
2022-11-14 11:52:10;-36,80877;-72,97301;32,9;56,92;860;105;0;0;0;124;14318;339,4;-9,9;6549
2022-11-14 11:52:40;-36,80877;-72,97301;12,6;56,67;861;104;0;0;0;123;14318;330,5;130,9;6467
2022-11-14 11:53:10;-36,81487;-72,98402;8,5;56,28;861;104;0;0;0;122;14318;336,1;46,1;6424
2022-11-14 11:53:40;-36,82086;-72,99568;7,4;55,98;862;100;0;0;0;122;14318;331,9;100;6192
2022-11-14 11:54:10;-36,82086;-72,99568;9,1;55,42;863;105;0;0;0;121;14318;333,6;74,1;6520
2022-11-14 11:54:40;-36,81863;-73,00871;9,7;55,1;864;89;0;0;0;120;14318;337,7;31,7;5492
2022-11-14 11:55:10;-36,81424;-73,02149;7,7;54,7;865;90;0;0;0;120;14318;340,7;-19,6;5528
2022-11-14 11:55:40;-36,81424;-73,02149;8,8;54,9;865;0;0;0;0;120;14318;341,3;2,2;0
2022-11-14 11:56:10;-36,81092;-73,02695;9,5;54,72;865;37;0;0;0;120;14318;345,7;-82,8;2086
2022-11-14 11:56:40;-36,81378;-73,0304;6,6;54,38;866;63;0;0;0;119;14318;348,2;-115,6;3706
2022-11-14 11:57:10;-36,81378;-73,0304;10,1;54,42;866;25;0;0;0;119;14318;340,7;4,9;1456
2022-11-14 11:57:40;-36,81564;-73,03376;10,2;54,33;866;36;0;0;0;119;14318;338,9;50,7;2218
2022-11-14 11:58:10;-36,81714;-73,03727;15,5;54,25;866;34;0;0;0;119;14318;342,4;-20,4;2010
2022-11-14 11:58:40;-36,81714;-73,03727;17,5;54,13;867;46;0;0;0;118;14318;335,2;84,5;2882
2022-11-14 11:59:10;-36,81878;-73,04125;20,2;54,12;867;19;0;0;0;118;14318;341,6;1;1134
2022-11-14 11:59:40;-36,81976;-73,04394;20;54,12;867;0;0;0;0;118;14318;341,8;2,4;0
2022-11-14 12:00:10;-36,81976;-73,04394;16,7;53,92;867;47;0;0;0;118;14318;343,2;-87,2;2823
2022-11-14 12:00:40;-36,81839;-73,04523;16,7;53,84;867;46;0;0;0;118;14318;337,4;33,8;2828
2022-11-14 12:01:10;-36,81447;-73,04768;18,4;53,85;868;0;0;0;0;118;14318;341,6;1,8;0
2022-11-14 12:01:40;-36,81447;-73,04768;18,7;53,75;868;12;0;0;0;117;14318;341,6;0,5;667
2022-11-14 12:02:10;-36,81441;-73,04938;18,4;53,61;868;48;0;0;0;117;14318;337,7;31,3;2904
2022-11-14 12:02:40;-36,81674;-73,04798;18;53,56;868;10;0;0;0;123;14318;341,4;1,5;514
2022-11-14 12:03:10;-36,81674;-73,04798;16,2;53,55;868;0;0;0;0;123;14453;341,8;1;0
2022-11-14 12:03:40;-36,81738;-73,04761;13,9;53,53;868;12;0;0;0;123;14453;341,9;-0,9;707
2022-11-14 12:04:10;-36,81821;-73,0471;14,5;53,53;868;2;0;0;0;123;14453;341,9;1,2;138
2022-11-14 12:07:43;-36,81803;-73,04715;13,1;53,51;868;0;0;0;0;123;12828;342,4;0;0
2022-11-14 12:08:13;-36,81803;-73,04715;15,5;53,45;868;15;0;0;0;122;14453;342,4;-6;833
2022-11-14 12:08:43;-36,81728;-73,04667;15,2;53,44;868;0;0;0;0;122;14453;342,2;1;0
2022-11-14 12:09:13;-36,81728;-73,04667;14,9;53,24;869;60;0;0;0;122;14453;337,4;69,5;3697
2022-11-14 12:09:43;-36,81612;-73,04665;17,2;53,31;869;0;0;0;0;122;14453;342,1;0,8;0
2022-11-14 12:10:13;-36,81391;-73,04804;17,2;53,3;869;0;0;0;0;122;14453;342,2;0,8;0
2022-11-14 12:10:43;-36,81391;-73,04804;17,6;53,22;869;36;0;0;0;122;14453;343,2;-23,9;2124
2022-11-14 12:11:13;-36,81404;-73,04865;16,6;53,23;869;0;0;0;0;122;14453;342,2;0,7;0
2022-11-14 12:11:43;-36,81449;-73,04984;13,8;53,14;869;19;0;0;0;122;14453;343;-16,8;1055
2022-11-14 12:12:13;-36,81449;-73,04984;16,3;52,95;869;51;0;0;0;121;14453;345,3;-64,5;2902
2022-11-14 12:12:43;-36,81613;-73,05391;16;52,89;870;45;0;0;0;121;14453;336,1;75,4;2836
2022-11-14 12:13:13;-36,81544;-73,05679;13,9;52,79;870;32;0;0;0;121;14453;345,2;-50,5;1713
2022-11-14 12:13:43;-36,81544;-73,05679;8,2;52,74;870;44;0;0;0;121;14453;343,6;-27,8;2692
2022-11-14 12:14:13;-36,81294;-73,05842;8,7;52,73;870;26;0;0;0;121;14453;338,6;41,6;1629
2022-11-14 12:14:43;-36,80948;-73,05936;8;52,36;871;66;0;0;0;120;14453;333,9;93,4;4046
2022-11-14 12:15:13;-36,80948;-73,05936;18,1;52,28;871;36;0;0;0;120;14453;339,7;18,6;2191
2022-11-14 12:28:34;-36,80789;-73,06327;19,5;52,28;871;0;0;0;0;120;12415;342,5;0;0
2022-11-14 12:29:04;-36,80789;-73,06327;16,5;52,28;871;0;0;0;0;120;12415;342,4;0,8;0
2022-11-14 12:29:34;-36,80789;-73,06331;15;52,19;871;27;0;0;0;120;14453;339,1;41;1643
2022-11-14 12:30:04;-36,80779;-73,06643;17,3;52,12;872;0;0;0;0;119;14453;342,1;0,9;0
2022-11-14 12:30:34;-36,80779;-73,06643;9,2;52,08;872;39;0;0;0;119;14453;346,1;-64,7;2267
2022-11-14 12:31:04;-36,80863;-73,06751;7,3;51,89;872;51;0;0;0;119;14453;344,4;-58,8;3029
2022-11-14 12:31:34;-36,80781;-73,07097;8,3;51,78;872;43;0;0;0;119;14453;338,9;33,8;2622
2022-11-14 12:32:04;-36,80781;-73,07097;6,9;51,7;872;39;0;0;0;118;14453;336,4;74,1;2458
2022-11-14 12:32:34;-36,80551;-73,07509;3,4;51,63;873;42;0;0;0;118;14453;334,7;96,9;2589
2022-11-14 12:33:04;-36,80101;-73,07899;4,2;51,37;873;63;0;0;0;118;14453;344,9;-70,6;3786
2022-11-14 12:33:34;-36,80101;-73,07899;4,6;51,3;874;54;0;0;0;118;14453;339,4;24;3326
2022-11-14 12:34:04;-36,79691;-73,08143;3,8;51,35;874;13;0;0;0;118;14453;341,8;-1;629
2022-11-14 12:39:07;-36,79657;-73,08092;4,1;51,35;874;0;0;0;0;118;12550;342,4;0;0
2022-11-14 12:39:37;-36,79657;-73,08092;4,1;51,32;874;16;0;0;0;118;14453;342,5;-7,5;947
2022-11-14 12:40:07;-36,79657;-73,08092;8,6;51,29;874;0;0;0;0;117;14318;341,6;2,9;0
2022-11-14 12:40:37;-36,79859;-73,0805;9;51,07;874;42;0;0;0;117;14453;331,4;145,7;2635
2022-11-14 12:41:07;-36,79859;-73,0805;8,7;50,86;875;41;0;0;0;117;14453;336;86,6;2563
2022-11-14 12:41:37;-36,80316;-73,07767;9,1;50,85;875;16;0;0;0;116;14453;339,1;35,1;1030
2022-11-14 12:42:07;-36,80311;-73,0749;7,6;50,68;875;40;0;0;0;116;14453;343,8;-7,7;2350
2022-11-14 12:42:37;-36,80311;-73,0749;7,3;50,7;875;9;0;0;0;116;14453;341,3;4,4;575
2022-11-14 12:43:07;-36,80187;-73,07279;7,1;50,65;875;24;0;0;0;116;14453;337,8;50,8;1544
2022-11-14 12:43:37;-36,80028;-73,07066;6,7;50,61;876;2;0;0;0;116;14453;341,8;0,8;150
2022-11-14 12:44:07;-36,80028;-73,07066;7;50,56;876;15;0;0;0;116;14453;340,5;21,8;945
2022-11-14 12:44:37;-36,79936;-73,06996;7,3;50,55;876;1;0;0;0;116;14453;341,8;0,9;0
2022-11-14 12:45:07;-36,79848;-73,06942;9,8;50,38;876;35;0;0;0;115;14453;344,4;-50,1;2026
2022-11-14 12:45:37;-36,79848;-73,06942;10,8;50,36;876;15;0;0;0;115;14453;341,9;-5,6;884
2022-11-14 12:46:07;-36,79606;-73,06919;12,1;50,35;876;2;0;0;0;115;14453;341,6;4,3;204
2022-11-14 12:46:37;-36,79595;-73,0692;10,8;50,35;876;1;0;0;0;115;14453;341,8;2,5;94
2022-11-14 12:47:07;-36,79595;-73,0692;11,2;50,32;876;0;0;0;0;115;14453;341,4;5,3;0
2022-11-14 12:47:37;-36,7959;-73,06919;10,7;50,31;876;0;0;0;0;115;14453;341,3;2;0
2022-11-14 12:48:07;-36,79575;-73,0691;13,1;50,3;876;5;0;0;0;115;14453;341,8;3,2;307
2022-11-14 12:48:37;-36,79575;-73,0691;12,5;50,28;876;0;0;0;0;115;14453;341,9;0,7;0
2022-11-14 12:50:16;-36,79567;-73,06916;12,7;50,27;876;0;0;0;1;115;12962;342,2;2,7;0
2022-11-14 12:50:46;-36,79567;-73,06916;12,7;50,28;876;0;0;0;1;115;14453;342,4;-4,5;0
2022-11-14 12:51:16;-36,79567;-73,06916;12,7;50,3;876;0;0;0;1;115;14453;342,7;-0,5;0
2022-11-14 12:51:46;-36,79567;-73,06916;12,7;50,32;876;0;0;0;1;115;14453;342,5;-2;0
2022-11-14 12:52:16;-36,79567;-73,06916;12,7;50,32;876;0;0;0;1;115;14453;342,7;-5,1;0
2022-11-14 12:52:46;-36,79567;-73,06916;12,7;50,34;876;0;0;0;1;115;14453;342,4;-3,8;0
2022-11-14 12:53:16;-36,79567;-73,06916;12,7;50,36;876;0;0;0;1;115;14453;342,7;-2;0
2022-11-14 12:53:46;-36,79567;-73,06916;12,7;50,37;876;0;0;0;1;115;14453;342,8;-4,3;0
2022-11-14 12:54:16;-36,79567;-73,06916;12,7;50,39;876;0;0;0;1;115;14453;342,5;-7,1;0
2022-11-14 12:54:46;-36,79567;-73,06916;12,7;50,41;876;0;0;0;1;115;14453;342,8;-5;0
2022-11-14 12:55:16;-36,79567;-73,06916;12,7;50,42;876;0;0;0;1;115;14453;342,7;-2,5;0
2022-11-14 12:55:46;-36,79567;-73,06916;12,7;50,44;876;0;0;0;1;115;14453;342,8;-3,8;0
2022-11-14 12:56:16;-36,79567;-73,06916;12,7;50,46;876;0;0;0;1;115;14453;342,7;-4,8;0
2022-11-14 12:56:46;-36,79567;-73,06916;12,7;50,48;876;0;0;0;1;115;14453;342,7;0,1;0
2022-11-14 12:57:16;-36,79567;-73,06916;12,7;50,49;876;0;0;0;1;115;14453;342,8;-2;0
2022-11-14 12:57:46;-36,79567;-73,06916;12,7;50,51;876;0;0;0;1;115;14453;342,7;0;0
2022-11-14 12:58:16;-36,79567;-73,06916;12,7;50,53;876;0;0;0;1;115;14453;342,7;-5,2;0
2022-11-14 12:58:46;-36,79567;-73,06916;12,7;50,54;876;0;0;0;1;115;14453;343;-1,9;0
2022-11-14 12:59:16;-36,79567;-73,06916;12,7;50,56;876;0;0;0;1;115;14453;342,7;-4,2;0
2022-11-14 12:59:46;-36,79567;-73,06916;12,7;50,57;876;0;0;0;1;115;14453;342,7;-6,1;0
2022-11-14 13:00:16;-36,79567;-73,06916;12,7;50,58;876;0;0;0;1;115;14453;343;-3,9;0
2022-11-14 13:00:46;-36,79567;-73,06916;12,7;50,6;876;0;0;0;1;115;14453;342,7;-0,2;0
2022-11-14 13:01:16;-36,79567;-73,06916;12,7;50,62;876;0;0;0;1;115;14453;342,8;-1,3;0
2022-11-14 13:01:46;-36,79567;-73,06916;12,7;50,63;876;0;0;0;1;115;14453;342,8;-1,3;0
2022-11-14 13:02:16;-36,79567;-73,06916;12,7;50,65;876;0;0;0;1;115;14453;343,2;-5;0
2022-11-14 13:02:46;-36,79567;-73,06916;12,7;50,67;876;0;0;0;1;115;14453;343,2;0;0
2022-11-14 13:03:16;-36,79567;-73,06916;12,7;50,69;876;0;0;0;1;115;14453;343,2;-6,9;0
2022-11-14 13:03:46;-36,79567;-73,06916;12,7;50,71;876;0;0;0;1;115;14453;343;-1,7;0
2022-11-14 13:04:16;-36,79567;-73,06916;12,7;50,72;876;0;0;0;1;115;14453;342,8;-0,6;0
2022-11-14 13:04:46;-36,79567;-73,06916;12,7;50,74;876;0;0;0;1;115;14453;343,2;-6;0
2022-11-14 13:05:16;-36,79567;-73,06916;12,7;50,75;876;0;0;0;1;115;14453;343,2;-5,6;0
2022-11-14 13:05:46;-36,79567;-73,06916;12,7;50,77;876;0;0;0;1;115;14453;343,2;-4,1;0
2022-11-14 13:06:16;-36,79567;-73,06916;12,7;50,79;876;0;0;0;1;115;14453;343,3;-4,6;0
2022-11-14 13:08:52;-36,79567;-73,06916;12,7;50,79;876;0;0;0;1;115;12828;342,7;0;0
2022-11-14 13:09:22;-36,79567;-73,06916;12,7;50,8;876;0;0;0;1;115;14453;342,8;0;0
2022-11-14 13:09:52;-36,79567;-73,06916;12,7;50,82;876;0;0;0;1;115;14453;342,8;-2,5;0
2022-11-14 13:10:22;-36,79567;-73,06916;12,7;50,83;876;0;0;0;1;115;14453;342,8;-1,4;0
2022-11-14 13:10:52;-36,79567;-73,06916;12,7;50,85;876;0;0;0;1;115;14453;343;-1,7;0
2022-11-14 13:11:22;-36,79567;-73,06916;12,7;50,87;876;0;0;0;1;115;14453;343,3;-3,7;0
2022-11-14 13:11:52;-36,79567;-73,06916;12,7;50,88;876;0;0;0;1;115;14453;343;-2;0
2022-11-14 13:12:22;-36,79567;-73,06916;12,7;50,9;876;0;0;0;1;115;14453;343,2;-3,9;0
2022-11-14 13:12:52;-36,79567;-73,06916;12,7;50,92;876;0;0;0;1;115;14453;343;-6;0
2022-11-14 13:13:22;-36,79567;-73,06916;12,7;50,94;876;0;0;0;1;115;14453;343;-3,5;0
2022-11-14 13:13:52;-36,79567;-73,06916;12,7;50,96;876;0;0;0;1;115;14453;343;-3,9;0
2022-11-14 13:14:22;-36,79567;-73,06916;12,7;50,97;876;0;0;0;1;115;14453;343,3;0,3;0
2022-11-14 13:14:52;-36,79567;-73,06916;12,7;50,99;876;0;0;0;1;115;14453;343,3;-4,7;0
2022-11-14 13:15:22;-36,79567;-73,06916;12,7;51;876;0;0;0;1;115;14453;343;-0,9;0
2022-11-14 13:15:52;-36,79567;-73,06916;12,7;51,01;876;0;0;0;1;115;14453;343,2;-5,8;0
2022-11-14 13:16:22;-36,79567;-73,06916;12,7;51,03;876;0;0;0;1;115;14453;343,2;-6,3;0
2022-11-14 13:16:52;-36,79567;-73,06916;12,7;51,04;876;0;0;0;1;115;14453;343,2;-4,3;0
2022-11-14 13:17:22;-36,79567;-73,06916;12,7;51,06;876;0;0;0;1;115;14453;343,3;-0,6;0
2022-11-14 13:17:52;-36,79567;-73,06916;12,7;51,08;876;0;0;0;1;115;14453;343,2;-2;0
2022-11-14 13:18:22;-36,79567;-73,06916;12,7;51,09;876;0;0;0;1;115;14453;343;-2,6;0
2022-11-14 13:18:52;-36,79567;-73,06916;12,7;51,11;876;0;0;0;1;115;14453;343,2;-4,3;0
2022-11-14 13:19:22;-36,79567;-73,06916;12,7;51,13;876;0;0;0;1;115;14453;343,5;-0,9;0
2022-11-14 13:19:52;-36,79567;-73,06916;12,7;51,14;876;0;0;0;1;115;14453;343,5;-0,9;0
2022-11-14 13:20:22;-36,79567;-73,06916;12,7;51,16;876;0;0;0;1;115;14453;343,5;-0,6;0
2022-11-14 13:20:52;-36,79567;-73,06916;12,7;51,18;876;0;0;0;1;115;14453;343,5;-0,3;0
2022-11-14 13:22:22;-36,79567;-73,06916;12,7;51,19;876;0;0;0;0;117;14453;342,8;0,9;0
2022-11-14 13:22:49;-36,79567;-73,06916;12,7;51,18;876;0;0;0;0;117;14318;342,5;4,4;103
2022-11-14 13:23:22;-36,79618;-73,06918;13,3;51,09;876;25;0;0;0;117;14453;341,9;7,5;1504
2022-11-14 13:23:52;-36,79618;-73,06918;11,7;51,04;877;28;0;0;0;117;14453;341,9;7;1717
2022-11-14 13:24:19;-36,79894;-73,07003;6,6;50,98;877;12;0;0;0;117;14453;342,2;0,2;619
2022-11-14 13:24:49;-36,80109;-73,07176;7,5;50,78;877;46;0;0;0;116;14453;337,1;71,1;2840
2022-11-14 13:25:22;-36,80109;-73,07176;8,7;50,62;877;29;0;0;0;116;14453;340;3,7;1671
2022-11-14 13:25:49;-36,80392;-73,07689;11;50,37;878;52;0;0;0;115;14453;336;62,4;3249
2022-11-14 13:26:19;-36,80728;-73,07228;16,4;50,28;878;40;0;0;0;115;14453;333,9;91;2550
2022-11-14 13:26:49;-36,80728;-73,07228;18,6;49,88;879;72;0;0;0;114;14453;334,7;74,3;4479
2022-11-14 13:27:19;-36,81085;-73,06712;14,3;49,85;879;54;0;0;0;114;14453;339,1;28,2;3330
2022-11-14 13:27:49;-36,81493;-73,06344;16,3;49,85;879;31;0;0;0;114;14453;341,4;0,9;1794
2022-11-14 13:28:19;-36,81493;-73,06344;14,7;49,66;880;12;0;0;0;114;14318;341,1;1;470
2022-11-14 13:28:49;-36,8188;-73,06269;14,3;49,66;880;0;0;0;0;114;14453;341,4;0,6;0
2022-11-14 13:29:19;-36,81881;-73,06269;14,3;49,66;880;0;0;0;0;114;14453;341,4;0,7;0
2022-11-14 13:29:49;-36,81881;-73,06269;14,3;49,65;880;0;0;0;0;114;14453;341,8;0,7;0
2022-11-14 13:30:19;-36,81881;-73,06269;14,3;49,65;880;0;0;0;0;114;14453;341,8;0,7;0
2022-11-14 13:30:49;-36,81881;-73,06269;14,3;49,64;880;0;0;0;0;114;14453;341,8;0,7;0
2022-11-14 13:31:19;-36,81881;-73,06269;11,6;49,62;880;14;0;0;0;114;14453;340,5;29,6;908
2022-11-14 13:31:49;-36,8191;-73,06251;8,1;49,34;880;61;0;0;0;113;14453;332,8;112,2;3811
2022-11-14 13:32:19;-36,82337;-73,06391;10,5;48,99;881;78;0;0;0;112;14453;340,5;-68,1;4677
2022-11-14 13:32:49;-36,82337;-73,06391;13,5;48,73;881;81;0;0;0;112;14453;342,5;-14,5;4947
2022-11-14 13:33:19;-36,83078;-73,06046;10,3;48,8;882;3;0;0;0;112;14453;340,8;3,7;227
2022-11-14 13:33:49;-36,8323;-73,05784;1,7;48,73;882;8;0;0;0;112;14453;341;1,1;449
2022-11-14 13:35:52;-36,83271;-73,05748;8,2;48,72;882;0;0;0;1;112;12828;341,8;0;0
2022-11-14 13:36:22;-36,83271;-73,05748;8,2;49,17;882;0;0;0;1;112;14453;350,5;-83,9;0
2022-11-14 13:36:52;-36,83271;-73,05748;8,2;49,67;882;0;0;0;1;112;14453;351,4;-82,5;0
2022-11-14 13:37:22;-36,83271;-73,05748;8,2;50,18;882;0;0;0;1;112;14453;352,1;-82,5;0
2022-11-14 13:37:52;-36,83271;-73,05748;8,2;50,68;882;0;0;0;1;112;14453;352,4;-83,1;0
2022-11-14 13:38:22;-36,83271;-73,05748;8,2;51,18;882;0;0;0;1;112;14453;352,4;-82,1;0
2022-11-14 13:38:52;-36,83271;-73,05748;8,2;51,68;882;0;0;0;1;112;14453;352,8;-82,1;0
2022-11-14 13:39:22;-36,83271;-73,05748;8,2;52,19;882;0;0;0;1;112;14453;352,8;-83,3;0
2022-11-14 13:39:52;-36,83271;-73,05748;8,2;52,69;882;0;0;0;1;112;14453;352,8;-83,3;0
2022-11-14 13:40:22;-36,83271;-73,05748;8,2;53,19;882;0;0;0;1;112;14453;353;-83,1;0
2022-11-14 13:40:52;-36,83271;-73,05748;8,2;53,69;882;0;0;0;1;112;14453;353,2;-82,8;0
2022-11-14 13:41:22;-36,83271;-73,05748;8,2;54,2;882;0;0;0;1;112;14453;353,2;-82,2;0
2022-11-14 13:41:52;-36,83271;-73,05748;8,2;54,7;882;0;0;0;1;112;14453;353,3;-83,4;0
2022-11-14 13:42:22;-36,83271;-73,05748;8,2;55,21;882;0;0;0;1;112;14453;353,6;-84,2;0
2022-11-14 13:42:52;-36,83271;-73,05748;8,2;55,72;882;0;0;0;1;112;14453;353,8;-84,1;0
2022-11-14 13:43:22;-36,83271;-73,05748;8,2;56,22;882;0;0;0;1;112;14453;353,8;-84,2;0
2022-11-14 13:43:52;-36,83271;-73,05748;8,2;56,72;882;0;0;0;1;112;14453;354,3;-83,1;0
2022-11-14 13:44:22;-36,83271;-73,05748;8,2;57,23;882;0;0;0;1;112;14453;354,4;-83,2;0
2022-11-14 13:44:52;-36,83271;-73,05748;8,2;57,73;882;0;0;0;1;112;14453;354,4;-81,6;0
2022-11-14 13:45:22;-36,83271;-73,05748;8,2;58,23;882;0;0;0;1;112;14453;354,7;-82,9;0
2022-11-14 13:45:52;-36,83271;-73,05748;8,2;58,74;882;0;0;0;1;112;14453;354,7;-82,7;0
2022-11-14 13:46:22;-36,83271;-73,05748;8,2;59,24;882;0;0;0;1;112;14453;354,9;-83,5;0
2022-11-14 13:46:52;-36,83271;-73,05748;8,2;59,74;882;0;0;0;1;112;14453;355;-83,7;0
2022-11-14 13:47:22;-36,83271;-73,05748;8,2;60,24;882;0;0;0;1;112;14453;355,2;-82,6;0
2022-11-14 13:47:52;-36,83271;-73,05748;8,2;60,74;882;0;0;0;1;112;14453;355,2;-82,8;0
2022-11-14 13:48:22;-36,83271;-73,05748;8,2;61,25;882;0;0;0;1;112;14453;355,3;-83,3;0
2022-11-14 13:48:52;-36,83271;-73,05748;8,2;61,75;882;0;0;0;1;112;14453;355,2;-83,5;0
2022-11-14 13:49:22;-36,83271;-73,05748;8,2;62,26;882;0;0;0;1;112;14453;355,3;-82,1;0
2022-11-14 13:49:52;-36,83271;-73,05748;8,2;62,76;882;0;0;0;1;112;14453;355,5;-83,6;0
2022-11-14 13:50:22;-36,83271;-73,05748;8,2;63,26;882;0;0;0;1;112;14453;355,5;-82;0
2022-11-14 13:50:52;-36,83271;-73,05748;8,2;63,76;882;0;0;0;1;112;14453;355,5;-82,3;0
2022-11-14 13:51:22;-36,83271;-73,05748;8,2;64,27;882;0;0;0;1;112;14453;355,5;-82;0
2022-11-14 13:51:52;-36,83271;-73,05748;8,2;64,77;882;0;0;0;1;112;14453;355,3;-83,4;0
2022-11-14 13:52:22;-36,83271;-73,05748;8,2;65,27;882;0;0;0;1;112;14453;355,5;-83,7;0
2022-11-14 13:52:52;-36,83271;-73,05748;8,2;65,78;882;0;0;0;1;112;14453;355,3;-82,2;0
2022-11-14 13:53:22;-36,83271;-73,05748;8,2;66,28;882;0;0;0;1;112;14453;355,5;-83,3;0
2022-11-14 13:53:52;-36,83271;-73,05748;8,2;66,78;882;0;0;0;1;112;14453;355,3;-82,6;0
2022-11-14 13:54:22;-36,83271;-73,05748;8,2;67,29;882;0;0;0;1;112;14453;355,5;-82,5;0
2022-11-14 13:54:52;-36,83271;-73,05748;8,2;67,79;882;0;0;0;1;112;14453;355,7;-82,2;0
2022-11-14 13:55:22;-36,83271;-73,05748;8,2;68,29;882;0;0;0;1;112;14453;355,7;-82,7;0
2022-11-14 13:55:52;-36,83271;-73,05748;8,2;68,79;882;0;0;0;1;112;14453;355,7;-83,2;0
2022-11-14 13:56:22;-36,83271;-73,05748;8,2;69,3;882;0;0;0;1;112;14453;355,5;-82,6;0
2022-11-14 13:56:52;-36,83271;-73,05748;8,2;69,8;882;0;0;0;1;112;14453;355,7;-83,8;0
2022-11-14 13:57:22;-36,83271;-73,05748;8,2;70,3;882;0;0;0;1;112;14453;355,5;-82,8;0
2022-11-14 13:57:52;-36,83271;-73,05748;8,2;70,8;882;0;0;0;1;112;14453;355,3;-83,7;0
2022-11-14 13:58:22;-36,83271;-73,05748;8,2;71,31;882;0;0;0;1;112;14453;355,5;-83,7;0
2022-11-14 13:58:52;-36,83271;-73,05748;8,2;71,81;882;0;0;0;1;112;14453;355,5;-81,1;0
2022-11-14 13:59:22;-36,83271;-73,05748;8,2;72,31;882;0;0;0;1;112;14453;355,7;-82,3;0
2022-11-14 13:59:52;-36,83271;-73,05748;8,2;72,81;882;0;0;0;1;112;14453;355,5;-82,6;0
2022-11-14 14:00:22;-36,83271;-73,05748;8,2;73,31;882;0;0;0;1;112;14453;355,8;-81,6;0
2022-11-14 14:00:52;-36,83271;-73,05748;8,2;73,81;882;0;0;0;1;112;14453;355,7;-81,6;0
2022-11-14 14:01:22;-36,83271;-73,05748;8,2;74,31;882;0;0;0;1;112;14453;355,5;-81,7;0
2022-11-14 14:01:52;-36,83271;-73,05748;8,2;74,81;882;0;0;0;1;112;14453;355,8;-83,4;0
2022-11-14 14:02:22;-36,83271;-73,05748;8,2;75,31;882;0;0;0;1;112;14453;355,8;-83,2;0
2022-11-14 14:02:52;-36,83271;-73,05748;8,2;75,82;882;0;0;0;1;112;14453;355,8;-82,6;0
2022-11-14 14:03:22;-36,83271;-73,05748;8,2;76,32;882;0;0;0;1;112;14453;356,1;-82,5;0
2022-11-14 14:03:52;-36,83271;-73,05748;8,2;76,83;882;0;0;0;1;112;14453;355,7;-82,7;0
2022-11-14 14:04:22;-36,83271;-73,05748;8,2;77,33;882;0;0;0;1;112;14453;355,8;-82,1;0
2022-11-14 14:04:52;-36,83271;-73,05748;8,2;77,84;882;0;0;0;1;112;14453;356;-83,2;0
2022-11-14 14:05:22;-36,83271;-73,05748;8,2;78,34;882;0;0;0;1;112;14453;356;-82,2;0
2022-11-14 14:05:52;-36,83271;-73,05748;8,2;78,84;882;0;0;0;1;112;14453;356,3;-82,4;0
2022-11-14 14:06:22;-36,83271;-73,05748;8,2;79,35;882;0;0;0;1;112;14453;356,1;-83,5;0
2022-11-14 14:06:52;-36,83271;-73,05748;8,2;79,85;882;0;0;0;1;112;14453;356,3;-82,7;0
2022-11-14 14:07:22;-36,83271;-73,05748;8,2;80,35;882;0;0;0;1;112;14453;356,1;-83,2;0
2022-11-14 14:07:52;-36,83271;-73,05748;8,2;80,86;882;0;0;0;1;112;14453;356,1;-83,3;0
2022-11-14 14:08:22;-36,83271;-73,05748;8,2;81,35;882;0;0;0;1;112;14453;356;-83,5;0
2022-11-14 14:08:52;-36,83271;-73,05748;8,2;81,86;882;0;0;0;1;112;14453;356,1;-82,2;0
2022-11-14 14:09:22;-36,83271;-73,05748;8,2;82,36;882;0;0;0;1;112;14453;356,3;-83,8;0
2022-11-14 14:09:52;-36,83271;-73,05748;8,2;82,86;882;0;0;0;1;112;14453;356,3;-82,4;0
2022-11-14 14:10:22;-36,83271;-73,05748;8,2;83,37;882;0;0;0;1;112;14453;356,4;-82;0
2022-11-14 14:10:52;-36,83271;-73,05748;8,2;83,87;882;0;0;0;1;112;14453;356,6;-82,2;0
2022-11-14 14:11:22;-36,83271;-73,05748;8,2;84,37;882;0;0;0;1;112;14453;356,6;-83,6;0
2022-11-14 14:11:52;-36,83271;-73,05748;8,2;84,88;882;0;0;0;1;112;14453;356,4;-82,1;0
2022-11-14 14:12:22;-36,83271;-73,05748;8,2;85,38;882;0;0;0;1;112;14453;356,6;-82,3;0
2022-11-14 14:12:52;-36,83271;-73,05748;8,2;85,88;882;0;0;0;1;112;14453;356,6;-83,7;0
2022-11-14 14:13:22;-36,83271;-73,05748;8,2;86,38;882;0;0;0;1;112;14453;356,6;-82;0
2022-11-14 14:13:52;-36,83271;-73,05748;8,2;86,89;882;0;0;0;1;112;14453;356,9;-83,4;0
2022-11-14 14:14:22;-36,83271;-73,05748;8,2;87,39;882;0;0;0;1;112;14453;356,9;-82,3;0
2022-11-14 14:14:52;-36,83271;-73,05748;8,2;87,9;882;0;0;0;1;112;14453;357,2;-83,5;0
2022-11-14 14:15:22;-36,83271;-73,05748;8,2;88,4;882;0;0;0;1;112;14453;356,9;-83;0
2022-11-14 14:15:52;-36,83271;-73,05748;8,2;88,9;882;0;0;0;1;112;14453;357,2;-82,5;0
2022-11-14 14:16:22;-36,83271;-73,05748;8,2;89,4;882;0;0;0;1;112;14453;357,4;-83,6;0
2022-11-14 14:16:52;-36,83271;-73,05748;8,2;89,91;882;0;0;0;1;112;14453;357,2;-82;0
2022-11-14 14:17:22;-36,83271;-73,05748;8,2;90,19;882;0;0;0;1;112;14453;357,4;-82,9;0
2022-11-14 14:17:52;-36,83271;-73,05748;8,2;90,42;882;0;0;0;1;112;14453;357,7;-83,6;0
2022-11-14 14:18:22;-36,83271;-73,05748;8,2;90,66;882;0;0;0;1;112;14453;357,7;-83,6;0
2022-11-14 14:18:52;-36,83271;-73,05748;8,2;90,89;882;0;0;0;1;112;14453;357,7;-83,7;0
2022-11-14 14:19:22;-36,83271;-73,05748;8,2;91,12;882;0;0;0;1;112;14453;358,2;-83,2;0
2022-11-14 14:19:52;-36,83271;-73,05748;8,2;91,36;882;0;0;0;1;112;14453;358,2;-83,7;0
2022-11-14 14:20:22;-36,83271;-73,05748;8,2;91,59;882;0;0;0;1;112;14453;358,3;-83,4;0
2022-11-14 14:20:52;-36,83271;-73,05748;8,2;91,82;882;0;0;0;1;112;14453;358,2;-79,6;0
2022-11-14 14:21:22;-36,83271;-73,05748;8,2;92,04;882;0;0;0;1;112;14453;358,2;-76,3;0
2022-11-14 14:21:52;-36,83271;-73,05748;8,2;92,25;882;0;0;0;1;112;14453;358;-73,2;0
2022-11-14 14:22:22;-36,83271;-73,05748;8,2;92,46;882;0;0;0;1;112;14453;357,7;-69;0
2022-11-14 14:22:52;-36,83271;-73,05748;8,2;92,71;882;0;0;0;1;112;14453;357,4;-65,8;0
2022-11-14 14:23:22;-36,83271;-73,05748;8,2;92,73;882;0;0;0;1;112;14453;357,4;-62,9;0
2022-11-14 14:23:52;-36,83271;-73,05748;8,2;92,73;882;0;0;0;1;112;14453;357,2;-59,6;0
2022-11-14 14:24:22;-36,83271;-73,05748;8,2;92,73;882;0;0;0;1;112;14453;356,9;-55,6;0
2022-11-14 14:24:52;-36,83271;-73,05748;8,2;92,73;882;0;0;0;1;112;14453;356,8;-53,1;0
2022-11-14 14:25:22;-36,83271;-73,05748;8,2;92,73;882;0;0;0;1;112;14453;356,8;-52,3;0
2022-11-14 14:27:07;-36,83271;-73,05748;8,2;92,73;882;0;0;0;0;214;12415;349,4;0;0
2022-11-14 14:27:37;-36,83271;-73,05748;11,3;92,73;882;0;0;0;0;214;12415;348,8;1,8;0
2022-11-14 14:28:07;-36,83268;-73,05745;11,6;92,71;882;10;0;0;0;214;14453;345,2;43,9;799
2022-11-14 14:28:37;-36,83111;-73,0581;9,4;92,71;882;49;0;0;0;213;14453;350,7;-75,5;2896
2022-11-14 14:29:07;-36,83111;-73,0581;10,4;92,79;882;0;0;0;0;214;14453;347,5;0,6;0
2022-11-14 14:29:37;-36,82937;-73,05922;11,5;92,76;882;34;0;0;0;214;14453;345,7;18,7;2023
2022-11-14 14:30:07;-36,82849;-73,05979;11,6;92,81;882;0;0;0;0;214;14453;347,4;0,6;0
2022-11-14 14:30:37;-36,82849;-73,05979;9,7;92,83;882;26;0;0;0;214;14453;347,1;-26,2;1555
2022-11-14 14:31:07;-36,82691;-73,06081;9,6;92,89;883;5;0;0;0;214;14453;344,9;22,8;451
2022-11-14 14:31:37;-36,82423;-73,06249;9;92,96;883;26;0;0;0;214;14453;348,5;-36,7;1447
2022-11-14 14:32:07;-36,82423;-73,06249;16,1;92,78;883;71;0;0;0;214;14453;338,3;124,3;4410
2022-11-14 14:32:37;-36,82012;-73,06543;9,7;92,81;884;72;0;0;0;214;14453;344,4;10;4395
2022-11-14 14:33:07;-36,81328;-73,06896;7,2;92,99;884;39;0;0;0;214;14453;349,3;-13,4;2264
2022-11-14 14:33:37;-36,81328;-73,06896;10,4;93,13;885;40;0;0;0;215;14453;340,7;83,7;2446
2022-11-14 14:34:07;-36,81016;-73,06876;9,2;93,25;885;29;0;0;0;215;14453;348;-48,2;1630
2022-11-14 14:34:37;-36,80844;-73,07193;7,1;93,26;885;20;0;0;0;215;14453;341,6;73,9;1260
2022-11-14 14:35:07;-36,80844;-73,07193;10,8;93,27;885;63;0;0;0;215;14453;350,2;-119;3755
2022-11-14 14:35:37;-36,80921;-73,06909;8,4;93,52;886;20;0;0;0;215;14453;342,8;44,1;1227
2022-11-14 14:36:07;-36,80716;-73,07211;2,6;93,52;886;52;0;0;0;215;14453;347,5;-31,5;3101
2022-11-14 14:36:37;-36,80716;-73,07211;-3,6;93,73;886;47;0;0;0;216;14318;337,1;152,8;2939
2022-11-14 14:37:07;-36,80289;-73,07784;3,8;93,86;887;24;0;0;0;216;14318;346,6;-43,8;1242
2022-11-14 14:37:37;-36,79875;-73,08037;5,5;93,79;887;55;0;0;0;216;14453;342,4;26,8;3346
2022-11-14 14:38:07;-36,79875;-73,08037;3;93,95;887;12;0;0;0;216;14318;345;10,5;725
2022-11-14 14:38:37;-36,79642;-73,08131;2,9;93,94;887;3;0;0;0;216;14453;345,7;2,9;213
2022-11-14 16:00:01;-36,79631;-73,08115;3,8;93,94;887;0;0;0;0;216;14453;346,6;0,7;0
2022-11-14 16:00:31;-36,79631;-73,08115;3,8;93,94;887;0;0;0;0;216;14453;346,6;0,7;0
2022-11-14 16:01:01;-36,79631;-73,08117;1,9;93,92;887;14;0;0;0;216;14453;346,4;2,6;795
2022-11-14 16:01:31;-36,7966;-73,08089;-1,5;93,92;887;0;0;0;0;216;14453;346,4;0,6;0
2022-11-14 16:02:01;-36,7966;-73,08089;-1,5;93,92;887;0;0;0;0;216;14453;346,6;0,6;0
2022-11-14 16:02:31;-36,7966;-73,08089;-1,5;93,92;887;0;0;0;0;216;14453;346,6;0,5;0
2022-11-14 16:04:49;-36,7966;-73,08089;-1,5;93,91;887;0;0;0;0;216;14453;346,6;1,1;0
2022-11-14 16:05:19;-36,7966;-73,08089;-10;93,91;887;4;0;0;0;216;14453;346,4;1;247
2022-11-14 16:05:49;-36,79654;-73,08058;-10;93,9;887;0;0;0;0;216;14453;346,4;0,5;0
2022-11-14 16:06:19;-36,79654;-73,08058;-10;93,9;887;0;0;0;0;216;14453;346,6;0,5;0
2022-11-14 16:06:49;-36,79654;-73,08058;-10;93,9;887;0;0;0;0;216;14453;346,6;0,5;0
2022-11-14 16:07:19;-36,79654;-73,08058;-2,6;93,89;888;6;0;0;0;216;14453;345;19,7;462
2022-11-14 16:07:49;-36,79801;-73,08084;0;93,81;888;49;0;0;0;216;14453;346;-18,9;2961
2022-11-14 16:08:19;-36,79801;-73,08084;-1,8;93,93;888;41;0;0;0;216;14453;345,5;-25;2455
2022-11-14 16:08:49;-36,80251;-73,07815;-0,7;93,94;888;51;0;0;0;216;14453;341,9;43,3;3090
2022-11-14 16:09:19;-36,8063;-73,07391;0,9;93,91;889;53;0;0;0;216;14453;345,2;-31,8;3183
2022-11-14 16:09:49;-36,8063;-73,07391;2;94,04;889;33;0;0;0;217;14453;348;-63,2;1900
2022-11-14 16:10:19;-36,80892;-73,06977;4,3;93,99;890;55;0;0;0;217;14453;343,6;7,6;3389
2022-11-14 16:10:49;-36,81328;-73,06617;7,5;94,05;890;47;0;0;0;217;14453;346,6;-42,3;2811
2022-11-14 16:11:16;-36,81328;-73,06617;-0,3;93,98;890;50;0;0;0;217;14453;344,3;2,4;3017
2022-11-14 16:11:49;-36,8154;-73,06182;-1,4;93,94;891;29;0;0;0;216;14453;346,6;-39,1;1654
2022-11-14 16:12:19;-36,81863;-73,06122;4,7;93,81;891;18;0;0;0;216;14453;345,2;-10,6;986
2022-11-14 16:12:46;-36,81863;-73,06122;4,8;93,7;891;38;0;0;0;216;14453;344,7;-39,7;2282
2022-11-14 16:13:19;-36,81998;-73,06328;4,5;93,55;891;53;0;0;0;216;14453;343;45,9;3258
2022-11-14 16:13:49;-36,82476;-73,06348;2,9;93,52;892;33;0;0;0;215;14453;347,2;-35,9;1912
2022-11-14 16:14:19;-36,82476;-73,06348;4,7;93,52;892;18;0;0;0;216;14453;343,8;24,9;1128
2022-11-14 16:14:49;-36,82641;-73,06325;6,3;93,5;892;0;0;0;0;215;14453;345,2;0,6;0
2022-11-14 16:15:19;-36,82666;-73,06326;5,4;93,47;892;13;0;0;0;215;14453;344,7;11,5;822
2022-11-14 16:15:46;-36,82666;-73,06326;6,9;93,33;892;44;0;0;0;215;14453;345;4;2663
2022-11-14 16:16:19;-36,82963;-73,06185;6;93,36;892;4;0;0;0;215;14453;345;4,1;279
2022-11-14 16:37:37;-36,82983;-73,06216;4,9;93,35;892;0;0;0;0;215;12685;346,4;0;0
2022-11-14 16:38:07;-36,82983;-73,06216;20,6;93,35;892;6;0;0;0;215;12685;346;2;364
2022-11-14 16:38:37;-36,8299;-73,06206;29,2;93,33;892;0;0;0;0;215;14453;346,1;0,8;0
2022-11-14 16:39:07;-36,82991;-73,062;29,2;93,32;892;0;0;0;0;215;14453;346,1;1,2;0
2022-11-14 16:39:37;-36,82991;-73,062;23,4;93,15;893;39;0;0;0;215;14453;344,7;10;2358
2022-11-14 16:40:07;-36,82702;-73,06335;14,7;93,18;893;0;0;0;0;215;14453;345,8;0,7;0
2022-11-14 16:40:37;-36,82664;-73,06307;11,1;93,12;893;35;0;0;0;215;14453;344,7;14,8;2110
2022-11-14 16:41:07;-36,82664;-73,06307;12,7;93,05;893;30;0;0;0;214;14453;343,3;30,6;1830
2022-11-14 16:41:37;-36,82418;-73,06261;12,5;92,77;893;63;0;0;0;214;14453;340,2;76,4;3854
2022-11-14 16:42:07;-36,81852;-73,06676;16,9;92,58;894;64;0;0;0;213;14453;343;22,2;3948
2022-11-14 16:42:37;-36,81852;-73,06676;16,9;92,39;894;68;0;0;0;213;14453;343,3;8,9;4202
2022-11-14 16:43:07;-36,81254;-73,06985;13,3;92,34;895;59;0;0;0;213;14453;343,2;20,2;3595
2022-11-14 16:43:37;-36,80969;-73,07556;7;92,4;895;0;0;0;0;213;14453;345,3;0,6;0
2022-11-14 16:44:07;-36,80969;-73,07556;6,5;92,33;895;35;0;0;0;213;14453;341,9;48,7;2209
2022-11-14 16:44:37;-36,80874;-73,07698;2,6;92,32;896;0;0;0;0;213;14318;345,2;0,7;0
2022-11-14 16:45:07;-36,80807;-73,07774;2,6;92,31;896;12;0;0;0;213;14453;343,2;35,6;878
2022-11-14 16:45:37;-36,80807;-73,07774;7,6;92,03;896;59;0;0;0;212;14453;340,5;58,3;3625
2022-11-14 16:46:07;-36,80417;-73,08077;6,8;91,9;896;60;0;0;0;212;14453;343;25,3;3717
2022-11-14 16:46:37;-36,80075;-73,08425;6,9;92;897;0;0;0;0;212;14453;345,3;0,6;0
2022-11-14 16:47:07;-36,80075;-73,08425;6,9;91,98;897;19;0;0;0;212;14453;344,3;34,8;1167
2022-11-14 16:47:37;-36,8004;-73,08392;9,7;91,78;897;50;0;0;0;212;14453;339,3;85,9;3127
2022-11-14 16:48:07;-36,79657;-73,08272;10,4;91,8;897;0;0;0;0;211;14453;345,2;1;0
2022-11-14 16:48:37;-36,79657;-73,08272;10,4;91,8;897;0;0;0;0;211;14318;345,3;0,5;0
2022-11-14 16:49:07;-36,79657;-73,08272;10,4;91,79;897;9;0;0;0;211;14453;344,6;16;601
2022-11-14 16:49:37;-36,79618;-73,08224;7;91,77;897;10;0;0;0;211;14453;345,2;1,7;610
2022-11-14 16:50:07;-36,79618;-73,08224;4,4;91,74;897;4;0;0;0;211;14453;345,3;2,8;320
2022-11-14 16:52:46;-36,79656;-73,08097;-1,2;91,68;897;7;0;0;0;211;12415;344,9;15,5;459
2022-11-14 16:53:16;-36,7969;-73,08145;1;91,45;898;56;0;0;0;211;14453;350;-40,4;3248
2022-11-14 16:53:46;-36,7969;-73,08145;1,3;91,41;898;47;0;0;0;211;14453;348,8;16,6;2729
2022-11-14 16:54:16;-36,80076;-73,07921;0,8;91,35;898;32;0;0;0;210;14453;346;-21,8;1804
2022-11-14 16:54:46;-36,8044;-73,07675;3,8;91,15;899;52;0;0;0;210;14453;343,6;8,2;3158
2022-11-14 16:55:16;-36,8044;-73,07675;7,9;91,03;899;47;0;0;0;210;14453;340,8;80;2941
2022-11-14 16:55:46;-36,8075;-73,07192;10,2;90,79;899;64;0;0;0;209;14453;341;53,5;3974
2022-11-14 16:56:16;-36,81171;-73,06661;13;90,71;900;45;0;0;0;209;14453;344,6;-4,6;2669
2022-11-14 16:56:46;-36,81171;-73,06661;7;90,7;900;37;0;0;0;209;14453;343,8;18,3;2241
2022-11-14 16:57:16;-36,81499;-73,0633;7,4;90,62;900;37;0;0;0;209;14453;344,6;-14;2155
2022-11-14 16:57:46;-36,81723;-73,06209;9,4;90,54;901;2;0;0;0;208;14453;344,9;0,5;103
2022-11-14 17:03:25;-36,81879;-73,06106;11,7;90,52;901;0;0;0;0;208;12685;345,8;0;0
2022-11-14 17:03:55;-36,81879;-73,06106;15;90,49;901;1;0;0;0;208;14318;345,2;2,5;0
2022-11-14 17:10:58;-36,81886;-73,06121;43,1;90,48;901;0;0;0;0;208;12550;346;0;0
2022-11-14 17:11:28;-36,81886;-73,06121;36,9;90,45;901;9;0;0;0;208;12550;343,2;28,8;762
2022-11-14 17:11:58;-36,81833;-73,0614;18,2;90,31;901;47;0;0;0;208;14453;345,5;-54,8;2779
2022-11-14 17:12:28;-36,81545;-73,06161;15;90,34;901;2;0;0;0;208;14453;345,3;3,9;189
2022-11-14 17:12:58;-36,81545;-73,06161;10,6;90,08;901;62;0;0;0;207;14453;351,4;-44,2;3426
2022-11-14 17:13:28;-36,81423;-73,06469;11,1;90,04;902;24;0;0;0;207;14453;344,9;-17,3;1389
2022-11-14 17:13:58;-36,81083;-73,06694;9,4;89,83;902;55;0;0;0;207;14453;335,2;189,8;3624
2022-11-14 17:14:28;-36,81083;-73,06694;6,2;89,68;902;41;0;0;0;206;14453;343,3;-6,9;2439
2022-11-14 17:14:58;-36,80754;-73,07156;2,7;89,54;903;47;0;0;0;206;14453;341,1;53,6;2910
2022-11-14 17:15:28;-36,8043;-73,07681;1,5;89,48;903;25;0;0;0;206;14453;341,3;61,7;1605
2022-11-14 17:15:58;-36,8043;-73,07681;2;89,32;903;46;0;0;0;206;14453;341,1;33;2855
2022-11-14 17:16:28;-36,80092;-73,07909;2;89,27;904;34;0;0;0;206;14453;341,9;47,4;2113
2022-11-14 17:16:58;-36,79729;-73,08131;-0,4;89,24;904;25;0;0;0;205;14453;343,3;25,8;1538
2022-11-14 17:17:28;-36,79729;-73,08131;-0,2;89,24;904;2;0;0;0;205;14453;345;1,3;74
2022-11-14 17:17:58;-36,79667;-73,08091;-0,7;89,23;904;0;0;0;0;205;14318;345,3;0,5;0
2022-11-14 17:18:28;-36,79665;-73,08087;-0,7;89,23;904;0;0;0;0;205;14453;345,3;0,5;0
2022-11-14 17:29:55;-36,79667;-73,08086;5,3;89,23;904;0;0;0;0;205;12550;346,1;0;0
2022-11-14 17:30:25;-36,79668;-73,08085;9;89,23;904;0;0;0;0;205;14318;346;0,7;0
2022-11-14 17:30:52;-36,79669;-73,08087;9;89,22;904;4;0;0;0;205;14453;345,3;7,7;376
2022-11-14 17:31:25;-36,79669;-73,08087;5,1;89,18;904;6;0;0;0;205;14453;345,8;1;372
2022-11-14 17:31:52;-36,79636;-73,08106;5,7;89,18;904;0;0;0;0;205;14453;345,8;0,6;0
2022-11-14 17:33:40;-36,79634;-73,08106;5,7;89,18;904;0;0;0;0;205;12685;346;0;0
