fecha_hora;lat;lon;altitud;SOC;odometro;vel;AC;calefaccion;cargando;km_restantes;carga_bat_aux;voltaje;corriente;rpm
2022-11-03 12:20:02;-36,80091;-73,05958;30,3;80,07;37;0;0;1;0;182;11456;346,6;0;0
2022-11-03 12:20:32;-36,80091;-73,05958;30,3;80,06;37;0;0;0;0;182;11456;346,1;2,4;0
2022-11-03 12:20:44;-36,80091;-73,05958;30,3;80,05;37;0;0;0;0;182;12931;346,1;1,7;0
2022-11-03 12:21:11;-36,80091;-73,05958;30,3;80,03;37;0;0;0;0;182;14405;345,8;3,9;0
2022-11-03 12:21:41;-36,80091;-73,05958;30,3;80,01;37;0;0;0;0;182;14405;345,5;2,6;0
2022-11-03 12:22:11;-36,80091;-73,05958;30,3;79,97;38;11;0;0;0;182;14532;343,9;11,2;654
2022-11-03 12:22:41;-36,80091;-73,05958;30,3;79,94;38;15;0;0;0;182;14405;345,5;-4,2;875
2022-11-03 12:23:11;-36,80091;-73,05958;30,3;79,92;38;0;0;0;0;182;14405;345;1,5;0
2022-11-03 12:23:41;-36,80091;-73,05958;30,3;79,91;38;0;0;0;0;182;14405;345;1,5;0
2022-11-03 12:24:11;-36,80091;-73,05958;30,3;79,9;38;0;0;0;0;181;14405;345,2;1,5;0
2022-11-03 12:24:41;-36,80091;-73,05958;30,3;79,89;38;0;0;0;0;181;14405;345;1,3;0
2022-11-03 12:25:11;-36,80091;-73,05958;30,3;79,88;38;0;0;0;0;181;14405;344,7;3,5;90
2022-11-03 12:25:41;-36,80091;-73,05958;23,1;79,81;38;39;0;0;0;181;14405;344,7;-7,5;2287
2022-11-03 12:26:11;-36,80169;-73,057;15,7;79,79;38;41;0;0;0;181;14532;349,7;-36,2;2420
2022-11-03 12:26:41;-36,80169;-73,057;9,2;79,68;38;43;0;0;0;181;14405;338,8;57,1;2646
2022-11-03 12:27:11;-36,80417;-73,06011;8,9;79,64;39;34;0;0;0;180;14405;343,9;1;2008
2022-11-03 12:27:41;-36,80453;-73,06372;6,5;79,51;39;43;0;0;0;180;14405;346;-11,8;2568
2022-11-03 12:28:11;-36,80453;-73,06372;11,2;79,4;39;33;0;0;0;180;14532;340,5;15,1;1966
2022-11-03 12:28:41;-36,80662;-73,06639;1,4;79,33;39;42;0;0;0;180;14532;341,8;11,7;2518
2022-11-03 12:29:11;-36,80599;-73,07121;-2,6;79,28;40;23;0;0;0;185;14532;341,1;6,5;1412
2022-11-03 12:29:41;-36,80599;-73,07121;6,4;79,15;40;35;0;0;0;179;14405;333,9;77,8;2220
2022-11-03 12:30:11;-36,80594;-73,07431;1,5;79,09;40;25;0;0;0;179;14405;341,1;24,9;1524
2022-11-03 12:30:41;-36,8025;-73,07803;6,2;78,84;41;61;0;0;0;184;14532;338,2;18,2;3732
2022-11-03 12:31:11;-36,8025;-73,07803;12,1;78,68;41;61;0;0;0;184;14405;349,6;-12,7;3702
2022-11-03 12:31:41;-36,7975;-73,08108;9,3;78,77;41;0;0;0;0;184;14405;342,5;1,5;0
2022-11-03 12:32:11;-36,79684;-73,08122;8,3;78,74;41;19;0;0;0;184;14405;343,8;-9,7;1110
2022-11-03 12:32:41;-36,79684;-73,08122;7,7;78,73;41;0;0;0;0;184;14405;343,2;1,6;0
2022-11-03 12:33:11;-36,79661;-73,08097;8,7;78,69;41;25;0;0;0;184;14405;342,5;24,5;1461
2022-11-03 12:33:41;-36,79629;-73,08027;5,3;78,67;41;4;0;0;0;184;14405;343,2;1,8;52
2022-11-03 12:34:11;-36,79629;-73,08027;1,8;78,61;41;15;0;0;0;183;14405;342,2;5,6;887
2022-11-03 12:34:41;-36,79655;-73,08087;5,5;78,59;41;0;0;0;0;183;14405;343,2;1,3;0
2022-11-03 12:38:20;-36,79656;-73,081;5,5;78,58;41;0;0;0;0;183;12391;344,3;0;0
2022-11-03 12:38:50;-36,79656;-73,081;6,2;78,56;42;5;0;0;0;183;12391;342,8;1,7;372
2022-11-03 12:39:20;-36,79665;-73,08053;10,8;78,53;42;10;0;0;0;183;14405;342,2;2;606
2022-11-03 12:39:50;-36,79665;-73,08053;12,6;78,5;42;12;0;0;0;183;14405;343,8;0,8;668
2022-11-03 12:40:20;-36,79648;-73,08034;7,2;78,46;42;15;0;0;0;183;14405;343,9;-4,5;825
2022-11-03 12:40:50;-36,79628;-73,0812;6,3;78,45;42;3;0;0;0;183;14405;343,6;3,5;238
2022-11-03 12:41:20;-36,79628;-73,0812;6,3;78,44;42;0;0;0;0;183;14405;343,8;1,4;0
2022-11-03 13:28:05;-36,79628;-73,0812;6,3;78,43;42;0;0;0;0;177;14405;345;2;0
2022-11-03 13:28:35;-36,79628;-73,0812;6,3;78,42;42;0;0;0;0;177;14405;344,6;3,7;63
2022-11-03 13:29:05;-36,79628;-73,0812;4,2;78,39;42;6;0;0;0;177;14405;344,3;6,4;407
2022-11-03 13:29:35;-36,79668;-73,08109;3,2;78,38;42;0;0;0;0;177;14405;344,4;2;64
2022-11-03 13:30:05;-36,79668;-73,08109;2,5;78,36;42;0;0;0;0;177;14405;344,6;1,4;0
2022-11-03 13:30:35;-36,79669;-73,0811;2,5;78,35;42;0;0;0;0;177;14405;344,7;1,4;0
2022-11-03 13:31:05;-36,79669;-73,0811;0,8;78,3;42;13;0;0;0;177;14405;341,3;23,6;786
2022-11-03 13:31:35;-36,79669;-73,0811;1,6;78,13;42;43;0;0;0;176;14405;331,9;117,3;2761
2022-11-03 13:32:05;-36,7939;-73,07945;2,5;78,02;42;43;0;0;0;176;14532;338,3;50,8;2628
2022-11-03 13:32:35;-36,79155;-73,08035;0,5;78;43;28;0;0;0;176;14532;338,9;31,3;1749
2022-11-03 13:33:05;-36,79155;-73,08035;-3,4;77,88;43;32;0;0;0;177;14405;341,8;0,9;1875
2022-11-03 13:33:35;-36,78922;-73,08129;1,2;77,73;43;39;0;0;0;177;14405;346,8;-72,9;2174
2022-11-03 13:34:05;-36,78559;-73,07981;0,6;77,56;44;45;0;0;0;177;14405;346,8;-23,1;2639
2022-11-03 13:34:35;-36,78559;-73,07981;3,9;77,33;44;65;0;0;0;177;14405;326,6;135;4113
2022-11-03 13:35:05;-36,78544;-73,07537;4,2;77,16;44;63;0;0;0;176;14405;333,8;64,5;3910
2022-11-03 13:35:35;-36,79067;-73,07111;14;77,05;45;25;0;0;0;176;14405;336,9;37,4;1584
2022-11-03 13:36:05;-36,79067;-73,07111;8;76,96;45;43;0;0;0;176;14405;342,4;-18,5;2578
2022-11-03 13:36:35;-36,78832;-73,06815;8,5;76,98;45;0;0;0;0;176;14405;342,4;2,3;0
2022-11-03 13:37:05;-36,78963;-73,06874;8,5;76,9;45;26;0;1;0;175;14405;344,7;-1;1528
2022-11-03 13:37:35;-36,78963;-73,06874;7,8;76,88;45;14;0;1;0;180;14532;342,8;0,4;788
2022-11-03 13:38:05;-36,79066;-73,06901;9,1;76,85;45;9;0;1;0;180;14405;342,7;5,9;517
2022-11-03 13:38:35;-36,79061;-73,06865;8,7;76,84;45;0;0;1;0;180;14405;343,2;1,4;0
2022-11-03 13:39:05;-36,79061;-73,06865;8,7;76,83;45;0;0;1;0;180;14405;343,3;1,7;0
2022-11-03 13:39:35;-36,79061;-73,06865;8,7;76,82;45;0;0;1;0;180;14405;343,5;1,5;0
2022-11-03 13:40:05;-36,79061;-73,06865;8,7;76,81;45;0;0;1;0;180;14405;343,5;1,5;0
2022-11-03 13:40:35;-36,79061;-73,06865;8,7;76,8;45;3;0;1;0;180;14405;343,5;2,3;209
2022-11-03 13:41:05;-36,79061;-73,06865;8,7;76,78;45;0;0;1;0;180;14405;343,5;3;73
2022-11-03 13:41:35;-36,79061;-73,06865;8,7;76,78;45;0;0;1;0;180;14405;343,6;1,5;0
2022-11-03 13:42:05;-36,79061;-73,06865;8,7;76,77;45;0;0;1;0;180;14405;343,8;1,5;0
2022-11-03 13:42:35;-36,79061;-73,06865;8,7;76,76;45;0;0;1;0;180;14405;343,8;1,5;0
2022-11-03 13:44:59;-36,79061;-73,06865;8,7;76,76;45;0;0;1;0;181;12661;344,4;0;0
2022-11-03 13:45:26;-36,79061;-73,06865;8,7;76,73;46;16;0;1;0;180;14405;341,9;18,2;1003
2022-11-03 13:45:59;-36,79061;-73,06865;8,9;76,71;46;0;0;1;0;180;14532;343,9;1,4;0
2022-11-03 13:46:29;-36,78975;-73,06823;7,6;76,69;46;15;0;1;0;180;14405;344,1;-2,4;905
2022-11-03 13:46:59;-36,78885;-73,06827;11,1;76,66;46;2;0;1;0;179;14405;343,8;1,5;108
2022-11-03 13:47:29;-36,78885;-73,06827;11,2;76,56;46;33;0;1;0;179;14532;335,7;42,7;2049
2022-11-03 13:47:59;-36,78839;-73,06702;12,6;76,45;46;17;0;1;0;179;14532;344,3;-10,2;971
2022-11-03 13:48:29;-36,7896;-73,06362;11,3;76,43;46;14;0;1;0;179;14532;343;14,8;854
2022-11-03 13:48:59;-36,7896;-73,06362;10,9;76,4;46;0;0;1;0;179;14532;343,3;1,7;0
2022-11-03 13:49:29;-36,78989;-73,06283;10,9;76,4;46;0;0;1;0;179;14532;343,8;1,2;0
2022-11-03 13:49:59;-36,78989;-73,06283;10,9;76,39;46;0;0;1;0;179;14532;343,9;1;0
2022-11-03 13:50:26;-36,78989;-73,06283;10,9;76,36;46;21;0;1;0;179;14532;340,7;32,1;1289
2022-11-03 13:50:59;-36,78989;-73,06283;12,7;76,04;47;68;0;1;0;178;14405;336,4;44,2;4177
2022-11-03 13:51:26;-36,79554;-73,06631;15,7;75,81;47;74;0;1;0;178;14532;335,3;53;4600
2022-11-03 13:51:59;-36,79554;-73,06631;11,9;75,68;48;71;0;1;0;178;14532;337,2;42,3;4412
2022-11-03 13:52:26;-36,80176;-73,07241;21,2;75,33;48;74;0;1;0;177;14532;340,5;-0,6;4532
2022-11-03 13:52:59;-36,807;-73,07995;8,8;75,21;49;77;0;1;0;177;14532;340,7;22,5;4780
2022-11-03 13:53:29;-36,807;-73,07995;12,1;74,94;50;80;0;1;0;176;14532;336,8;24,9;4918
2022-11-03 13:53:59;-36,81488;-73,08315;10,6;74,59;50;89;0;1;0;175;14532;331,4;81,7;5532
2022-11-03 13:54:29;-36,82204;-73,09015;9,4;74,27;51;91;0;1;0;174;14532;332,5;61,7;5642
2022-11-03 13:54:56;-36,82204;-73,09015;9,6;73,98;52;86;0;1;0;173;14532;335,5;35,1;5358
2022-11-03 13:55:29;-36,82961;-73,09753;9,9;73,82;52;74;0;1;0;173;14532;336,9;39,2;4594
2022-11-03 13:55:59;-36,83699;-73,10115;19,8;73,69;53;51;0;1;0;172;14532;343,5;21,8;3067
2022-11-03 13:56:29;-36,83699;-73,10115;11,5;73,68;53;47;0;1;0;173;14405;326,6;140,8;2968
2022-11-03 13:56:59;-36,8388;-73,09844;13,5;73,68;54;0;0;1;0;172;14532;342,4;1,3;0
2022-11-03 13:57:29;-36,83878;-73,09575;13,6;73,68;54;0;0;1;0;172;14405;342,5;1,3;0
2022-11-03 13:57:59;-36,83878;-73,09575;13,6;73,65;54;15;0;1;0;172;14405;340,3;14,4;926
2022-11-03 13:58:29;-36,83878;-73,09575;13,4;73,55;54;15;0;1;0;172;14405;338,8;35,9;959
2022-11-03 13:58:59;-36,84072;-73,09465;13,9;73,41;54;37;0;1;0;172;14532;337,5;38,4;2246
2022-11-03 13:59:26;-36,84072;-73,09465;8,3;73,39;54;4;0;1;0;172;14532;341,4;9,7;301
2022-11-03 13:59:59;-36,84238;-73,09288;6,4;73,33;54;5;0;1;0;172;14532;342,1;4,2;338
2022-11-03 14:00:26;-36,8426;-73,09358;8,3;73,3;54;0;0;1;0;172;14532;342,7;1,5;0
2022-11-03 14:00:56;-36,8426;-73,09358;8,4;73,29;54;0;0;1;0;172;14532;343;1;0
2022-11-03 14:01:26;-36,84253;-73,09357;8,4;73,28;54;1;0;1;0;172;14532;343;1,8;121
2022-11-03 14:01:56;-36,84253;-73,09357;8,4;73,27;54;0;0;1;0;171;14405;343;1,5;0
2022-11-03 14:02:29;-36,84253;-73,09357;8,4;73,26;54;0;0;1;0;171;14405;343,3;1,2;0
2022-11-03 14:04:35;-36,84253;-73,09357;8,4;73,25;54;0;0;1;0;171;12661;343,9;0;0
2022-11-03 14:05:02;-36,84253;-73,09357;8,4;73,24;54;4;0;1;0;171;14405;343,2;5,2;307
2022-11-03 14:05:35;-36,84253;-73,09357;8,4;73,21;54;12;0;1;0;171;14532;343,6;3,1;724
2022-11-03 14:06:02;-36,84253;-73,09357;8;73,13;55;30;0;1;0;171;14405;336,6;60;1880
2022-11-03 14:06:35;-36,84124;-73,0956;15;73,06;55;5;0;1;0;171;14532;343,3;1,4;223
2022-11-03 14:07:02;-36,83991;-73,09555;16,2;73,05;55;2;0;1;0;171;14405;343,5;1,7;139
2022-11-03 14:07:35;-36,83991;-73,09555;17,1;72,98;55;14;0;1;0;171;14405;341;18,9;882
2022-11-03 14:08:02;-36,83859;-73,09595;17,9;72,94;55;20;0;1;0;171;14405;340,2;25,8;1238
2022-11-03 14:08:35;-36,83849;-73,09883;21,2;72,77;55;43;0;1;0;170;14532;341,1;30,5;2574
2022-11-03 14:09:05;-36,83849;-73,09883;22,1;72,55;56;67;0;1;0;170;14532;339,4;14,8;4158
2022-11-03 14:09:32;-36,83449;-73,1012;16,5;72,33;56;73;0;1;0;169;14532;336,4;-0,9;4476
2022-11-03 14:10:02;-36,82818;-73,09602;15,5;72,02;57;84;0;1;0;169;14532;339,1;0,4;5202
2022-11-03 14:10:35;-36,82818;-73,09602;15,5;71,89;57;71;0;1;0;168;14532;336,6;36,1;4398
2022-11-03 14:11:05;-36,8219;-73,0899;14,5;71,66;58;70;0;1;0;168;14532;337,5;29,8;4330
2022-11-03 14:11:35;-36,81613;-73,08429;14,3;71,58;59;52;0;1;0;167;14532;344,9;-34,1;3079
2022-11-03 14:12:05;-36,81613;-73,08429;12,5;71,54;59;38;0;1;0;167;14532;339,4;28,5;2324
2022-11-03 14:12:35;-36,81483;-73,08314;13;70,98;59;89;0;1;0;166;14532;334,7;73,7;5551
2022-11-03 14:13:05;-36,80875;-73,09136;11,2;70,73;60;87;0;1;0;165;14532;334,1;51,7;5424
2022-11-03 14:13:32;-36,80875;-73,09136;13,6;70,57;61;76;0;1;0;165;14532;338,2;9,8;4645
2022-11-03 14:14:05;-36,80473;-73,10035;11,9;70,46;61;67;0;1;0;165;14532;343;-8,3;4050
2022-11-03 14:14:35;-36,80203;-73,1072;13,3;70,17;62;80;0;1;0;164;14532;328,2;106,5;4999
2022-11-03 14:15:05;-36,80203;-73,1072;11,6;69,8;62;85;0;1;0;163;14532;334,4;47,1;5242
2022-11-03 14:15:35;-36,7978;-73,11741;10,6;69,54;63;80;0;1;0;162;14532;331,4;77,8;4969
2022-11-03 14:16:02;-36,78897;-73,1187;10,3;69,16;64;87;0;1;0;161;14532;340,7;48,6;5347
2022-11-03 14:16:35;-36,78897;-73,1187;9;69,24;64;44;0;1;0;162;14532;334,4;57,8;2765
2022-11-03 14:17:05;-36,78407;-73,11801;11,4;68,95;65;67;0;1;0;161;14532;337,5;19,3;4137
2022-11-03 14:17:35;-36,77702;-73,11583;14,4;68,79;65;60;0;1;0;160;14532;346,9;13,1;3590
2022-11-03 14:18:02;-36,77702;-73,11583;14,7;68,69;66;55;0;1;0;160;14532;341;-26,2;3318
2022-11-03 14:18:32;-36,77166;-73,11443;14,7;68,74;66;0;0;1;0;160;14405;341,8;1,1;0
2022-11-03 14:19:05;-36,77153;-73,11441;14;68,67;66;36;0;1;0;160;14532;331,1;98,1;2374
2022-11-03 14:19:35;-36,77153;-73,11441;12,5;68,19;66;84;0;1;0;159;14532;330;88,2;5263
2022-11-03 14:20:05;-36,76443;-73,1171;11,5;67,95;67;82;0;1;0;158;14532;333,8;-2,2;5074
2022-11-03 14:20:32;-36,75695;-73,12233;12,3;67,64;68;79;0;1;0;158;14532;338,9;38,5;4859
2022-11-03 14:21:02;-36,75695;-73,12233;14,9;67,64;68;46;0;1;0;158;14532;342,2;10,6;2743
2022-11-03 14:21:32;-36,75149;-73,12339;16,5;67,34;68;67;0;1;0;157;14532;330,8;88,8;4227
2022-11-03 14:22:05;-36,74438;-73,12131;12,4;67,01;69;78;0;1;0;156;14532;337,5;18;4843
2022-11-03 14:22:35;-36,74438;-73,12131;11,3;67,01;70;46;0;1;0;156;14532;345;-53,3;2591
2022-11-03 14:23:02;-36,73982;-73,12032;10,2;66,94;70;41;0;1;0;156;14532;338,9;2,9;2451
2022-11-03 14:23:35;-36,73556;-73,11997;10,8;66,8;70;52;0;1;0;156;14532;337,5;29,4;3203
2022-11-03 14:24:02;-36,73556;-73,11997;14,2;66,74;71;43;0;1;0;156;14532;341,1;1,5;2549
2022-11-03 14:24:35;-36,73075;-73,11813;17,9;66,62;71;47;0;1;0;155;14532;338;31,7;2856
2022-11-03 14:25:05;-36,72776;-73,12066;12;66,56;71;46;0;1;0;155;14532;338,9;22,9;2785
2022-11-03 14:25:32;-36,72776;-73,12066;11,3;66,43;72;50;0;1;0;155;14532;338,8;2,3;3073
2022-11-03 14:26:05;-36,72787;-73,12722;11,3;66,35;72;49;0;1;0;155;14532;337,4;35,4;3037
2022-11-03 14:26:32;-36,72408;-73,13083;12,3;66,34;72;12;0;1;0;155;14532;341,8;-0,4;705
2022-11-03 14:27:05;-36,72408;-73,13083;13,1;66,11;73;54;0;1;0;154;14532;340;-1,7;3219
2022-11-03 14:27:32;-36,72127;-73,12713;12,6;65,97;73;58;0;1;0;154;14532;338,5;45,6;3488
2022-11-03 14:28:05;-36,71903;-73,1225;14,9;65,9;73;46;0;1;0;154;14532;337,4;35;2816
2022-11-03 14:28:32;-36,71903;-73,1225;14,9;65,86;74;25;0;1;0;148;14532;335,7;66,2;1622
2022-11-03 14:29:05;-36,71782;-73,11876;15,7;65,72;74;46;0;1;0;153;14532;334,1;61;2819
2022-11-03 14:29:32;-36,7151;-73,11754;20,9;65,68;74;38;0;1;0;153;14532;345,7;-49,7;2215
2022-11-03 14:30:05;-36,7151;-73,11754;12,6;65,68;74;30;0;1;0;153;14532;342,5;-15,6;1733
2022-11-03 14:30:35;-36,71347;-73,11558;7,2;65,64;74;29;0;1;0;153;14405;340,7;3;1719
2022-11-03 14:31:02;-36,71226;-73,11531;11,8;65,65;75;0;0;1;0;153;14532;342,1;1;0
2022-11-03 14:31:32;-36,71226;-73,11531;11,6;65,62;75;3;0;1;0;153;14532;342,1;1,1;169
2022-11-03 14:32:05;-36,71228;-73,11493;11,3;65,59;75;6;0;1;0;153;14532;342,1;1,2;282
2022-11-03 14:32:35;-36,71305;-73,11383;12,4;65,57;75;0;0;1;0;153;14532;342,1;1;0
2022-11-03 14:33:02;-36,71305;-73,11383;13,5;65,55;75;0;0;1;0;153;14532;342,1;1,3;0
2022-11-03 14:33:35;-36,71325;-73,11351;13,5;65,54;75;0;0;1;0;153;14532;342,2;0,8;0
2022-11-03 14:34:02;-36,71325;-73,11351;13,5;65,53;75;0;0;1;0;153;14405;342,4;0,8;0
2022-11-03 14:34:32;-36,71325;-73,11351;13,5;65,52;75;0;0;1;0;153;14405;342,5;0,8;0
2022-11-03 14:35:05;-36,71325;-73,11351;13,5;65,52;75;0;0;1;0;153;14532;342,5;0,8;0
2022-11-03 14:35:35;-36,71325;-73,11351;13,5;65,51;75;0;0;1;0;153;14532;342,5;0,8;0
2022-11-03 14:36:02;-36,71325;-73,11351;13,5;65,51;75;0;0;1;0;153;14405;342,7;0,8;0
2022-11-03 14:36:35;-36,71325;-73,11351;13,5;65,5;75;0;0;1;0;153;14532;342,7;1,6;0
2022-11-03 14:37:02;-36,71325;-73,11351;13,5;65,48;75;6;0;1;0;153;14405;341;15,9;504
2022-11-03 14:37:35;-36,71325;-73,11351;11;65,42;75;20;0;1;0;152;14532;340,8;11,6;1179
2022-11-03 14:38:02;-36,71482;-73,11119;12,4;65,25;75;53;0;1;0;152;14532;342,1;3,2;3177
2022-11-03 14:38:35;-36,71897;-73,11018;20,7;65,12;76;49;0;1;0;152;14532;344,9;-32,9;2886
2022-11-03 14:39:02;-36,71897;-73,11018;14,2;64,99;76;61;0;1;0;152;14532;335,3;39,1;3775
2022-11-03 14:39:32;-36,72481;-73,11;16,2;64,89;76;54;0;1;0;151;14532;341,3;-20,5;3220
2022-11-03 14:40:02;-36,73115;-73,10938;15,9;64,82;77;26;0;1;0;151;14532;345,5;-31,3;1389
2022-11-03 14:40:32;-36,73115;-73,10938;16;64,83;77;0;0;1;0;151;14532;342,2;0,9;0
2022-11-03 14:41:02;-36,73156;-73,10904;13,2;64,73;77;35;0;1;0;151;14532;344,9;-35;2007
2022-11-03 14:41:35;-36,73367;-73,10651;14,2;64,59;77;48;0;1;0;151;14532;337,8;34,5;2941
2022-11-03 14:42:02;-36,73367;-73,10651;16;64,31;78;71;0;1;0;150;14532;331,4;83,1;4459
2022-11-03 14:42:32;-36,73189;-73,10001;12,3;63,96;78;83;0;1;0;149;14532;343,5;-53,2;5035
2022-11-03 14:43:02;-36,73248;-73,09013;11,6;63,92;79;58;0;1;0;149;14532;342,2;-56,6;3494
2022-11-03 14:43:32;-36,73248;-73,09013;11,9;63,58;79;79;0;1;0;148;14532;333,6;43,5;4883
2022-11-03 14:44:02;-36,73394;-73,08147;12,6;63,17;80;85;0;1;0;147;14532;331;79,1;5259
2022-11-03 14:44:35;-36,73358;-73,07005;10,9;62,92;81;80;0;1;0;147;14532;331,4;77,6;4987
2022-11-03 14:45:02;-36,73358;-73,07005;11,7;62,69;81;73;0;1;0;146;14532;331,1;83,4;4539
2022-11-03 14:45:32;-36,73512;-73,06037;11,6;62,43;82;79;0;1;0;145;14532;333,9;49,2;4923
2022-11-03 14:46:02;-36,7384;-73,05048;11,6;62,11;83;85;0;1;0;145;14532;333,9;44,9;5242
2022-11-03 14:48:32;-36,7384;-73,05048;40,1;61,84;83;85;0;1;0;144;14532;335,3;32,6;5243
2022-11-03 14:49:02;-36,74634;-73,04519;79,9;61,57;84;84;0;1;0;143;14532;331,6;67,6;5239
2022-11-03 14:49:35;-36,75385;-73,03982;94,1;61,26;85;84;0;1;0;143;14532;331,1;79;5216
2022-11-03 14:49:38;-36,75385;-73,03982;94,9;60,91;85;85;0;1;0;142;14532;331;72,8;5254
2022-11-03 14:49:41;-36,75712;-73,02918;95,7;60,31;86;84;0;1;0;141;14532;323,2;145,3;5245
2022-11-03 14:49:41;-36,7599;-73,01845;95,7;59,54;87;84;0;1;0;139;14532;324,1;124,3;5239
2022-11-03 14:49:44;-36,7599;-73,01845;96,4;59,49;87;35;0;1;0;138;14532;337,2;9,1;2081
2022-11-03 14:50:02;-36,75819;-73,01216;98,3;59,46;87;4;0;1;0;138;14532;339,6;3,1;290
2022-11-03 14:50:32;-36,75801;-73,01164;99,4;59,45;87;2;0;1;0;138;14532;340,2;1,8;113
2022-11-03 14:51:02;-36,75801;-73,01164;99,4;59,44;87;3;0;1;0;138;14532;340;6,1;253
2022-11-03 14:51:35;-36,75801;-73,01164;100,3;59,35;87;38;0;1;0;138;14532;335;47,7;2356
2022-11-03 14:52:02;-36,75539;-73,00621;81,7;59,14;88;78;0;1;0;137;14532;343,5;-50;4821
2022-11-03 14:52:35;-36,75539;-73,00621;61,9;59,35;89;40;0;1;0;138;14532;343,9;-5,9;2376
2022-11-03 14:53:02;-36,75533;-73,00123;57,6;59,19;89;52;0;1;0;137;14532;340,8;-15,3;3113
2022-11-03 14:53:35;-36,7519;-73,00008;60,8;59,23;89;0;0;1;0;137;14532;341;1,7;0
2022-11-03 14:54:02;-36,7519;-73,00008;60,8;59,22;89;0;0;1;0;137;14405;341,1;1,5;0
2022-11-03 14:54:35;-36,7519;-73,00008;63,9;59,05;89;46;0;1;0;137;14532;329,1;115,9;2830
2022-11-03 14:55:02;-36,75077;-73,00213;82;58,82;89;12;0;1;0;136;14532;339,9;0,5;660
2022-11-03 14:55:32;-36,75077;-73,00213;79,7;58,81;89;0;0;1;0;136;14532;340,7;0,8;0
2022-11-03 14:56:02;-36,75065;-73,00252;79,7;58,8;89;0;0;1;0;136;14532;341;0,7;0
2022-11-03 14:56:35;-36,75065;-73,00252;79,7;58,8;89;0;0;1;0;136;14532;341,1;0,7;0
2022-11-03 14:57:02;-36,75065;-73,00252;79,7;58,8;89;0;0;1;0;136;14532;341,3;0,7;0
2022-11-03 14:57:35;-36,75065;-73,00252;79,7;58,79;89;0;0;1;0;136;14532;341,4;0,7;0
2022-11-03 14:58:02;-36,75065;-73,00252;79,7;58,78;89;0;0;1;0;136;14532;341,4;0,9;0
2022-11-03 14:58:35;-36,75065;-73,00252;79,7;58,77;89;4;0;1;0;136;14532;339,9;14,5;310
2022-11-03 14:59:02;-36,75065;-73,00252;84,8;58,67;90;18;0;1;0;136;14532;342,4;-10,4;1059
2022-11-03 14:59:32;-36,75187;-73,00118;64,1;58,81;90;31;0;1;0;136;14532;345,5;-30,3;1824
2022-11-03 15:00:02;-36,75187;-73,00118;58,1;58,79;90;30;0;1;0;136;14532;335,2;68,6;1900
2022-11-03 15:00:32;-36,75338;-73,00082;52,2;58,44;90;77;0;1;0;136;14532;333,6;61,7;4781
2022-11-03 15:01:05;-36,76011;-73,0065;36,9;58,46;91;67;0;1;0;136;14532;342,5;-7,5;4138
2022-11-03 15:01:32;-36,76011;-73,0065;28,3;58,38;92;73;0;1;0;135;14532;337,8;30,5;4522
2022-11-03 15:02:02;-36,7664;-73,01166;25,7;58,33;92;55;0;1;0;136;14532;334,2;76,6;3442
2022-11-03 15:02:32;-36,77258;-73,01517;16,4;58,21;93;66;0;1;0;135;14532;333,6;73,3;4115
2022-11-03 15:03:05;-36,77258;-73,01517;13,4;57,99;93;74;0;0;0;132;14532;334,1;58;4613
2022-11-03 15:03:32;-36,77951;-73,01954;13,3;57,97;94;49;0;0;0;132;14405;337,1;14,1;2999
2022-11-03 15:04:02;-36,78518;-73,02241;14,8;57,69;94;73;0;0;0;132;14532;335;42,8;4533
2022-11-03 15:04:32;-36,78518;-73,02241;14,2;57,67;95;48;0;0;0;131;14532;343,6;-23,8;2843
2022-11-03 15:05:02;-36,79125;-73,02504;14,9;57,69;95;21;0;0;0;131;14405;334,6;64,9;1417
2022-11-03 15:05:32;-36,79545;-73,02573;17,3;57,38;95;61;0;0;0;130;14405;344,1;-42,5;3682
2022-11-03 15:06:02;-36,79545;-73,02573;19,5;57,17;96;72;0;0;0;130;14405;330,5;93,4;4481
2022-11-03 15:06:32;-36,80227;-73,02567;19,5;56,91;96;78;0;0;0;129;14405;337,5;12,5;4805
2022-11-03 15:07:02;-36,80925;-73,02602;21,1;56,84;97;61;0;0;0;129;14405;339,1;16;3754
2022-11-03 15:07:32;-36,80925;-73,02602;19,7;56,81;97;48;0;0;0;129;14405;339,3;33,6;2900
2022-11-03 15:08:05;-36,80837;-73,03119;21,9;56,79;98;8;0;0;0;129;14405;340,5;2,3;428
2022-11-03 15:08:32;-36,80793;-73,03217;21,8;56,78;98;0;0;0;0;129;14405;340,8;2,1;0
2022-11-03 15:09:02;-36,80793;-73,03217;25,6;56,72;98;11;0;0;0;129;14405;338,2;27,5;763
2022-11-03 15:09:32;-36,80843;-73,03333;20;56,67;98;0;0;0;0;129;14405;340,8;1,8;0
2022-11-03 15:10:02;-36,80949;-73,03431;19,8;56,46;98;41;0;0;0;129;14405;334,1;64,1;2553
2022-11-03 15:10:32;-36,80949;-73,03431;18,1;56,36;98;40;0;0;0;128;14405;334,9;52,5;2482
2022-11-03 15:11:02;-36,81249;-73,0374;12;56,35;98;0;0;0;0;128;14405;340,7;1,8;0
2022-11-03 15:11:32;-36,81391;-73,03883;16;56,28;99;2;0;0;0;128;14405;340,3;2,4;161
2022-11-03 15:12:02;-36,81391;-73,03883;13,7;56,25;99;7;0;0;0;128;14405;338,5;25,5;582
2022-11-03 15:12:32;-36,81472;-73,04067;14;56,02;99;54;0;0;0;128;14405;336,1;35,9;3332
2022-11-03 15:13:02;-36,81631;-73,04446;17,8;56,05;99;15;0;0;0;128;14405;341;-2,7;846
2022-11-03 15:13:32;-36,81631;-73,04446;19,4;56,04;99;13;0;0;0;128;14405;336,9;38,7;903
2022-11-03 15:14:02;-36,81681;-73,04568;21,5;55,98;99;2;0;0;0;127;14405;340,5;4,5;182
2022-11-03 15:14:32;-36,81472;-73,04745;21,9;55,86;100;26;0;0;0;127;14405;343;-23,1;1393
2022-11-03 15:15:02;-36,81472;-73,04745;22,5;55,83;100;20;0;0;0;127;14405;340;7,9;1174
2022-11-03 15:15:32;-36,81383;-73,04804;22,2;55,82;100;0;0;0;0;127;14405;340,8;2;0
2022-11-03 15:16:02;-36,81383;-73,04804;22,2;55,81;100;1;0;0;0;127;14405;340,7;5,5;148
2022-11-03 15:16:32;-36,81383;-73,04804;22,4;55,7;100;31;0;0;0;127;14405;336,6;43,8;1904
2022-11-03 15:17:02;-36,81482;-73,05067;23,7;55,52;100;46;0;0;0;126;14405;340,3;-7,4;2747
2022-11-03 15:17:32;-36,81578;-73,05499;22,3;55,48;100;23;0;0;0;126;14405;342,1;-17,1;1235
2022-11-03 15:18:02;-36,81578;-73,05499;22,8;55,38;101;30;0;0;0;126;14405;331,9;74,1;1918
2022-11-03 15:18:32;-36,81457;-73,05736;14,4;55,33;101;0;0;0;0;126;14405;340,7;1,8;0
2022-11-03 15:19:02;-36,81343;-73,05801;-0,6;55,31;101;0;0;0;0;126;14405;341;1,8;0
2022-11-03 15:19:32;-36,81343;-73,05801;-0,6;55,3;101;0;0;1;0;130;14405;341,1;0,8;0
2022-11-03 15:20:05;-36,8132;-73,05816;-5,2;55,22;101;46;0;1;0;130;14532;345,5;-52,2;2707
2022-11-03 15:20:32;-36,80898;-73,05939;5,5;55,14;101;36;0;1;0;130;14532;342,2;-37,2;2101
2022-11-03 15:21:02;-36,80898;-73,05939;19,9;54,87;102;49;0;1;0;129;14532;337,1;7,9;2964
2022-11-03 15:21:32;-36,80654;-73,06299;16,8;54,78;102;40;0;1;0;129;14532;344,3;-42,5;2335
2022-11-03 15:22:02;-36,80658;-73,06881;12,6;54,65;102;52;0;1;0;128;14532;339,9;-9,7;3136
2022-11-03 15:22:32;-36,80658;-73,06881;16,4;54,52;103;44;0;1;0;128;14532;333,6;70,2;2716
2022-11-03 15:23:02;-36,80587;-73,07362;16,6;54,34;103;59;0;1;0;127;14532;334,4;45,4;3634
2022-11-03 15:23:32;-36,80416;-73,07684;15,7;54,38;103;14;0;1;0;127;14405;341;-3,1;840
2022-11-03 15:24:05;-36,80416;-73,07684;15,4;54,11;104;57;0;1;0;127;14532;336,3;34;3493
2022-11-03 15:24:32;-36,79946;-73,07993;16,6;53,99;104;50;0;1;0;126;14532;337,7;20,4;3068
2022-11-03 15:25:02;-36,79688;-73,08124;15,2;54,04;104;7;0;1;0;126;14532;339,9;7,5;496
2022-11-03 15:25:35;-36,79688;-73,08124;12,7;54,02;104;0;0;1;0;126;14532;341;0,7;0
2022-11-03 15:26:02;-36,7966;-73,08096;12,7;54,02;104;0;0;1;0;126;14532;341;0,7;0
2022-11-03 15:26:32;-36,7966;-73,08096;12,7;54,02;104;0;0;1;0;126;14532;341,1;0,7;0
2022-11-03 15:27:02;-36,7966;-73,08096;12,7;54,01;104;0;0;1;0;126;14532;341,3;0,7;0
2022-11-03 15:27:32;-36,7966;-73,08096;12,7;54,01;104;0;0;1;0;126;14532;341,3;0,7;0
2022-11-03 15:28:02;-36,7966;-73,08096;12,7;54;104;0;0;1;0;126;14532;341,3;0,7;0
2022-11-03 15:28:32;-36,7966;-73,08096;12,7;54;104;0;0;1;0;126;14532;341,3;0,7;0
2022-11-03 15:29:02;-36,7966;-73,08096;12,7;53,99;104;0;0;0;0;126;14532;341,4;0,5;0
2022-11-03 15:29:32;-36,7966;-73,08096;12,7;53,99;104;0;0;0;0;126;14532;341,4;0,6;0
2022-11-03 15:30:02;-36,7966;-73,08096;12,7;53,99;104;0;0;0;0;126;14532;341,4;0,7;0
2022-11-03 15:30:32;-36,7966;-73,08096;12,7;53,98;104;0;0;0;0;126;14532;341,3;0,8;0
2022-11-03 15:31:02;-36,7966;-73,08096;12,7;53,97;104;0;0;0;0;126;14532;341,3;0,7;0
2022-11-03 15:31:32;-36,7966;-73,08096;12,7;53,97;104;0;0;0;0;126;14532;341,4;0,7;0
2022-11-03 15:32:02;-36,7966;-73,08096;12,7;53,96;104;11;0;0;0;126;14532;341,1;2,5;648
2022-11-03 15:32:32;-36,7966;-73,08096;12,7;53,95;104;0;0;0;0;126;14532;341,4;1,4;0
2022-11-03 15:33:02;-36,7966;-73,08096;12,7;53,95;104;0;0;0;0;126;14532;341,4;0,5;0
2022-11-03 15:33:32;-36,7966;-73,08096;12,7;53,94;104;0;0;0;0;126;14405;341,6;0,5;0
2022-11-03 15:34:02;-36,7966;-73,08096;12,7;53,94;104;0;0;0;0;126;14532;341,6;0,5;0
2022-11-03 15:34:32;-36,7966;-73,08096;12,7;53,93;104;0;0;0;0;126;14532;341,4;0,5;0
2022-11-03 15:35:02;-36,7966;-73,08096;12,7;53,93;104;0;0;0;0;126;14532;341,6;0,5;0
2022-11-03 15:35:32;-36,7966;-73,08096;12,7;53,93;104;0;0;0;0;126;14532;341,6;0,5;0
2022-11-03 15:36:02;-36,7966;-73,08096;12,7;53,93;104;0;0;0;0;126;14532;341,6;0,7;0
2022-11-03 15:36:32;-36,7966;-73,08096;18,7;53,9;104;13;0;0;0;126;14532;341,4;0,3;767
2022-11-03 15:37:02;-36,79621;-73,08111;18,9;53,89;104;5;0;0;0;126;14532;341,4;1;277
2022-11-03 15:37:32;-36,79621;-73,08111;18,9;53,88;104;0;0;0;0;126;14532;341,6;0,8;0
2022-11-03 19:51:38;-36,79621;-73,08111;18,9;53,87;104;0;0;0;0;121;14532;342,2;1,2;0
2022-11-03 19:52:08;-36,79621;-73,08111;18,9;53,85;104;0;0;0;0;121;14405;342,1;1;0
2022-11-03 19:52:38;-36,79621;-73,08111;18,9;53,84;104;0;0;0;0;121;14532;342,2;0,8;0
2022-11-03 19:52:53;-36,79621;-73,08111;18,9;53,84;104;0;0;0;0;121;12931;342,1;1,3;0
2022-11-03 19:53:59;-36,79621;-73,08111;18,9;53,84;104;0;0;0;0;121;12526;342,2;0;0
2022-11-03 19:54:29;-36,79621;-73,08111;18,9;53,82;104;6;0;0;0;121;14405;341,6;4,2;353
2022-11-03 19:54:59;-36,79621;-73,08111;12,3;53,79;105;13;0;0;0;121;14405;341,9;-1;736
2022-11-03 19:55:29;-36,79679;-73,08092;11,5;53,76;105;18;0;0;0;121;14405;342,4;5;1021
2022-11-03 19:55:59;-36,79628;-73,08032;19;53,74;105;2;0;0;0;121;14405;341,1;4,6;164
2022-11-03 19:56:29;-36,79628;-73,08032;15,2;53,71;105;13;0;0;0;121;14405;341;8,2;794
2022-11-03 19:56:59;-36,79675;-73,08065;14,8;53,68;105;9;0;0;0;120;14532;341,3;1,7;568
2022-11-03 19:57:29;-36,79637;-73,08103;11,4;53,66;105;7;0;0;0;120;14405;340;10,4;450
2022-11-03 19:57:59;-36,79637;-73,08103;10,2;53,62;105;15;0;0;0;120;14532;340,8;2,2;870
2022-11-03 19:58:29;-36,7968;-73,0807;13,6;53,6;105;7;0;0;0;120;14405;341,3;1,6;194
2022-11-03 19:58:59;-36,7963;-73,08032;14,8;53,59;105;0;0;0;0;120;14532;341,4;1,7;0
2022-11-03 19:59:29;-36,7963;-73,08032;14,8;53,57;105;6;0;0;0;120;14405;341,1;2,9;377
2022-11-03 19:59:59;-36,7963;-73,08032;14,8;53,55;105;11;0;0;0;120;14532;340,5;7,6;654
2022-11-03 20:00:29;-36,79657;-73,0812;12,1;53,53;105;6;0;0;0;120;14405;341,3;1,4;377
2022-11-03 20:00:59;-36,79657;-73,0812;12;53,51;105;3;0;0;0;120;14405;341,3;3,5;198
2022-11-03 20:01:29;-36,79632;-73,08101;11,2;53,49;105;0;0;0;0;120;14405;341,3;0,7;0
2022-11-03 20:02:17;-36,79633;-73,08101;11,2;53,49;105;0;0;0;0;120;12931;341,8;1,7;0
2022-11-03 20:02:47;-36,79633;-73,08101;11,2;53,48;105;0;0;0;0;120;12931;341,6;1,2;0
2022-11-03 20:03:17;-36,79633;-73,08101;11,2;53,47;105;5;0;0;0;120;14405;340,8;5,6;349
2022-11-03 20:03:47;-36,79667;-73,08114;11,4;53,42;105;17;0;0;0;120;14532;341,9;-10,6;986
2022-11-03 20:04:17;-36,79667;-73,08114;16,7;53,37;106;17;0;0;0;120;14405;337,8;21,5;1110
2022-11-03 20:04:47;-36,79661;-73,08044;12,8;53,31;106;11;0;0;0;119;14405;340,7;0,7;674
2022-11-03 20:05:17;-36,79626;-73,08097;13,2;53,28;106;5;0;0;0;119;14405;340,3;5,7;325
2022-11-03 20:05:47;-36,79626;-73,08097;13;53,27;106;6;0;0;0;119;14532;340,7;6;384
2022-11-03 20:06:17;-36,79637;-73,08112;13,1;53,22;106;22;0;0;0;119;14405;342,4;-22,8;1221
2022-11-03 20:06:47;-36,79627;-73,08027;19,2;53,17;106;4;0;0;0;119;14405;340,3;6,1;299
2022-11-03 20:07:17;-36,79627;-73,08027;20,3;53,14;106;14;0;0;0;119;14405;336;42,2;982
2022-11-03 20:07:47;-36,79663;-73,08046;14,8;53,06;106;10;0;0;0;119;14405;340,2;1,6;607
2022-11-03 20:08:17;-36,79639;-73,08104;15,5;53,04;106;0;0;0;0;119;14405;340,5;1,9;0
2022-11-03 20:08:47;-36,79639;-73,08104;13,9;53,03;106;6;0;0;0;119;14532;340,3;4,2;359
2022-11-03 20:09:17;-36,79627;-73,08114;12,6;53;106;0;0;0;0;119;14532;340,7;1,7;0
2022-11-03 20:09:47;-36,79664;-73,08119;12,5;52,99;106;6;0;0;0;119;14405;340,8;2,6;357
2022-11-03 20:10:17;-36,79664;-73,08119;20,1;52,93;106;11;0;0;0;119;14405;340,5;1,5;651
2022-11-03 20:10:47;-36,79616;-73,08026;19,4;52,9;106;2;0;0;0;118;14532;340,7;3,9;180
2022-11-03 20:11:17;-36,79626;-73,08032;20,1;52,89;106;0;0;0;0;118;14405;340,8;1,1;0
2022-11-03 20:11:47;-36,79626;-73,08032;20,1;52,79;107;33;0;0;0;118;14405;345,5;-62,9;1799
2022-11-03 20:12:17;-36,79661;-73,08119;18,9;52,78;107;8;0;0;0;118;14405;340,3;1,5;417
2022-11-03 20:12:47;-36,79632;-73,08105;19,2;52,76;107;0;0;0;0;118;14405;340,8;0,7;0
