fecha_hora;lat;lon;altitud;SOC;odometro;vel;AC;calefaccion;cargando;km_restantes;carga_bat_aux;voltaje;corriente;rpm
2022-11-30 09:41:03;-36,80056;-73,06016;12,1;99,54;1890;0;0;0;0;226;12146;348;0;0
2022-11-30 09:41:33;-36,80056;-73,06016;19,4;99,54;1890;3;0;0;0;227;12146;347,4;3,5;217
2022-11-30 09:42:03;-36,80054;-73,06013;19,4;99,52;1890;0;0;0;0;227;14318;347,7;0,7;0
2022-11-30 09:42:33;-36,80054;-73,06013;19,4;99,52;1890;0;0;0;0;227;14318;347,5;0,7;0
2022-11-30 10:01:36;-36,80054;-73,06013;19,4;99,52;1890;0;0;0;0;227;12280;347,7;0;0
2022-11-30 10:06:45;-36,80054;-73,06013;19,4;99,51;1890;0;0;0;0;227;12011;347,7;0,1;0
2022-11-30 10:07:03;-36,80054;-73,06013;19,4;99,51;1890;0;0;0;0;230;14318;347,5;0;0
2022-11-30 10:07:33;-36,80054;-73,06013;21,6;99,51;1890;0;0;0;0;227;14318;347,4;1;0
2022-11-30 10:08:39;-36,8005;-73,06009;21,6;99,5;1890;0;0;0;0;227;12685;347,5;0;0
2022-11-30 10:09:09;-36,8005;-73,06009;21,6;99,49;1890;2;0;0;0;227;14318;346,9;3,8;165
2022-11-30 10:09:39;-36,8005;-73,06009;21,6;99,47;1890;1;0;0;0;227;14318;347,1;2,3;127
2022-11-30 10:19:57;-36,80047;-73,0601;24,4;99,44;1890;1;0;0;0;227;11876;346,6;3,6;118
2022-11-30 10:20:27;-36,80047;-73,0601;24,4;99,42;1890;5;0;0;0;227;14318;346,6;3,8;306
2022-11-30 10:20:57;-36,80047;-73,0601;24,4;99,38;1890;3;0;0;0;227;14453;345,7;7,3;205
2022-11-30 10:21:27;-36,80047;-73,0601;24,4;99,37;1890;1;0;0;0;227;14318;346,3;2,9;63
2022-11-30 10:21:57;-36,80047;-73,0601;24,4;99,35;1890;0;0;0;0;227;14318;346;2,5;51
2022-11-30 10:22:27;-36,80047;-73,0601;24,4;99,32;1890;12;0;0;0;227;14318;346;0,4;687
2022-11-30 10:22:57;-36,80047;-73,0601;24,4;99,32;1890;1;0;0;0;227;14318;346;0,9;0
2022-11-30 10:23:27;-36,80047;-73,0601;24,4;99,31;1890;0;0;0;0;220;14318;345,8;2,6;0
2022-11-30 10:23:57;-36,80047;-73,0601;24,4;99,3;1890;0;0;0;0;220;14318;346;0,8;0
2022-11-30 10:24:27;-36,80047;-73,0601;24,4;99,28;1890;1;0;0;0;220;14318;345,7;4,3;154
2022-11-30 10:24:57;-36,80047;-73,0601;32,7;99,27;1890;4;0;0;0;220;14318;345,7;1,1;248
2022-11-30 10:25:27;-36,79995;-73,0585;27,6;99,26;1890;3;0;0;0;220;14453;345,7;1,1;188
2022-11-30 10:25:57;-36,79995;-73,0585;25;99,25;1890;0;0;0;0;220;14318;345,7;1,3;0
2022-11-30 10:26:27;-36,79995;-73,0584;25;99,24;1890;0;0;0;0;220;14318;345,5;2,2;0
2022-11-30 10:26:57;-36,79995;-73,0584;25;99,22;1890;0;0;0;0;220;14318;345,3;2,7;0
2022-11-30 10:27:27;-36,79995;-73,0584;25;99,21;1890;0;0;0;0;220;14318;345,5;2,3;0
2022-11-30 10:27:57;-36,79995;-73,0584;13,5;99,15;1891;35;0;0;0;220;14318;344,6;8,7;2089
2022-11-30 10:28:27;-36,80267;-73,05588;9,6;99,08;1891;38;0;0;0;220;14318;344,7;0;2218
2022-11-30 10:28:57;-36,80267;-73,05588;8,1;99,1;1891;20;0;0;0;220;14453;343,6;17,8;1218
2022-11-30 10:29:27;-36,80405;-73,05512;9,6;99,09;1891;1;0;0;0;220;14318;342,7;19,3;309
2022-11-30 10:29:57;-36,80356;-73,05492;14,4;98,99;1891;21;0;0;0;219;14318;339,9;47,3;1344
2022-11-30 10:30:27;-36,80356;-73,05492;13,4;98,93;1891;9;0;0;0;219;14453;342,8;14,7;647
2022-11-30 10:30:57;-36,8011;-73,05648;25;98,6;1892;52;0;0;0;218;14453;338,3;47,1;3193
2022-11-30 10:31:27;-36,79762;-73,0615;29,3;98,5;1892;31;0;0;0;218;14318;340,8;30,3;1926
2022-11-30 10:31:57;-36,79762;-73,0615;21;98,44;1892;53;0;0;0;218;14318;343,3;8,8;3274
2022-11-30 10:32:27;-36,79432;-73,06488;12,1;98,39;1893;55;0;0;0;218;14318;339,1;44;3365
2022-11-30 10:32:57;-36,78914;-73,06138;13,1;98,13;1893;72;0;0;0;217;14318;343,9;-15,4;4466
2022-11-30 10:33:27;-36,78914;-73,06138;9,8;97,94;1894;74;0;0;0;218;14318;339,9;27,7;4564
2022-11-30 10:33:57;-36,78169;-73,05857;10;97,98;1894;33;0;0;0;218;14453;343,9;0,2;1924
2022-11-30 10:34:27;-36,78143;-73,0586;9,3;97,81;1895;52;0;0;0;217;14453;340;31,7;3194
2022-11-30 10:34:57;-36,78143;-73,0586;5,8;97,63;1895;62;0;0;0;217;14453;339,6;30,2;3807
2022-11-30 10:35:27;-36,78747;-73,06069;15;97,44;1895;49;0;0;0;216;14453;338,2;70,8;2990
2022-11-30 10:35:57;-36,79283;-73,06422;11,2;97,29;1896;58;0;0;0;216;14318;348;-59,5;3441
2022-11-30 10:36:27;-36,79283;-73,06422;10,6;97,27;1896;42;0;0;0;216;14318;350,2;-14,2;2429
2022-11-30 10:36:57;-36,79579;-73,06761;21,3;97,01;1897;56;0;0;0;214;14318;334,9;79,9;3454
2022-11-30 10:37:27;-36,7977;-73,06176;30,9;96,75;1897;58;0;0;0;214;14318;347,1;-84,6;3419
2022-11-30 10:37:57;-36,7977;-73,06176;18,3;96,88;1897;25;0;0;0;214;14318;344,6;-2,5;1509
2022-11-30 10:38:27;-36,79968;-73,05852;12,5;96,86;1897;3;0;0;0;214;14318;343,9;1,8;140
2022-11-30 10:38:57;-36,79996;-73,05884;13;96,84;1897;10;0;0;0;214;14318;342,4;20,1;716
2022-11-30 10:39:27;-36,79996;-73,05884;13,5;96,83;1898;12;0;0;0;214;14318;344,4;1;685
2022-11-30 10:39:57;-36,8006;-73,05951;13,5;96,78;1898;7;0;0;0;214;14318;344,1;1,4;412
2022-11-30 10:40:27;-36,8006;-73,05951;13,5;96,76;1898;0;0;0;0;214;14318;344,4;0,8;0
