fecha_hora;lat;lon;altitud;SOC;odometro;vel;AC;calefaccion;cargando;km_restantes;carga_bat_aux;voltaje;corriente;rpm
2022-11-29 00:00:03;-36,79986;-73,0589;15,1;93,52;1889;0;0;0;1;86;14532;350,3;-3,3;0
2022-11-29 00:00:33;-36,79986;-73,0589;15,1;93,53;1889;0;0;0;1;86;14532;350,5;-3,3;0
2022-11-29 00:01:03;-36,79986;-73,0589;15,1;93,53;1889;0;0;0;1;86;14532;350,5;-3,3;0
2022-11-29 00:01:33;-36,79986;-73,0589;15,1;93,54;1889;0;0;0;1;86;14532;350,5;-3,3;0
2022-11-29 00:02:03;-36,79986;-73,0589;15,1;93,55;1889;0;0;0;1;86;14532;350,3;-3,3;0
2022-11-29 00:02:33;-36,79986;-73,0589;15,1;93,56;1889;0;0;0;1;86;14532;350,5;-3,4;0
2022-11-29 00:03:03;-36,79986;-73,0589;15,1;93,57;1889;0;0;0;1;86;14532;350,5;-3,3;0
2022-11-29 00:03:33;-36,79986;-73,0589;15,1;93,58;1889;0;0;0;1;86;14532;350,5;-3,4;0
2022-11-29 00:04:03;-36,79986;-73,0589;15,1;93,59;1889;0;0;0;1;86;14532;350,5;-3,3;0
2022-11-29 00:04:33;-36,79986;-73,0589;15,1;93,6;1889;0;0;0;1;86;14532;350,5;-3,3;0
2022-11-29 00:05:03;-36,79986;-73,0589;15,1;93,61;1889;0;0;0;1;86;14532;350,5;-3,3;0
2022-11-29 00:05:33;-36,79986;-73,0589;15,1;93,62;1889;0;0;0;1;86;14532;350,5;-3,4;0
2022-11-29 00:06:03;-36,79986;-73,0589;15,1;93,63;1889;0;0;0;1;86;14532;350,5;-3,3;0
2022-11-29 00:06:33;-36,79986;-73,0589;15,1;93,64;1889;0;0;0;1;86;14532;350,5;-3,3;0
2022-11-29 00:07:03;-36,79986;-73,0589;15,1;93,65;1889;0;0;0;1;86;14532;350,5;-3,3;0
2022-11-29 00:07:33;-36,79986;-73,0589;15,1;93,66;1889;0;0;0;1;86;14532;350,5;-3,4;0
2022-11-29 00:08:03;-36,79986;-73,0589;15,1;93,67;1889;0;0;0;1;86;14532;350,5;-3,4;0
2022-11-29 00:08:33;-36,79986;-73,0589;15,1;93,68;1889;0;0;0;1;86;14532;350,5;-3,3;0
2022-11-29 00:09:03;-36,79986;-73,0589;15,1;93,68;1889;0;0;0;1;86;14532;350,5;-3,3;0
2022-11-29 00:09:33;-36,79986;-73,0589;15,1;93,69;1889;0;0;0;1;86;14532;350,5;-3,3;0
2022-11-29 00:10:03;-36,79986;-73,0589;15,1;93,7;1889;0;0;0;1;86;14532;350,5;-3,3;0
2022-11-29 00:10:33;-36,79986;-73,0589;15,1;93,71;1889;0;0;0;1;86;14532;350,5;-3,4;0
2022-11-29 00:11:03;-36,79986;-73,0589;15,1;93,72;1889;0;0;0;1;86;14532;350,7;-3,4;0
2022-11-29 00:11:33;-36,79986;-73,0589;15,1;93,73;1889;0;0;0;1;86;14532;350,5;-3,4;0
2022-11-29 00:12:03;-36,79986;-73,0589;15,1;93,74;1889;0;0;0;1;86;14532;350,5;-3,3;0
2022-11-29 00:12:33;-36,79986;-73,0589;15,1;93,75;1889;0;0;0;1;86;14532;350,5;-3,3;0
2022-11-29 00:13:03;-36,79986;-73,0589;15,1;93,76;1889;0;0;0;1;86;14532;350,5;-3,3;0
2022-11-29 00:13:33;-36,79986;-73,0589;15,1;93,77;1889;0;0;0;1;86;14532;350,7;-3,3;0
2022-11-29 00:14:03;-36,79986;-73,0589;15,1;93,78;1889;0;0;0;1;86;14532;350,7;-3,4;0
2022-11-29 00:14:33;-36,79986;-73,0589;15,1;93,79;1889;0;0;0;1;86;14532;350,7;-3,4;0
2022-11-29 00:15:03;-36,79986;-73,0589;15,1;93,8;1889;0;0;0;1;86;14532;350,7;-3,4;0
2022-11-29 00:15:33;-36,79986;-73,0589;15,1;93,81;1889;0;0;0;1;86;14532;350,7;-3,4;0
2022-11-29 00:16:03;-36,79986;-73,0589;15,1;93,82;1889;0;0;0;1;86;14532;350,7;-3,3;0
2022-11-29 00:16:33;-36,79986;-73,0589;15,1;93,82;1889;0;0;0;1;86;14532;350,7;-3,3;0
2022-11-29 00:17:03;-36,79986;-73,0589;15,1;93,84;1889;0;0;0;1;86;14532;350,7;-3,3;0
2022-11-29 00:17:33;-36,79986;-73,0589;15,1;93,84;1889;0;0;0;1;86;14532;350,7;-3,3;0
2022-11-29 00:18:03;-36,79986;-73,0589;15,1;93,86;1889;0;0;0;1;86;14532;350,7;-3,3;0
2022-11-29 00:18:33;-36,79986;-73,0589;15,1;93,86;1889;0;0;0;1;86;14532;350,7;-3,4;0
2022-11-29 00:19:03;-36,79986;-73,0589;15,1;93,87;1889;0;0;0;1;86;14532;350,7;-3,3;0
2022-11-29 00:19:33;-36,79986;-73,0589;15,1;93,88;1889;0;0;0;1;86;14532;350,7;-3,3;0
2022-11-29 00:20:03;-36,79986;-73,0589;15,1;93,89;1889;0;0;0;1;86;14532;350,8;-3,3;0
2022-11-29 00:20:33;-36,79986;-73,0589;15,1;93,9;1889;0;0;0;1;86;14532;350,7;-3,3;0
2022-11-29 00:21:03;-36,79986;-73,0589;15,1;93,91;1889;0;0;0;1;86;14532;350,7;-3,3;0
2022-11-29 00:21:33;-36,79986;-73,0589;15,1;93,92;1889;0;0;0;1;86;14532;350,8;-3,4;0
2022-11-29 00:22:03;-36,79986;-73,0589;15,1;93,93;1889;0;0;0;1;86;14532;350,8;-3,3;0
2022-11-29 00:22:33;-36,79986;-73,0589;15,1;93,94;1889;0;0;0;1;86;14532;350,8;-3,3;0
2022-11-29 00:23:03;-36,79986;-73,0589;15,1;93,95;1889;0;0;0;1;86;14532;350,8;-3,3;0
2022-11-29 00:23:33;-36,79986;-73,0589;15,1;93,96;1889;0;0;0;1;86;14532;350,8;-3,4;0
2022-11-29 00:24:03;-36,79986;-73,0589;15,1;93,97;1889;0;0;0;1;86;14532;350,8;-3,4;0
2022-11-29 00:24:33;-36,79986;-73,0589;15,1;93,98;1889;0;0;0;1;86;14532;350,8;-3,4;0
2022-11-29 00:25:03;-36,79986;-73,0589;15,1;93,98;1889;0;0;0;1;86;14532;350,8;-3,4;0
2022-11-29 00:25:33;-36,79986;-73,0589;15,1;94;1889;0;0;0;1;86;14532;350,8;-3,3;0
2022-11-29 00:26:03;-36,79986;-73,0589;15,1;94;1889;0;0;0;1;86;14532;350,8;-3,3;0
2022-11-29 00:26:33;-36,79986;-73,0589;15,1;94,02;1889;0;0;0;1;86;14532;350,8;-3,4;0
2022-11-29 00:27:03;-36,79986;-73,0589;15,1;94,02;1889;0;0;0;1;86;14532;350,8;-3,4;0
2022-11-29 00:27:33;-36,79986;-73,0589;15,1;94,03;1889;0;0;0;1;86;14532;350,8;-3,3;0
2022-11-29 00:28:03;-36,79986;-73,0589;15,1;94,04;1889;0;0;0;1;86;14532;351;-3,3;0
2022-11-29 00:28:33;-36,79986;-73,0589;15,1;94,05;1889;0;0;0;1;86;14532;350,8;-3,3;0
2022-11-29 00:29:03;-36,79986;-73,0589;15,1;94,06;1889;0;0;0;1;86;14532;351;-3,4;0
2022-11-29 00:29:33;-36,79986;-73,0589;15,1;94,07;1889;0;0;0;1;86;14532;351;-3,4;0
2022-11-29 00:30:03;-36,79986;-73,0589;15,1;94,08;1889;0;0;0;1;86;14532;351;-3,3;0
2022-11-29 00:30:33;-36,79986;-73,0589;15,1;94,09;1889;0;0;0;1;86;14532;350,8;-3,4;0
2022-11-29 00:31:03;-36,79986;-73,0589;15,1;94,1;1889;0;0;0;1;86;14532;351;-3,3;0
2022-11-29 00:31:33;-36,79986;-73,0589;15,1;94,11;1889;0;0;0;1;86;14532;351;-3,3;0
2022-11-29 00:32:03;-36,79986;-73,0589;15,1;94,12;1889;0;0;0;1;86;14532;351;-3,3;0
2022-11-29 00:32:33;-36,79986;-73,0589;15,1;94,13;1889;0;0;0;1;86;14532;351;-3,3;0
2022-11-29 00:33:03;-36,79986;-73,0589;15,1;94,14;1889;0;0;0;1;86;14532;351;-3,3;0
2022-11-29 00:33:33;-36,79986;-73,0589;15,1;94,14;1889;0;0;0;1;86;14532;351;-3,4;0
2022-11-29 00:34:03;-36,79986;-73,0589;15,1;94,16;1889;0;0;0;1;86;14532;351,1;-3,4;0
2022-11-29 00:34:33;-36,79986;-73,0589;15,1;94,16;1889;0;0;0;1;86;14532;351,1;-3,4;0
2022-11-29 00:35:03;-36,79986;-73,0589;15,1;94,17;1889;0;0;0;1;86;14532;351;-3,4;0
2022-11-29 00:35:33;-36,79986;-73,0589;15,1;94,18;1889;0;0;0;1;86;14532;351,1;-3,4;0
2022-11-29 00:36:03;-36,79986;-73,0589;15,1;94,19;1889;0;0;0;1;86;14532;351,1;-3,4;0
2022-11-29 00:36:33;-36,79986;-73,0589;15,1;94,2;1889;0;0;0;1;86;14532;351,1;-3,4;0
2022-11-29 00:37:03;-36,79986;-73,0589;15,1;94,21;1889;0;0;0;1;86;14532;351,1;-3,4;0
2022-11-29 00:37:33;-36,79986;-73,0589;15,1;94,22;1889;0;0;0;1;86;14532;351,1;-3,3;0
2022-11-29 00:38:03;-36,79986;-73,0589;15,1;94,23;1889;0;0;0;1;86;14532;351,3;-3,3;0
2022-11-29 00:38:33;-36,79986;-73,0589;15,1;94,24;1889;0;0;0;1;86;14532;351,3;-3,3;0
2022-11-29 00:39:03;-36,79986;-73,0589;15,1;94,25;1889;0;0;0;1;86;14532;351,1;-3,3;0
2022-11-29 00:39:33;-36,79986;-73,0589;15,1;94,26;1889;0;0;0;1;86;14532;351,1;-3,4;0
2022-11-29 00:40:03;-36,79986;-73,0589;15,1;94,27;1889;0;0;0;1;86;14532;351,3;-3,4;0
2022-11-29 00:40:33;-36,79986;-73,0589;15,1;94,28;1889;0;0;0;1;86;14532;351,3;-3,4;0
2022-11-29 00:41:03;-36,79986;-73,0589;15,1;94,29;1889;0;0;0;1;86;14532;351,3;-3,3;0
2022-11-29 00:41:33;-36,79986;-73,0589;15,1;94,3;1889;0;0;0;1;86;14532;351,4;-3,4;0
2022-11-29 00:42:03;-36,79986;-73,0589;15,1;94,31;1889;0;0;0;1;86;14532;351,4;-3,4;0
2022-11-29 00:42:33;-36,79986;-73,0589;15,1;94,32;1889;0;0;0;1;86;14532;351,4;-3,3;0
2022-11-29 00:43:03;-36,79986;-73,0589;15,1;94,33;1889;0;0;0;1;86;14532;351,4;-3,4;0
2022-11-29 00:43:33;-36,79986;-73,0589;15,1;94,33;1889;0;0;0;1;86;14532;351,4;-3,4;0
2022-11-29 00:44:03;-36,79986;-73,0589;15,1;94,34;1889;0;0;0;1;86;14532;351,4;-3,4;0
2022-11-29 00:44:33;-36,79986;-73,0589;15,1;94,35;1889;0;0;0;1;86;14532;351,4;-3,4;0
2022-11-29 00:45:03;-36,79986;-73,0589;15,1;94,36;1889;0;0;0;1;86;14532;351,4;-3,4;0
2022-11-29 00:45:33;-36,79986;-73,0589;15,1;94,37;1889;0;0;0;1;86;14532;351,6;-3,4;0
2022-11-29 00:46:03;-36,79986;-73,0589;15,1;94,38;1889;0;0;0;1;86;14532;351,6;-3,3;0
2022-11-29 00:46:33;-36,79986;-73,0589;15,1;94,39;1889;0;0;0;1;86;14532;351,6;-3,4;0
2022-11-29 00:47:03;-36,79986;-73,0589;15,1;94,4;1889;0;0;0;1;86;14532;351,6;-3,4;0
2022-11-29 00:47:33;-36,79986;-73,0589;15,1;94,41;1889;0;0;0;1;86;14532;351,6;-3,4;0
2022-11-29 00:48:03;-36,79986;-73,0589;15,1;94,42;1889;0;0;0;1;86;14532;351,8;-3,3;0
2022-11-29 00:48:33;-36,79986;-73,0589;15,1;94,43;1889;0;0;0;1;86;14532;351,8;-3,3;0
2022-11-29 00:49:03;-36,79986;-73,0589;15,1;94,44;1889;0;0;0;1;86;14532;351,8;-3,3;0
2022-11-29 00:49:33;-36,79986;-73,0589;15,1;94,45;1889;0;0;0;1;86;14532;351,8;-3,3;0
2022-11-29 00:50:03;-36,79986;-73,0589;15,1;94,46;1889;0;0;0;1;86;14532;351,9;-3,3;0
2022-11-29 00:50:33;-36,79986;-73,0589;15,1;94,47;1889;0;0;0;1;86;14532;352,1;-3,3;0
2022-11-29 00:51:03;-36,79986;-73,0589;15,1;94,48;1889;0;0;0;1;86;14532;352,1;-3,3;0
2022-11-29 00:51:33;-36,79986;-73,0589;15,1;94,49;1889;0;0;0;1;86;14532;351,9;-3,3;0
2022-11-29 00:52:03;-36,79986;-73,0589;15,1;94,49;1889;0;0;0;1;86;14532;352,1;-3,3;0
2022-11-29 00:52:33;-36,79986;-73,0589;15,1;94,51;1889;0;0;0;1;86;14532;352,2;-3,3;0
2022-11-29 00:53:03;-36,79986;-73,0589;15,1;94,51;1889;0;0;0;1;86;14532;352,2;-3,3;0
2022-11-29 00:53:33;-36,79986;-73,0589;15,1;94,52;1889;0;0;0;1;86;14532;352,4;-3,3;0
2022-11-29 00:54:03;-36,79986;-73,0589;15,1;94,53;1889;0;0;0;1;86;14532;352,4;-3,3;0
2022-11-29 00:54:33;-36,79986;-73,0589;15,1;94,54;1889;0;0;0;1;86;14532;352,4;-3,3;0
2022-11-29 00:55:03;-36,79986;-73,0589;15,1;94,55;1889;0;0;0;1;86;14532;352,4;-3,3;0
2022-11-29 00:55:33;-36,79986;-73,0589;15,1;94,56;1889;0;0;0;1;86;14532;352,5;-3,3;0
2022-11-29 00:56:03;-36,79986;-73,0589;15,1;94,57;1889;0;0;0;1;86;14532;352,7;-3,3;0
2022-11-29 00:56:33;-36,79986;-73,0589;15,1;94,58;1889;0;0;0;1;86;14532;352,8;-3,3;0
2022-11-29 00:57:03;-36,79986;-73,0589;15,1;94,59;1889;0;0;0;1;86;14532;352,8;-3,3;0
2022-11-29 00:57:33;-36,79986;-73,0589;15,1;94,6;1889;0;0;0;1;86;14532;353;-3,3;0
2022-11-29 00:58:03;-36,79986;-73,0589;15,1;94,61;1889;0;0;0;1;86;14532;353,2;-3,3;0
2022-11-29 00:58:33;-36,79986;-73,0589;15,1;94,62;1889;0;0;0;1;86;14532;353,3;-3,3;0
2022-11-29 00:59:03;-36,79986;-73,0589;15,1;94,7;1889;0;0;0;1;86;14532;353,5;-3,3;0
2022-11-29 00:59:33;-36,79986;-73,0589;15,1;94,87;1889;0;0;0;1;86;14532;353,5;-3,3;0
2022-11-29 01:00:03;-36,79986;-73,0589;15,1;95,07;1889;0;0;0;1;86;14532;353,6;-3,3;0
2022-11-29 01:00:33;-36,79986;-73,0589;15,1;95,27;1889;0;0;0;1;86;14532;353,8;-3,3;0
2022-11-29 01:01:03;-36,79986;-73,0589;15,1;95,5;1889;0;0;0;1;86;14532;353,9;-3,3;0
2022-11-29 01:01:33;-36,79986;-73,0589;15,1;95,77;1889;0;0;0;1;86;14532;354,3;-3,3;0
2022-11-29 01:02:03;-36,79986;-73,0589;15,1;96,05;1889;0;0;0;1;86;14532;354,4;-3,3;0
2022-11-29 01:02:33;-36,79986;-73,0589;15,1;96,38;1889;0;0;0;1;86;14532;354,7;-3,3;0
2022-11-29 01:03:03;-36,79986;-73,0589;15,1;96,75;1889;0;0;0;1;86;14532;354,9;-3,3;0
2022-11-29 01:03:33;-36,79986;-73,0589;15,1;97,17;1889;0;0;0;1;86;14532;355,2;-3,3;0
2022-11-29 01:04:03;-36,79986;-73,0589;15,1;97,65;1889;0;0;0;1;86;14532;355,5;-3,3;0
2022-11-29 01:04:33;-36,79986;-73,0589;15,1;98,21;1889;0;0;0;1;86;14532;355,8;-3,3;0
2022-11-29 01:05:03;-36,79986;-73,0589;15,1;98,85;1889;0;0;0;1;86;14532;356,1;-3,3;0
2022-11-29 01:05:33;-36,79986;-73,0589;15,1;99,39;1889;0;0;0;1;86;14532;356,6;-3,3;0
2022-11-29 08:43:42;-36,79986;-73,0589;35,6;99,99;1889;0;0;0;1;227;12257;353;0;0
2022-11-29 08:44:12;-36,79978;-73,05897;35,6;99,99;1889;0;0;0;1;227;14532;353,6;-3;0
2022-11-29 08:47:12;-36,79978;-73,05897;35,6;99,98;1889;0;0;0;0;227;14532;353,2;1,1;0
2022-11-29 08:47:42;-36,79978;-73,05897;35,6;99,97;1889;0;0;0;0;227;14405;352,7;1,5;0
2022-11-29 08:48:12;-36,79978;-73,05897;35,6;99,96;1889;0;0;0;0;227;14532;352,7;0,9;0
2022-11-29 08:48:42;-36,79978;-73,05897;35,6;99,95;1889;0;0;0;0;227;14405;352,4;3,1;65
2022-11-29 08:49:12;-36,79978;-73,05897;35,6;99,94;1889;2;0;0;0;227;14405;352,1;2,1;116
2022-11-29 08:49:42;-36,79978;-73,05897;35,6;99,93;1889;2;0;0;0;227;14405;351,8;1,1;128
2022-11-29 08:50:12;-36,79978;-73,05897;35,6;99,93;1889;0;0;0;0;227;14405;351,9;0,8;0
2022-11-29 08:50:42;-36,79978;-73,05897;35,6;99,92;1889;0;0;0;0;227;14405;351,8;2,1;67
2022-11-29 08:51:12;-36,79978;-73,05897;35,6;99,91;1889;0;0;0;0;227;14532;351,6;1,7;0
2022-11-29 08:51:42;-36,79978;-73,05897;35,6;99,9;1889;2;0;0;0;227;14405;351,4;0,8;128
2022-11-29 08:52:12;-36,79978;-73,05897;35,6;99,89;1889;1;0;0;0;227;14405;351,1;1,7;93
2022-11-29 08:52:42;-36,79978;-73,05897;35,6;99,89;1889;0;0;0;0;227;14405;351,3;0,9;0
2022-11-29 08:53:12;-36,79978;-73,05897;35,6;99,86;1889;7;0;0;0;226;14532;350,7;2;437
2022-11-29 08:53:42;-36,79978;-73,05897;35,6;99,85;1890;14;0;0;0;226;14532;351;-3,1;796
2022-11-29 08:54:12;-36,79978;-73,05897;35,6;99,84;1890;0;0;0;0;226;14532;350,2;1,5;0
2022-11-29 08:54:42;-36,79978;-73,05897;35,6;99,82;1890;5;0;0;0;226;14405;349,9;0,7;251
2022-11-29 08:55:12;-36,79978;-73,05897;35,6;99,8;1890;12;0;0;0;226;14405;348;17,8;792
2022-11-29 08:55:42;-36,79978;-73,05897;35,6;99,77;1890;0;0;0;0;226;14532;349,1;2,6;0
2022-11-29 08:56:12;-36,79978;-73,05897;35,6;99,74;1890;7;0;0;0;226;14532;348;9,7;483
2022-11-29 08:56:42;-36,79978;-73,05897;35,6;99,7;1890;6;0;0;0;226;14405;348,5;0,9;313
2022-11-29 08:59:39;-36,79987;-73,05892;25,9;99,69;1890;0;0;0;0;226;13065;348,8;0,2;0
2022-11-29 09:00:06;-36,79987;-73,05892;28,7;99,65;1890;20;0;0;0;226;14405;347,2;11,2;1218
2022-11-29 09:00:36;-36,80083;-73,05974;28,2;99,6;1890;7;0;0;0;226;14532;346,1;13,7;518
2022-11-29 09:01:06;-36,80083;-73,05974;29;99,56;1890;3;0;0;0;226;14405;346,9;0,8;109
