fecha_hora;lat;lon;altitud;SOC;odometro;vel;AC;calefaccion;cargando;km_restantes;carga_bat_aux;voltaje;corriente;rpm
2022-11-21 05:53:27;-36,79645;-73,08074;2,8;99,99;1335;0;0;0;1;230;14405;350,8;0;0
2022-11-21 05:53:57;-36,7965;-73,08063;1,1;99,99;1335;0;0;0;1;222;14405;351,4;-2,9;0
2022-11-21 05:54:27;-36,79644;-73,08071;1,1;99,99;1335;0;0;0;1;222;14405;351,8;-3,1;0
2022-11-21 05:54:57;-36,79644;-73,0808;8,1;99,99;1335;0;0;0;1;230;14532;352,2;-3,1;0
2022-11-21 06:01:24;-36,7965;-73,08091;16,1;99,96;1335;0;0;0;0;222;12931;351,3;0;0
2022-11-21 06:01:54;-36,7965;-73,08091;14,2;99,96;1335;0;0;0;0;222;12931;351;0,7;0
2022-11-21 06:02:24;-36,79653;-73,08085;11,4;99,93;1335;0;0;0;0;222;14405;350,5;1;0
2022-11-21 06:02:54;-36,79683;-73,08096;11,4;99,92;1335;0;0;0;0;222;14405;350,5;1;0
2022-11-21 06:03:24;-36,79683;-73,08096;10,7;99,89;1335;20;0;0;0;222;14405;349,7;-2,4;1058
2022-11-21 06:03:54;-36,79638;-73,08128;8,8;99,86;1335;4;0;0;0;222;14532;349,3;2,2;274
2022-11-21 06:04:24;-36,79637;-73,08103;9,1;99,85;1335;0;0;0;0;222;14405;349,4;0,7;0
2022-11-21 08:47:06;-36,79637;-73,08103;9,1;99,85;1335;0;0;0;0;223;12391;349,7;0;0
2022-11-21 08:47:36;-36,79637;-73,08103;7,4;99,82;1335;7;0;0;0;223;14405;348,9;3,4;425
2022-11-21 08:48:06;-36,79664;-73,08112;8;99,8;1335;4;0;0;0;223;14532;348,8;1,7;262
2022-11-21 10:18:03;-36,79664;-73,08088;9,4;99,8;1335;0;0;0;0;228;12526;349,1;0;0
2022-11-21 10:18:33;-36,79664;-73,08088;9,4;99,78;1335;0;0;0;0;228;14532;348,6;0,8;0
2022-11-21 11:03:39;-36,79657;-73,08076;11,6;99,78;1335;0;0;0;0;228;12257;348,9;0;0
2022-11-21 11:04:06;-36,79657;-73,08076;11,6;99,75;1335;13;0;0;0;228;14532;348,5;1,8;732
2022-11-21 11:04:39;-36,79657;-73,08076;11,6;99,75;1335;0;0;0;0;228;14532;348,5;0,8;0
2022-11-21 11:05:06;-36,79657;-73,08076;11,6;99,74;1335;0;0;0;0;228;14532;348,3;0,7;0
2022-11-21 11:05:36;-36,79657;-73,08076;11,6;99,73;1335;0;0;0;0;228;14532;348,3;0,7;0
2022-11-21 11:06:06;-36,79657;-73,08076;11,6;99,73;1335;0;0;0;0;228;14532;348,3;0,7;0
2022-11-21 11:06:36;-36,79657;-73,08076;11,6;99,73;1335;0;0;0;0;228;14532;348,3;0,7;0
2022-11-21 11:07:09;-36,79657;-73,08076;11,6;99,72;1335;0;0;0;0;228;14532;348,2;1,3;0
2022-11-21 11:07:36;-36,79677;-73,08146;8,5;99,65;1335;20;0;0;0;228;14532;345,2;19;1236
2022-11-21 11:08:09;-36,79677;-73,08146;9,7;99,5;1336;42;0;0;0;228;14405;336,1;92,8;2698
2022-11-21 11:08:36;-36,79813;-73,08305;8,6;99,35;1336;42;0;0;0;228;14405;346,1;-19,5;2203
2022-11-21 11:09:06;-36,80042;-73,08417;4,7;99,33;1336;21;0;0;0;228;14532;344,6;7,4;1270
2022-11-21 11:09:36;-36,80042;-73,08417;7,4;99,27;1336;0;0;0;0;228;14532;344,7;0,8;0
2022-11-21 11:10:06;-36,79903;-73,08526;7,4;99,26;1336;0;0;0;0;229;14532;344,9;0,6;0
2022-11-21 11:10:36;-36,79912;-73,08644;9,1;99,12;1336;35;0;0;0;228;14405;331,3;137,8;2389
2022-11-21 11:11:06;-36,79912;-73,08644;7,2;98,94;1337;9;0;0;0;228;14532;343,3;1,2;513
2022-11-21 11:11:39;-36,79991;-73,09061;6,4;98,7;1337;49;0;0;0;227;14532;343;-9,8;2924
2022-11-21 11:12:06;-36,79944;-73,0962;6,5;98,56;1337;31;0;0;0;227;14532;346,9;-45,2;1509
2022-11-21 11:12:36;-36,79944;-73,0962;8,5;98,38;1338;21;0;0;0;227;14405;338,2;45,4;1380
2022-11-21 11:13:09;-36,79669;-73,10035;6,3;98,13;1338;34;0;0;0;226;14532;330,3;116,5;2330
2022-11-21 11:13:36;-36,79426;-73,10504;4,9;97,9;1338;44;0;0;0;226;14405;335,2;85,9;2776
2022-11-21 11:14:06;-36,79426;-73,10504;6,1;97,79;1339;28;0;0;0;225;14532;344,6;-21,3;1537
2022-11-21 11:14:36;-36,79411;-73,10998;5,6;97,69;1339;16;0;0;0;225;14532;342,7;-5,1;923
2022-11-21 11:15:09;-36,79584;-73,11181;3,9;97,56;1339;15;0;0;0;225;14532;343,3;-1,5;757
2022-11-21 11:15:36;-36,79584;-73,11181;8,9;97,39;1339;30;0;0;0;225;14532;332,2;113,4;2096
2022-11-21 11:16:06;-36,7984;-73,11327;10,4;97,25;1340;22;0;0;0;224;14405;338,3;52,4;1498
2022-11-21 11:16:36;-36,79838;-73,11649;7,9;97,03;1340;59;0;0;0;224;14532;339,7;-4,1;3620
2022-11-21 11:17:09;-36,79838;-73,11649;7,5;97,05;1340;28;0;0;0;224;14532;345,2;-1,9;1586
2022-11-21 11:17:36;-36,79727;-73,11641;7,3;97,02;1340;7;0;0;0;224;14532;341,8;21,8;659
2022-11-21 11:18:09;-36,79681;-73,11779;7,6;96,93;1340;9;0;0;0;223;14532;337,8;57,1;946
2022-11-21 11:18:36;-36,79681;-73,11779;6,8;96,8;1341;21;0;0;0;223;14532;340,5;42,5;1384
2022-11-21 11:19:06;-36,79649;-73,11758;6,6;96,8;1341;0;0;0;0;223;14532;344,3;0,6;0
2022-11-21 11:28:21;-36,79649;-73,11758;6,6;96,8;1341;0;0;0;0;223;12661;345;1,4;0
2022-11-21 11:28:51;-36,79649;-73,11758;6,6;96,77;1341;4;0;0;0;223;14405;344,9;2,4;258
2022-11-21 11:29:21;-36,79651;-73,11755;6,8;96,76;1341;0;0;0;0;223;14532;345;0,9;0
2022-11-21 11:29:51;-36,79651;-73,11755;6,8;96,75;1341;0;0;0;0;223;14532;345;0,6;0
2022-11-21 11:30:21;-36,79651;-73,11755;6,8;96,75;1341;0;0;0;0;223;14532;345;1,8;0
2022-11-21 11:30:51;-36,79651;-73,11755;6,8;96,75;1341;0;0;0;0;223;14532;344,9;0,9;0
2022-11-21 11:31:21;-36,79651;-73,11755;5,3;96,73;1341;9;0;0;0;223;14405;343;24,1;720
2022-11-21 11:31:51;-36,79652;-73,11753;5,3;96,68;1341;22;0;0;0;223;14532;346,3;-25,2;1115
2022-11-21 11:32:21;-36,79523;-73,11602;7,2;96,62;1341;18;0;0;0;223;14532;337,8;58,3;1365
2022-11-21 11:32:51;-36,79523;-73,11602;6,2;96,51;1341;36;0;0;0;223;14532;339,6;52,8;2271
2022-11-21 11:33:21;-36,79397;-73,11467;5;96,38;1341;46;0;0;0;222;14532;346,1;66,4;2725
2022-11-21 11:33:51;-36,79174;-73,11297;3,9;96,29;1341;29;0;0;0;222;14532;347,4;-46,5;1489
2022-11-21 11:34:21;-36,79174;-73,11297;3,9;96,15;1342;43;0;0;0;222;14532;349,4;-79;2365
2022-11-21 11:34:51;-36,79218;-73,11052;2;96,13;1342;16;0;0;0;222;14532;341,3;25;1038
2022-11-21 11:35:21;-36,79229;-73,10842;2,2;96;1342;28;0;0;0;221;14532;333,6;122,4;2190
2022-11-21 11:35:51;-36,79229;-73,10842;2,3;95,85;1342;46;0;0;0;221;14532;351;-104,7;2445
2022-11-21 11:36:21;-36,79409;-73,10545;4,3;95,65;1343;52;0;0;0;221;14532;338,9;47,8;3225
2022-11-21 11:36:51;-36,79663;-73,10053;3,7;95,6;1343;30;0;0;0;220;14532;345,2;-27,2;1077
2022-11-21 11:37:21;-36,79663;-73,10053;2,4;95,4;1343;35;0;0;0;220;14532;339,3;47,7;2206
2022-11-21 11:37:51;-36,79926;-73,09658;1,4;95,21;1344;55;0;0;0;219;14532;351,3;-104,1;3168
2022-11-21 11:38:21;-36,80107;-73,09102;2,2;95,1;1344;40;0;0;0;219;14532;341;30,1;2440
2022-11-21 11:38:51;-36,80107;-73,09102;4,6;95,02;1344;37;0;0;0;219;14532;345,5;-16;2148
2022-11-21 11:39:21;-36,80238;-73,08761;5;94,87;1344;41;0;0;0;219;14532;349,3;-74,5;2250
2022-11-21 11:39:51;-36,80595;-73,08943;5,3;94,75;1345;2;0;0;0;218;14532;341,8;5,4;442
2022-11-21 11:40:21;-36,80595;-73,08943;2,9;94,7;1345;6;0;0;0;218;14532;342,8;12,2;437
2022-11-21 11:40:51;-36,80676;-73,08914;-0,8;94,65;1345;7;0;0;0;218;14532;344,1;1;427
2022-11-21 11:41:21;-36,80738;-73,08866;7,3;94,62;1345;6;0;0;0;218;14532;344,3;2;372
2022-11-21 11:41:51;-36,80738;-73,08866;7,4;94,61;1345;10;0;0;0;218;14532;344,4;1,2;536
2022-11-21 11:42:21;-36,80702;-73,08905;7;94,59;1345;2;0;0;0;218;14532;344,6;3,4;133
2022-11-21 11:57:24;-36,80705;-73,08904;9,5;94,58;1345;0;0;0;0;218;12931;345,5;0;0
2022-11-21 11:57:54;-36,80705;-73,08904;5,5;94,56;1345;11;0;0;0;218;12931;345,3;1,2;572
2022-11-21 11:58:24;-36,80698;-73,08863;9,5;94,53;1345;6;0;0;0;218;14532;345,2;1;481
2022-11-21 11:58:54;-36,80605;-73,08924;9,1;94,43;1345;31;0;0;0;218;14532;336,3;123,4;2098
2022-11-21 11:59:24;-36,80605;-73,08924;5,5;94,31;1346;19;0;0;0;217;14532;343,6;-4,3;1112
2022-11-21 11:59:54;-36,80285;-73,08758;5,9;94,18;1346;28;0;0;0;217;14532;347,1;-40,7;1509
2022-11-21 12:00:24;-36,80411;-73,08487;5,5;94,14;1346;11;0;0;0;217;14532;340,3;43,1;929
2022-11-21 12:00:54;-36,80411;-73,08487;6,1;94,05;1346;0;0;0;0;217;14405;344,4;0,7;0
2022-11-21 12:01:24;-36,80299;-73,08314;5,1;94,02;1346;16;0;0;0;217;14532;340,7;43,2;1122
2022-11-21 12:01:54;-36,80268;-73,08274;5,1;93,98;1346;2;0;0;0;217;14405;344,1;7;191
2022-11-21 12:02:24;-36,80268;-73,08274;5,1;93,97;1346;0;0;0;0;217;14405;343,5;14,5;196
2022-11-21 12:02:54;-36,80277;-73,08255;7,1;93,65;1347;60;0;0;0;216;14532;345,5;-18,5;3620
2022-11-21 12:03:24;-36,80782;-73,07834;5,3;93,71;1347;0;0;0;0;216;14532;344,9;2,8;0
2022-11-21 12:03:54;-36,80782;-73,07834;4,1;93,55;1347;53;0;0;0;216;14532;341,8;16,8;3215
2022-11-21 12:04:24;-36,80925;-73,07666;9,1;93,24;1347;74;0;0;0;215;14532;331,9;135,7;4621
2022-11-21 12:04:54;-36,81235;-73,07064;11,3;93,22;1348;0;0;0;0;215;14532;344,3;0,7;0
2022-11-21 12:05:24;-36,81235;-73,07064;11,5;93,22;1348;0;0;0;0;215;14532;344,4;1,3;0
2022-11-21 12:05:54;-36,81274;-73,06994;12,9;92,66;1348;81;0;0;0;214;14532;338,2;41,4;5050
2022-11-21 12:06:24;-36,8199;-73,06576;18,2;92,49;1349;64;0;0;0;213;14532;352,2;-116,5;3702
2022-11-21 12:06:54;-36,8199;-73,06576;7,1;92,58;1349;27;0;0;0;213;14532;346,8;-40,2;1307
2022-11-21 12:07:24;-36,82071;-73,06417;10;92,39;1350;47;0;0;0;213;14405;333,9;122;3027
2022-11-21 12:07:54;-36,81878;-73,05956;13,6;92,36;1350;0;0;0;0;213;14532;344,1;0,7;0
2022-11-21 12:08:24;-36,81878;-73,05956;12,5;92,34;1350;6;0;0;0;213;14405;344,1;4,8;413
2022-11-21 12:08:54;-36,81841;-73,05946;12,6;92,32;1350;0;0;0;0;213;14532;344,4;2;0
2022-11-21 12:09:24;-36,81837;-73,0594;12,6;92,31;1350;0;0;0;0;213;14532;344,6;0,7;0
2022-11-21 12:09:54;-36,81837;-73,0594;9;92,27;1350;14;0;0;0;213;14532;342,4;26,8;993
2022-11-21 12:10:24;-36,81879;-73,0603;11,5;92,21;1350;3;0;0;0;212;14532;344,4;3,1;211
2022-11-21 12:10:54;-36,81886;-73,06094;11,2;92,2;1350;0;0;0;0;212;14532;344,9;0,5;0
2022-11-21 12:11:24;-36,81886;-73,06094;11,2;92,2;1350;0;0;0;0;212;14532;345;0,5;0
2022-11-21 12:11:54;-36,81886;-73,06094;11,2;92,2;1350;0;0;0;0;212;14532;345;0,5;0
2022-11-21 12:12:24;-36,81886;-73,06094;11,2;92,19;1350;0;0;0;0;212;14532;345;0,5;0
2022-11-21 12:12:54;-36,81886;-73,06094;11,2;92,19;1350;0;0;0;0;212;14532;345,2;0,5;0
2022-11-21 12:13:24;-36,81886;-73,06094;11,2;92,19;1350;0;0;0;0;212;14532;345,2;0,7;0
2022-11-21 12:13:54;-36,81886;-73,06094;11,2;92,18;1350;1;0;0;0;212;14532;345,2;0,8;0
2022-11-21 12:14:24;-36,81886;-73,06094;12,4;92,16;1350;1;0;0;0;212;14532;344,9;4,8;112
2022-11-21 12:21:34;-36,8203;-73,06158;16,5;92,13;1350;5;0;0;0;212;14532;345,3;1;242
2022-11-21 12:22:04;-36,8203;-73,06158;11,6;92,07;1350;31;0;0;0;212;14532;347,1;-21,1;1776
2022-11-21 12:22:34;-36,81747;-73,06188;9,4;91,99;1350;36;0;0;0;212;14532;346,9;-8,7;2060
2022-11-21 12:23:04;-36,81575;-73,06145;7,1;92,01;1351;0;0;0;0;212;14532;345;0,7;0
2022-11-21 12:23:34;-36,81575;-73,06145;4,9;91,81;1351;49;0;0;0;212;14532;341,3;35,1;2990
2022-11-21 12:24:04;-36,81452;-73,06405;12,3;91,68;1351;48;0;0;0;211;14532;347,7;-34,9;2856
2022-11-21 12:24:34;-36,8114;-73,06667;8,6;91,58;1351;46;0;0;0;211;14532;347,5;-86,8;2625
2022-11-21 12:25:04;-36,8114;-73,06667;9,5;91,37;1352;45;0;0;0;210;14405;349,3;-83,2;2576
2022-11-21 12:25:34;-36,80792;-73,07082;6,6;91;1352;70;0;0;0;210;14532;335,3;107,9;4397
2022-11-21 12:26:04;-36,80434;-73,07666;6,6;91;1353;44;0;0;0;210;14532;341,3;13,1;2665
2022-11-21 12:26:34;-36,80434;-73,07666;10,7;90,89;1353;48;0;0;0;209;14532;343,3;6;2922
2022-11-21 12:27:04;-36,80007;-73,07958;12,4;90,81;1353;41;0;0;0;209;14532;344,9;-14,9;2402
2022-11-21 12:27:34;-36,79691;-73,08129;5,9;90,83;1353;18;0;0;0;209;14532;343,3;16;1093
2022-11-21 12:28:04;-36,79691;-73,08129;6,3;90,82;1354;0;0;0;0;209;14532;344,7;0,5;0
2022-11-21 12:28:34;-36,79691;-73,08129;6,3;90,82;1354;0;0;0;0;209;14532;344,9;0,5;0
2022-11-21 12:29:04;-36,79657;-73,08096;6,3;90,81;1354;0;0;0;0;209;14532;345;0,5;0
2022-11-21 12:31:58;-36,79657;-73,08096;6,3;90,81;1354;0;0;0;0;209;12931;345,5;0;0
2022-11-21 12:32:25;-36,79657;-73,08096;-0,7;90,78;1354;11;0;0;0;209;14532;345,2;0,3;636
2022-11-21 12:32:55;-36,79636;-73,08122;1,7;90,77;1354;2;0;0;0;209;14532;345,3;3,4;112
2022-11-21 12:33:25;-36,79633;-73,08103;2;90,76;1354;0;0;0;0;209;14532;345,3;0,7;0
2022-11-21 14:34:10;-36,79633;-73,08103;2;90,76;1354;0;0;0;0;209;12796;346,1;6,5;0
2022-11-21 14:34:43;-36,79633;-73,08103;2;90,76;1354;0;0;0;0;209;14532;346,1;0,9;0
2022-11-21 14:35:10;-36,79633;-73,08103;2;90,75;1354;0;0;0;0;209;14532;346,1;0,8;0
2022-11-21 14:35:43;-36,79633;-73,08103;2;90,74;1354;0;0;0;0;209;14532;346,1;0,8;0
2022-11-21 14:36:10;-36,79633;-73,08103;5,2;90,71;1354;14;0;0;0;209;14532;345,7;6,2;839
2022-11-21 14:56:52;-36,79654;-73,08095;15,5;90,7;1354;0;0;0;0;209;12391;346,3;0,2;0
2022-11-21 14:57:19;-36,7966;-73,08107;34,5;90,68;1354;7;0;0;0;209;14405;344,7;17,1;580
2022-11-21 14:57:49;-36,79668;-73,08098;21,5;90,63;1354;7;0;0;0;209;14405;345,5;3,5;344
2022-11-21 14:58:19;-36,79668;-73,08098;19,9;90,45;1354;55;0;0;0;208;14532;338,8;66,9;3428
2022-11-21 14:58:49;-36,79777;-73,08096;16,9;90,28;1354;64;0;0;0;208;14532;340,7;35,1;3950
2022-11-21 14:59:19;-36,80267;-73,07801;17;90,3;1355;12;0;0;0;208;14532;345;0,2;679
2022-11-21 14:59:52;-36,80267;-73,07801;19,7;90,09;1355;50;0;0;0;207;14532;341;37,3;3085
2022-11-21 15:00:19;-36,80267;-73,07801;19,1;89,98;1355;39;0;0;0;207;14532;335,2;111,5;2556
2022-11-21 15:00:49;-36,80836;-73,07055;17,5;89,71;1356;67;0;0;0;192;14532;333,5;129,9;4222
2022-11-21 15:01:22;-36,80836;-73,07055;19,3;89,56;1356;53;0;0;0;192;14405;334,6;136,2;3358
2022-11-21 15:01:52;-36,81273;-73,06631;9,6;89,44;1357;57;0;0;0;191;14532;350,8;-4,2;3361
2022-11-21 15:02:19;-36,81627;-73,06201;17,5;89,29;1357;56;0;0;0;190;14532;332,4;141,7;3606
2022-11-21 15:02:49;-36,81627;-73,06201;17,9;89,34;1357;0;0;0;0;190;14405;344,1;2;0
2022-11-21 15:03:19;-36,81627;-73,06201;17,9;89,33;1357;0;0;0;0;190;14405;344,4;2;0
2022-11-21 15:03:49;-36,81886;-73,06266;17,9;89,31;1357;0;0;0;0;190;14405;344,6;2,2;0
2022-11-21 15:04:22;-36,81886;-73,06266;17,9;89,3;1357;0;0;0;0;190;14405;344,6;2,4;0
2022-11-21 15:04:52;-36,81886;-73,06266;17,9;89,29;1357;0;0;0;0;190;14405;344,9;2;0
2022-11-21 15:05:22;-36,81886;-73,06266;19,7;89,26;1357;10;0;0;0;190;14405;344,6;3,1;469
2022-11-21 15:05:52;-36,81886;-73,06266;19,4;89,22;1357;18;0;0;0;190;14405;345;-7,8;949
2022-11-21 15:06:19;-36,81951;-73,06224;14,6;88,96;1357;57;0;0;0;189;14405;337,8;55,5;3560
2022-11-21 15:06:49;-36,82346;-73,06385;12,7;88,8;1358;56;0;0;0;189;14405;350,8;-91,2;3238
2022-11-21 15:07:19;-36,82346;-73,06385;13,6;88,85;1358;0;0;0;0;189;14405;343,3;11;265
2022-11-21 15:07:49;-36,82641;-73,06321;14;88,6;1358;62;0;0;0;189;14405;336,3;90;3874
2022-11-21 15:08:19;-36,82948;-73,0619;18,3;88,68;1358;0;0;0;0;189;14405;344,3;2;0
2022-11-21 15:08:49;-36,82948;-73,0619;18,2;88,66;1358;0;0;0;0;204;14405;344,6;1,1;0
2022-11-21 15:09:22;-36,82978;-73,06199;18,2;88,65;1358;3;0;0;0;204;14532;344,6;3,8;247
2022-11-21 15:30:22;-36,82982;-73,06208;11,3;88,62;1359;4;0;0;0;188;14405;345,3;4,9;280
2022-11-21 15:30:55;-36,82984;-73,06213;11;88,59;1359;4;0;0;0;188;14405;345,3;3,9;257
2022-11-21 15:31:22;-36,82984;-73,06213;11;88,58;1359;0;0;0;0;188;14405;345,5;2,5;0
2022-11-21 15:31:52;-36,82984;-73,06213;11;88,56;1359;0;0;0;0;188;14405;345,5;2;0
2022-11-21 15:32:22;-36,82984;-73,06213;11;88,54;1359;2;0;0;0;188;14405;345,3;2,9;0
2022-11-21 15:32:52;-36,82984;-73,06213;11;88,49;1359;19;0;0;0;188;14405;341,8;42,6;1294
2022-11-21 15:33:22;-36,82984;-73,06213;12,2;88,38;1359;4;0;0;0;188;14405;345;2,7;151
2022-11-21 15:33:52;-36,82687;-73,06332;11,1;88,36;1359;0;0;0;0;188;14405;345;2,5;0
2022-11-21 15:34:22;-36,82687;-73,06332;5,9;88,27;1359;0;0;0;0;187;14405;344,9;2,4;0
2022-11-21 15:34:55;-36,82608;-73,06168;4,7;88,17;1359;35;0;0;0;187;14405;346,6;-24,1;1942
2022-11-21 15:35:22;-36,82503;-73,06196;3,4;87,75;1359;85;0;0;0;186;14405;333,8;109,7;5304
2022-11-21 15:35:52;-36,82503;-73,06196;8,1;87,47;1360;71;0;0;0;186;14405;336,4;90,3;4471
2022-11-21 15:36:22;-36,81784;-73,06685;11,9;87,4;1361;55;0;0;0;186;14405;341,9;23;3394
2022-11-21 15:36:52;-36,81253;-73,06933;0,3;87,38;1361;43;0;0;0;185;14405;345,2;25,7;2570
2022-11-21 15:37:22;-36,81253;-73,06933;-2,9;87,32;1361;26;0;0;0;186;14405;345,8;-48,1;1316
2022-11-21 15:37:52;-36,80986;-73,06921;-6,7;87,22;1361;0;0;0;0;185;14532;343,8;4;112
2022-11-21 15:38:22;-36,80808;-73,07162;-8,9;87,06;1362;42;0;0;0;185;14405;337,1;110,5;2671
2022-11-21 15:38:52;-36,80808;-73,07162;0,1;87;1362;15;0;0;0;185;14405;341,6;25,8;1022
2022-11-21 15:39:22;-36,80808;-73,07162;-0,7;86,84;1362;41;0;0;0;185;14405;344,7;-19,2;2425
2022-11-21 15:39:52;-36,8065;-73,07309;-3;86,67;1363;61;0;0;0;184;14405;343,2;3,5;3695
2022-11-21 15:40:22;-36,8065;-73,07309;-3,9;86,6;1363;49;0;0;0;184;14405;334,6;125,6;3150
2022-11-21 15:40:52;-36,8037;-73,07722;-1,8;86,44;1363;53;0;0;0;184;14405;341;33,8;3270
2022-11-21 15:41:22;-36,79888;-73,08024;-4,4;86,36;1364;48;0;0;0;184;14405;344,1;15,7;2876
2022-11-21 15:41:52;-36,79888;-73,08024;-1,6;86,39;1364;0;0;0;0;184;14405;344,3;2,6;0
2022-11-21 15:42:22;-36,79682;-73,0812;-2,7;86,37;1364;0;0;0;0;199;14405;344,6;0,7;0
2022-11-21 15:45:07;-36,79651;-73,08092;-3;86,37;1364;0;0;0;0;199;12796;345,3;0;0
2022-11-21 16:51:22;-36,79649;-73,08096;0,6;86,35;1364;0;0;0;0;199;12526;346,3;0;0
2022-11-21 16:51:52;-36,79649;-73,08096;6,4;86,33;1364;14;0;0;0;199;14405;346,1;-1;792
2022-11-21 16:52:22;-36,79671;-73,081;6,5;86,29;1364;0;0;0;0;199;14532;345,7;0,8;0
2022-11-21 16:52:52;-36,79671;-73,081;5,1;86,16;1364;23;0;0;0;198;14532;346,9;-20;1178
2022-11-21 16:53:22;-36,79904;-73,08025;1,8;85,92;1365;60;0;0;0;198;14532;341,6;28,6;3698
2022-11-21 16:53:52;-36,8036;-73,07743;-0,1;85,98;1365;7;0;0;0;198;14532;344,1;13,9;554
2022-11-21 16:54:22;-36,8036;-73,07743;1,6;85,81;1365;46;0;0;0;197;14532;340,8;43,6;2837
2022-11-21 16:54:52;-36,80551;-73,07518;5,2;85,73;1365;22;0;0;0;197;14532;339,6;71,9;1519
2022-11-21 16:55:22;-36,8082;-73,07085;5,7;85,47;1366;66;0;0;0;197;14532;341,3;35,4;4054
2022-11-21 16:55:52;-36,8082;-73,07085;7,2;85,46;1366;33;0;0;0;184;14532;347,4;-58,3;1718
2022-11-21 16:56:22;-36,81187;-73,06653;8,3;85,37;1366;40;0;0;0;183;14405;342,4;22,4;2471
2022-11-21 16:56:52;-36,81492;-73,06342;1,5;85,33;1367;25;0;0;0;183;14405;344,4;5;1502
2022-11-21 16:57:22;-36,81492;-73,06342;4,7;85,25;1367;18;0;0;0;182;14405;344,9;-10,2;958
2022-11-21 16:57:52;-36,81745;-73,06194;7,9;85,14;1367;4;0;0;0;182;14405;343,9;2,1;178
2022-11-21 16:58:55;-36,81886;-73,06098;8,8;85,14;1367;0;0;0;0;196;12796;344,9;0;0
2022-11-21 16:59:25;-36,81886;-73,06098;8,8;85,13;1367;0;0;0;0;196;12796;344,9;0,7;0
2022-11-21 16:59:55;-36,81886;-73,06098;8,8;85,12;1367;0;0;0;0;196;14532;344,7;4;145
2022-11-21 17:00:25;-36,81888;-73,06097;9,5;85,11;1367;2;0;0;0;196;14532;344,7;3,2;128
2022-11-21 17:06:39;-36,81901;-73,06077;14,5;85,1;1367;0;0;0;0;196;12796;345,8;0;0
2022-11-21 17:07:13;-36,81901;-73,06077;25,4;85,07;1367;15;0;0;0;196;14270;345,7;-3,5;730
2022-11-21 17:07:43;-36,8174;-73,06184;17,7;84,88;1367;49;0;0;0;195;14532;340,7;68,9;3029
2022-11-21 17:08:13;-36,8174;-73,06184;17,2;84,88;1368;8;0;0;0;195;14532;342,4;36,3;697
2022-11-21 17:08:43;-36,81541;-73,06042;14,1;84,81;1368;28;0;0;0;195;14532;341,9;38,1;1743
2022-11-21 17:09:13;-36,81457;-73,05907;8,8;84,73;1368;12;0;0;0;195;14532;344,6;0,9;493
2022-11-21 17:09:43;-36,81457;-73,05907;5,9;84,7;1368;0;0;0;0;195;14405;344,9;0,8;0
2022-11-21 17:10:13;-36,81343;-73,05824;7,3;84,64;1368;27;0;0;0;181;14405;340,5;52,8;1848
2022-11-21 17:10:43;-36,81187;-73,05916;-1;84,64;1368;27;0;0;0;181;14405;343,3;28,9;1644
2022-11-21 17:11:13;-36,81187;-73,05916;2;84,45;1369;51;0;0;0;180;14405;340,3;51,8;3104
2022-11-21 17:11:43;-36,80797;-73,05992;10;84,31;1369;0;0;0;0;180;14405;343,5;3,2;0
2022-11-21 17:12:13;-36,8072;-73,06287;11,9;84,21;1369;12;0;0;0;180;14405;344,1;0,3;697
2022-11-21 17:26:58;-36,80792;-73,0632;18,3;84,21;1369;0;0;0;0;194;12796;345,8;1,2;0
2022-11-21 17:27:28;-36,80792;-73,0632;17,3;84,14;1369;25;0;0;0;180;12796;339,9;76,9;1612
2022-11-21 17:27:58;-36,80789;-73,06416;21,5;84,01;1370;10;0;0;0;179;14405;342,1;42,6;783
2022-11-21 17:28:28;-36,80858;-73,06766;16,1;83,87;1370;50;0;0;0;178;14405;334,4;142,9;3145
2022-11-21 17:28:58;-36,80858;-73,06766;11,3;83,78;1370;0;0;0;0;179;14405;344,3;1,7;0
2022-11-21 17:29:28;-36,80779;-73,07093;9,1;83,66;1370;41;0;0;0;179;14532;343,6;0,2;2472
2022-11-21 17:29:58;-36,80644;-73,07323;7,8;83,58;1370;44;0;0;0;179;14405;338,3;82,7;2764
2022-11-21 17:30:28;-36,80644;-73,07323;4,7;83,54;1371;36;0;0;0;178;14405;340,2;59,8;2245
2022-11-21 17:30:58;-36,8036;-73,07733;13,1;83,41;1371;48;0;0;0;178;14405;346,6;-44,3;2771
2022-11-21 17:31:28;-36,79944;-73,07997;16,1;83,36;1371;32;0;0;0;179;14532;342,7;23,2;1939
2022-11-21 17:31:58;-36,79944;-73,07997;11,6;83,32;1372;11;0;0;0;179;14405;344,6;1;708
2022-11-21 17:32:28;-36,79679;-73,08113;8,2;83,3;1372;0;0;0;0;179;14405;344,7;1,8;0
2022-11-21 17:32:58;-36,79686;-73,08078;7;83,27;1372;0;0;0;0;179;14405;344,6;2,1;0
2022-11-21 17:33:28;-36,79686;-73,08078;3,7;83,25;1372;0;0;0;0;179;14405;344,7;1,8;0
2022-11-21 17:46:16;-36,79662;-73,08088;6,9;83,23;1372;10;0;0;0;191;12526;345,7;1,5;446
2022-11-21 20:09:24;-36,79664;-73,08079;6,6;83,22;1372;0;0;0;0;191;12661;346,4;0;0
2022-11-21 20:09:52;-36,79664;-73,08079;3,9;83,21;1372;0;0;0;0;191;12661;346,1;1,4;0
2022-11-21 20:13:27;-36,79675;-73,08088;7;83,21;1372;0;0;0;1;191;12796;346,3;1;0
2022-11-21 20:13:55;-36,79675;-73,08088;7;83,21;1372;0;0;0;1;191;14532;346,3;0,4;0
2022-11-21 20:14:25;-36,79675;-73,08088;7;83,22;1372;0;0;0;1;191;14532;346,8;-3,3;0
2022-11-21 20:14:55;-36,79675;-73,08088;7;83,24;1372;0;0;0;1;191;14532;346,9;-3,3;0
2022-11-21 20:15:25;-36,79675;-73,08088;7;83,26;1372;0;0;0;1;191;14532;347,1;-3,3;0
2022-11-21 20:15:55;-36,79675;-73,08088;7;83,28;1372;0;0;0;1;191;14532;347,1;-3,3;0
2022-11-21 20:16:25;-36,79675;-73,08088;7;83,3;1372;0;0;0;1;191;14532;347,1;-3,3;0
2022-11-21 20:16:55;-36,79675;-73,08088;7;83,32;1372;0;0;0;1;191;14532;347,2;-3,4;0
2022-11-21 20:17:25;-36,79675;-73,08088;7;83,34;1372;0;0;0;1;191;14532;347,4;-3,3;0
2022-11-21 20:17:55;-36,79675;-73,08088;7;83,36;1372;0;0;0;1;191;14532;347,4;-3,4;0
2022-11-21 20:18:25;-36,79675;-73,08088;7;83,38;1372;0;0;0;1;191;14532;347,4;-3,4;0
2022-11-21 20:18:55;-36,79675;-73,08088;7;83,4;1372;0;0;0;1;191;14532;347,2;-3,4;0
2022-11-21 20:19:25;-36,79675;-73,08088;7;83,42;1372;0;0;0;1;191;14532;347,4;-3,4;0
2022-11-21 20:19:55;-36,79675;-73,08088;7;83,44;1372;0;0;0;1;191;14532;347,4;-3,4;0
2022-11-21 20:20:25;-36,79675;-73,08088;7;83,46;1372;0;0;0;1;191;14532;347,5;-3,3;0
2022-11-21 20:20:55;-36,79675;-73,08088;7;83,49;1372;0;0;0;1;191;14532;347,5;-3,4;0
2022-11-21 20:21:25;-36,79675;-73,08088;7;83,5;1372;0;0;0;1;191;14532;347,5;-3,4;0
2022-11-21 20:21:55;-36,79675;-73,08088;7;83,53;1372;0;0;0;1;191;14532;347,5;-3,4;0
2022-11-21 20:22:25;-36,79675;-73,08088;7;83,54;1372;0;0;0;1;191;14532;347,5;-3,4;0
2022-11-21 20:22:55;-36,79675;-73,08088;7;83,56;1372;0;0;0;1;191;14532;347,5;-3,4;0
2022-11-21 20:23:25;-36,79675;-73,08088;7;83,59;1372;0;0;0;1;191;14532;347,7;-3,4;0
2022-11-21 20:23:55;-36,79675;-73,08088;7;83,61;1372;0;0;0;1;191;14532;347,5;-3,4;0
2022-11-21 20:24:25;-36,79675;-73,08088;7;83,63;1372;0;0;0;1;191;14532;347,7;-3,4;0
2022-11-21 20:24:55;-36,79675;-73,08088;7;83,65;1372;0;0;0;1;191;14532;347,5;-3,4;0
2022-11-21 20:25:25;-36,79675;-73,08088;7;83,67;1372;0;0;0;1;191;14532;347,7;-3,4;0
2022-11-21 20:25:55;-36,79675;-73,08088;7;83,69;1372;0;0;0;1;191;14532;347,7;-3,4;0
2022-11-21 20:26:25;-36,79675;-73,08088;7;83,71;1372;0;0;0;1;191;14532;347,7;-3,4;0
2022-11-21 20:26:55;-36,79675;-73,08088;7;83,73;1372;0;0;0;1;191;14532;347,7;-3,4;0
2022-11-21 20:27:25;-36,79675;-73,08088;7;83,76;1372;0;0;0;1;191;14532;347,7;-3,4;0
2022-11-21 20:27:55;-36,79675;-73,08088;7;83,77;1372;0;0;0;1;191;14532;347,7;-3,4;0
2022-11-21 20:28:25;-36,79675;-73,08088;7;83,79;1372;0;0;0;1;191;14532;347,7;-3,4;0
2022-11-21 20:28:55;-36,79675;-73,08088;7;83,81;1372;0;0;0;1;191;14532;347,7;-3,4;0
2022-11-21 20:29:25;-36,79675;-73,08088;7;83,84;1372;0;0;0;1;191;14532;347,7;-3,4;0
2022-11-21 20:29:55;-36,79675;-73,08088;7;83,85;1372;0;0;0;1;191;14532;347,8;-3,4;0
2022-11-21 20:30:25;-36,79675;-73,08088;7;83,88;1372;0;0;0;1;191;14532;347,8;-3,4;0
2022-11-21 20:30:55;-36,79675;-73,08088;7;83,89;1372;0;0;0;1;191;14532;347,7;-3,4;0
2022-11-21 20:31:25;-36,79675;-73,08088;7;83,92;1372;0;0;0;1;191;14532;347,7;-3,4;0
2022-11-21 20:31:55;-36,79675;-73,08088;7;83,94;1372;0;0;0;1;191;14532;347,8;-3,4;0
2022-11-21 20:32:25;-36,79675;-73,08088;7;83,96;1372;0;0;0;1;191;14532;347,8;-3,4;0
2022-11-21 20:32:55;-36,79675;-73,08088;7;83,98;1372;0;0;0;1;191;14532;347,8;-3,4;0
2022-11-21 20:33:25;-36,79675;-73,08088;7;84;1372;0;0;0;1;191;14532;347,8;-3,4;0
2022-11-21 20:33:55;-36,79675;-73,08088;7;84,02;1372;0;0;0;1;191;14532;347,8;-3,4;0
2022-11-21 20:34:25;-36,79675;-73,08088;7;84,04;1372;0;0;0;1;191;14532;347,8;-3,4;0
2022-11-21 20:34:55;-36,79675;-73,08088;7;84,06;1372;0;0;0;1;191;14532;347,8;-3,4;0
2022-11-21 20:35:25;-36,79675;-73,08088;7;84,08;1372;0;0;0;1;191;14532;347,8;-3,4;0
2022-11-21 20:35:55;-36,79675;-73,08088;7;84,1;1372;0;0;0;1;191;14532;347,8;-3,4;0
2022-11-21 20:36:25;-36,79675;-73,08088;7;84,12;1372;0;0;0;1;191;14532;348;-3,4;0
2022-11-21 20:36:55;-36,79675;-73,08088;7;84,14;1372;0;0;0;1;191;14532;348;-3,4;0
2022-11-21 20:37:25;-36,79675;-73,08088;7;84,16;1372;0;0;0;1;191;14532;348;-3,4;0
2022-11-21 20:37:55;-36,79675;-73,08088;7;84,18;1372;0;0;0;1;191;14532;348;-3,4;0
2022-11-21 20:38:25;-36,79675;-73,08088;7;84,21;1372;0;0;0;1;191;14532;347,8;-3,4;0
2022-11-21 20:38:55;-36,79675;-73,08088;7;84,22;1372;0;0;0;1;191;14532;348;-3,4;0
2022-11-21 20:39:25;-36,79675;-73,08088;7;84,24;1372;0;0;0;1;191;14532;347,8;-3,4;0
2022-11-21 20:39:55;-36,79675;-73,08088;7;84,27;1372;0;0;0;1;191;14532;348;-3,4;0
2022-11-21 20:40:25;-36,79675;-73,08088;7;84,29;1372;0;0;0;1;191;14532;348;-3,4;0
2022-11-21 20:40:55;-36,79675;-73,08088;7;84,31;1372;0;0;0;1;191;14532;347,8;-3,4;0
2022-11-21 20:41:25;-36,79675;-73,08088;7;84,33;1372;0;0;0;1;191;14532;348;-3,4;0
2022-11-21 20:41:55;-36,79675;-73,08088;7;84,35;1372;0;0;0;1;191;14532;348;-3,4;0
2022-11-21 20:42:25;-36,79675;-73,08088;7;84,37;1372;0;0;0;1;191;14532;348;-3,4;0
2022-11-21 20:42:55;-36,79675;-73,08088;7;84,39;1372;0;0;0;1;191;14532;348;-3,4;0
2022-11-21 20:43:25;-36,79675;-73,08088;7;84,41;1372;0;0;0;1;191;14532;348;-3,4;0
2022-11-21 20:43:55;-36,79675;-73,08088;7;84,43;1372;0;0;0;1;191;14532;348;-3,4;0
2022-11-21 20:44:25;-36,79675;-73,08088;7;84,45;1372;0;0;0;1;191;14532;348;-3,4;0
2022-11-21 20:44:55;-36,79675;-73,08088;7;84,48;1372;0;0;0;1;191;14532;348;-3,4;0
2022-11-21 20:45:25;-36,79675;-73,08088;7;84,49;1372;0;0;0;1;191;14532;348;-3,4;0
2022-11-21 20:45:55;-36,79675;-73,08088;7;84,52;1372;0;0;0;1;191;14532;348;-3,4;0
2022-11-21 20:46:25;-36,79675;-73,08088;7;84,53;1372;0;0;0;1;191;14532;348;-3,4;0
2022-11-21 20:46:55;-36,79675;-73,08088;7;84,56;1372;0;0;0;1;191;14532;348;-3,4;0
2022-11-21 20:47:25;-36,79675;-73,08088;7;84,58;1372;0;0;0;1;191;14532;348,2;-3,4;0
2022-11-21 20:47:55;-36,79675;-73,08088;7;84,6;1372;0;0;0;1;191;14532;348;-3,4;0
2022-11-21 20:48:25;-36,79675;-73,08088;7;84,61;1372;0;0;0;1;191;14532;348;-3,4;0
2022-11-21 20:48:55;-36,79675;-73,08088;7;84,64;1372;0;0;0;1;191;14532;348,2;-3,4;0
2022-11-21 20:49:25;-36,79675;-73,08088;7;84,66;1372;0;0;0;1;191;14532;348,2;-3,4;0
2022-11-21 20:49:55;-36,79675;-73,08088;7;84,68;1372;0;0;0;1;191;14532;348,2;-3,4;0
2022-11-21 20:50:25;-36,79675;-73,08088;7;84,7;1372;0;0;0;1;191;14532;348,2;-3,4;0
2022-11-21 20:50:55;-36,79675;-73,08088;7;84,72;1372;0;0;0;1;191;14532;348,2;-3,4;0
2022-11-21 20:51:25;-36,79675;-73,08088;7;84,74;1372;0;0;0;1;191;14532;348,2;-3,4;0
2022-11-21 20:51:55;-36,79675;-73,08088;7;84,76;1372;0;0;0;1;191;14532;348,2;-3,4;0
2022-11-21 20:52:25;-36,79675;-73,08088;7;84,78;1372;0;0;0;1;191;14532;348,2;-3,4;0
2022-11-21 20:52:55;-36,79675;-73,08088;7;84,8;1372;0;0;0;1;191;14532;348,2;-3,4;0
2022-11-21 20:53:25;-36,79675;-73,08088;7;84,82;1372;0;0;0;1;191;14532;348,2;-3,4;0
2022-11-21 20:53:55;-36,79675;-73,08088;7;84,84;1372;0;0;0;1;191;14532;348,2;-3,4;0
2022-11-21 20:54:25;-36,79675;-73,08088;7;84,86;1372;0;0;0;1;191;14532;348;-3,4;0
2022-11-21 20:54:55;-36,79675;-73,08088;7;84,88;1372;0;0;0;1;191;14532;348,2;-3,4;0
2022-11-21 20:55:25;-36,79675;-73,08088;7;84,91;1372;0;0;0;1;191;14532;348,2;-3,3;0
2022-11-21 20:55:55;-36,79675;-73,08088;7;84,93;1372;0;0;0;1;191;14532;348,2;-3,4;0
2022-11-21 20:56:25;-36,79675;-73,08088;7;84,95;1372;0;0;0;1;191;14532;348,2;-3,4;0
2022-11-21 20:56:55;-36,79675;-73,08088;7;84,97;1372;0;0;0;1;191;14532;348,2;-3,4;0
2022-11-21 20:57:25;-36,79675;-73,08088;7;84,99;1372;0;0;0;1;191;14532;348,2;-3,4;0
2022-11-21 20:57:55;-36,79675;-73,08088;7;85,01;1372;0;0;0;1;191;14532;348,2;-3,4;0
2022-11-21 20:58:25;-36,79675;-73,08088;7;85,03;1372;0;0;0;1;191;14532;348,3;-3,4;0
2022-11-21 20:58:55;-36,79675;-73,08088;7;85,05;1372;0;0;0;1;191;14532;348,2;-3,4;0
2022-11-21 20:59:25;-36,79675;-73,08088;7;85,07;1372;0;0;0;1;191;14532;348,2;-3,3;0
2022-11-21 20:59:55;-36,79675;-73,08088;7;85,09;1372;0;0;0;1;191;14532;348,2;-3,4;0
2022-11-21 21:00:25;-36,79675;-73,08088;7;85,11;1372;0;0;0;1;191;14532;348,2;-3,4;0
2022-11-21 21:00:55;-36,79675;-73,08088;7;85,13;1372;0;0;0;1;191;14532;348,2;-3,4;0
2022-11-21 21:01:25;-36,79675;-73,08088;7;85,15;1372;0;0;0;1;191;14532;348,2;-3,4;0
2022-11-21 21:01:55;-36,79675;-73,08088;7;85,17;1372;0;0;0;1;191;14532;348,3;-3,4;0
2022-11-21 21:02:25;-36,79675;-73,08088;7;85,19;1372;0;0;0;1;191;14532;348,3;-3,4;0
2022-11-21 21:02:55;-36,79675;-73,08088;7;85,21;1372;0;0;0;1;191;14532;348,3;-3,4;0
2022-11-21 21:03:25;-36,79675;-73,08088;7;85,24;1372;0;0;0;1;191;14532;348,3;-3,4;0
2022-11-21 21:03:55;-36,79675;-73,08088;7;85,25;1372;0;0;0;1;191;14532;348,3;-3,4;0
2022-11-21 21:04:25;-36,79675;-73,08088;7;85,28;1372;0;0;0;1;191;14532;348,3;-3,4;0
2022-11-21 21:04:55;-36,79675;-73,08088;7;85,29;1372;0;0;0;1;191;14532;348,3;-3,4;0
2022-11-21 21:05:25;-36,79675;-73,08088;7;85,32;1372;0;0;0;1;191;14532;348,3;-3,4;0
2022-11-21 21:05:55;-36,79675;-73,08088;7;85,34;1372;0;0;0;1;191;14532;348,3;-3,4;0
2022-11-21 21:06:25;-36,79675;-73,08088;7;85,36;1372;0;0;0;1;191;14532;348,3;-3,4;0
2022-11-21 21:06:55;-36,79675;-73,08088;7;85,38;1372;0;0;0;1;191;14532;348,3;-3,4;0
2022-11-21 21:07:25;-36,79675;-73,08088;7;85,4;1372;0;0;0;1;191;14532;348,3;-3,4;0
2022-11-21 21:07:55;-36,79675;-73,08088;7;85,42;1372;0;0;0;1;191;14532;348,3;-3,4;0
2022-11-21 21:08:25;-36,79675;-73,08088;7;85,44;1372;0;0;0;1;191;14532;348,2;-3,3;0
2022-11-21 21:08:55;-36,79675;-73,08088;7;85,46;1372;0;0;0;1;191;14532;348,3;-3,4;0
2022-11-21 21:09:25;-36,79675;-73,08088;7;85,48;1372;0;0;0;1;191;14532;348,3;-3,4;0
2022-11-21 21:09:55;-36,79675;-73,08088;7;85,5;1372;0;0;0;1;191;14532;348,3;-3,3;0
2022-11-21 21:10:25;-36,79675;-73,08088;7;85,52;1372;0;0;0;1;191;14532;348,3;-3,3;0
2022-11-21 21:10:55;-36,79675;-73,08088;7;85,54;1372;0;0;0;1;191;14532;348,3;-3,3;0
2022-11-21 21:11:25;-36,79675;-73,08088;7;85,56;1372;0;0;0;1;191;14532;348,3;-3,4;0
2022-11-21 21:11:55;-36,79675;-73,08088;7;85,58;1372;0;0;0;1;191;14532;348,3;-3,4;0
2022-11-21 21:12:25;-36,79675;-73,08088;7;85,6;1372;0;0;0;1;191;14532;348,3;-3,4;0
2022-11-21 21:12:55;-36,79675;-73,08088;7;85,63;1372;0;0;0;1;191;14532;348,5;-3,4;0
2022-11-21 21:13:25;-36,79675;-73,08088;7;85,64;1372;0;0;0;1;191;14532;348,3;-3,3;0
2022-11-21 21:13:55;-36,79675;-73,08088;7;85,67;1372;0;0;0;1;191;14532;348,3;-3,4;0
2022-11-21 21:14:25;-36,79675;-73,08088;7;85,69;1372;0;0;0;1;191;14532;348,3;-3,4;0
2022-11-21 21:14:55;-36,79675;-73,08088;7;85,71;1372;0;0;0;1;191;14532;348,3;-3,4;0
2022-11-21 21:15:25;-36,79675;-73,08088;7;85,72;1372;0;0;0;1;191;14532;348,3;-3,4;0
2022-11-21 21:15:55;-36,79675;-73,08088;7;85,75;1372;0;0;0;1;191;14532;348,5;-3,4;0
2022-11-21 21:16:25;-36,79675;-73,08088;7;85,76;1372;0;0;0;1;191;14532;348,3;-3,4;0
2022-11-21 21:16:55;-36,79675;-73,08088;7;85,79;1372;0;0;0;1;191;14532;348,5;-3,4;0
2022-11-21 21:17:25;-36,79675;-73,08088;7;85,81;1372;0;0;0;1;191;14532;348,5;-3,4;0
2022-11-21 21:17:55;-36,79675;-73,08088;7;85,83;1372;0;0;0;1;191;14532;348,3;-3,4;0
2022-11-21 21:18:25;-36,79675;-73,08088;7;85,85;1372;0;0;0;1;191;14532;348,5;-3,4;0
2022-11-21 21:18:55;-36,79675;-73,08088;7;85,87;1372;0;0;0;1;191;14532;348,5;-3,4;0
2022-11-21 21:19:25;-36,79675;-73,08088;7;85,89;1372;0;0;0;1;191;14532;348,5;-3,4;0
2022-11-21 21:19:55;-36,79675;-73,08088;7;85,91;1372;0;0;0;1;191;14532;348,5;-3,4;0
2022-11-21 21:20:25;-36,79675;-73,08088;7;85,93;1372;0;0;0;1;191;14532;348,5;-3,4;0
2022-11-21 21:20:55;-36,79675;-73,08088;7;85,95;1372;0;0;0;1;191;14532;348,5;-3,3;0
2022-11-21 21:21:25;-36,79675;-73,08088;7;85,97;1372;0;0;0;1;191;14532;348,5;-3,4;0
2022-11-21 21:21:55;-36,79675;-73,08088;7;85,99;1372;0;0;0;1;191;14532;348,5;-3,4;0
2022-11-21 21:22:25;-36,79675;-73,08088;7;86,01;1372;0;0;0;1;191;14532;348,5;-3,4;0
2022-11-21 21:22:55;-36,79675;-73,08088;7;86,03;1372;0;0;0;1;191;14532;348,5;-3,4;0
2022-11-21 21:23:25;-36,79675;-73,08088;7;86,06;1372;0;0;0;1;191;14532;348,5;-3,4;0
2022-11-21 21:23:55;-36,79675;-73,08088;7;86,08;1372;0;0;0;1;191;14532;348,5;-3,3;0
2022-11-21 21:24:25;-36,79675;-73,08088;7;86,1;1372;0;0;0;1;191;14532;348,5;-3,4;0
2022-11-21 21:24:55;-36,79675;-73,08088;7;86,12;1372;0;0;0;1;191;14532;348,5;-3,4;0
2022-11-21 21:25:25;-36,79675;-73,08088;7;86,14;1372;0;0;0;1;191;14532;348,5;-3,4;0
2022-11-21 21:25:55;-36,79675;-73,08088;7;86,16;1372;0;0;0;1;191;14532;348,5;-3,4;0
2022-11-21 21:26:25;-36,79675;-73,08088;7;86,18;1372;0;0;0;1;191;14532;348,6;-3,4;0
2022-11-21 21:26:55;-36,79675;-73,08088;7;86,2;1372;0;0;0;1;191;14532;348,5;-3,4;0
2022-11-21 21:27:25;-36,79675;-73,08088;7;86,22;1372;0;0;0;1;191;14532;348,6;-3,4;0
2022-11-21 21:27:55;-36,79675;-73,08088;7;86,24;1372;0;0;0;1;191;14532;348,5;-3,4;0
2022-11-21 21:28:25;-36,79675;-73,08088;7;86,26;1372;0;0;0;1;191;14532;348,6;-3,4;0
2022-11-21 21:28:55;-36,79675;-73,08088;7;86,28;1372;0;0;0;1;191;14532;348,6;-3,4;0
2022-11-21 21:29:25;-36,79675;-73,08088;7;86,3;1372;0;0;0;1;191;14532;348,5;-3,4;0
2022-11-21 21:29:55;-36,79675;-73,08088;7;86,32;1372;0;0;0;1;191;14532;348,5;-3,4;0
2022-11-21 21:30:25;-36,79675;-73,08088;7;86,34;1372;0;0;0;1;191;14532;348,5;-3,4;0
2022-11-21 21:30:55;-36,79675;-73,08088;7;86,36;1372;0;0;0;1;191;14532;348,5;-3,4;0
2022-11-21 21:31:25;-36,79675;-73,08088;7;86,39;1372;0;0;0;1;191;14532;348,5;-3,4;0
2022-11-21 21:31:55;-36,79675;-73,08088;7;86,4;1372;0;0;0;1;191;14532;348,6;-3,3;0
2022-11-21 21:32:25;-36,79675;-73,08088;7;86,43;1372;0;0;0;1;191;14532;348,6;-3,4;0
2022-11-21 21:32:55;-36,79675;-73,08088;7;86,45;1372;0;0;0;1;191;14532;348,5;-3,4;0
2022-11-21 21:33:25;-36,79675;-73,08088;7;86,47;1372;0;0;0;1;191;14532;348,6;-3,4;0
2022-11-21 21:33:55;-36,79675;-73,08088;7;86,49;1372;0;0;0;1;191;14532;348,6;-3,4;0
2022-11-21 21:34:25;-36,79675;-73,08088;7;86,51;1372;0;0;0;1;191;14532;348,6;-3,4;0
2022-11-21 21:34:55;-36,79675;-73,08088;7;86,53;1372;0;0;0;1;191;14532;348,6;-3,4;0
2022-11-21 21:35:25;-36,79675;-73,08088;7;86,55;1372;0;0;0;1;191;14532;348,6;-3,4;0
2022-11-21 21:35:55;-36,79675;-73,08088;7;86,57;1372;0;0;0;1;191;14532;348,6;-3,4;0
2022-11-21 21:36:25;-36,79675;-73,08088;7;86,59;1372;0;0;0;1;191;14532;348,6;-3,4;0
2022-11-21 21:36:55;-36,79675;-73,08088;7;86,61;1372;0;0;0;1;191;14532;348,6;-3,4;0
2022-11-21 21:37:25;-36,79675;-73,08088;7;86,63;1372;0;0;0;1;191;14532;348,6;-3,4;0
2022-11-21 21:37:55;-36,79675;-73,08088;7;86,65;1372;0;0;0;1;191;14532;348,6;-3,4;0
2022-11-21 21:38:25;-36,79675;-73,08088;7;86,68;1372;0;0;0;1;191;14532;348,6;-3,4;0
2022-11-21 21:38:55;-36,79675;-73,08088;7;86,69;1372;0;0;0;1;191;14532;348,6;-3,4;0
2022-11-21 21:39:25;-36,79675;-73,08088;7;86,71;1372;0;0;0;1;191;14532;348,6;-3,4;0
2022-11-21 21:39:55;-36,79675;-73,08088;7;86,73;1372;0;0;0;1;191;14532;348,6;-3,4;0
2022-11-21 21:40:25;-36,79675;-73,08088;7;86,76;1372;0;0;0;1;191;14532;348,6;-3,4;0
2022-11-21 21:40:55;-36,79675;-73,08088;7;86,78;1372;0;0;0;1;191;14532;348,6;-3,4;0
2022-11-21 21:41:25;-36,79675;-73,08088;7;86,8;1372;0;0;0;1;191;14532;348,6;-3,4;0
2022-11-21 21:41:55;-36,79675;-73,08088;7;86,82;1372;0;0;0;1;191;14532;348,6;-3,4;0
2022-11-21 21:42:25;-36,79675;-73,08088;7;86,84;1372;0;0;0;1;191;14532;348,8;-3,4;0
2022-11-21 21:42:55;-36,79675;-73,08088;7;86,86;1372;0;0;0;1;191;14532;348,8;-3,4;0
2022-11-21 21:43:25;-36,79675;-73,08088;7;86,88;1372;0;0;0;1;191;14532;348,8;-3,4;0
2022-11-21 21:43:55;-36,79675;-73,08088;7;86,9;1372;0;0;0;1;191;14532;348,6;-3,4;0
2022-11-21 21:44:25;-36,79675;-73,08088;7;86,92;1372;0;0;0;1;191;14532;348,8;-3,4;0
2022-11-21 21:44:55;-36,79675;-73,08088;7;86,94;1372;0;0;0;1;191;14532;348,8;-3,4;0
2022-11-21 21:45:25;-36,79675;-73,08088;7;86,96;1372;0;0;0;1;191;14532;348,8;-3,4;0
2022-11-21 21:45:55;-36,79675;-73,08088;7;86,99;1372;0;0;0;1;191;14532;348,8;-3,4;0
2022-11-21 21:46:25;-36,79675;-73,08088;7;87;1372;0;0;0;1;191;14532;348,8;-3,4;0
2022-11-21 21:46:55;-36,79675;-73,08088;7;87,03;1372;0;0;0;1;191;14532;348,8;-3,4;0
2022-11-21 21:47:25;-36,79675;-73,08088;7;87,04;1372;0;0;0;1;191;14532;348,8;-3,4;0
2022-11-21 21:47:55;-36,79675;-73,08088;7;87,07;1372;0;0;0;1;191;14532;348,8;-3,4;0
2022-11-21 21:48:25;-36,79675;-73,08088;7;87,08;1372;0;0;0;1;191;14532;348,8;-3,4;0
2022-11-21 21:48:55;-36,79675;-73,08088;7;87,11;1372;0;0;0;1;191;14532;348,8;-3,4;0
2022-11-21 21:49:25;-36,79675;-73,08088;7;87,12;1372;0;0;0;1;191;14532;348,9;-3,4;0
2022-11-21 21:49:55;-36,79675;-73,08088;7;87,15;1372;0;0;0;1;191;14532;348,8;-3,4;0
2022-11-21 21:50:25;-36,79675;-73,08088;7;87,17;1372;0;0;0;1;191;14532;348,8;-3,4;0
2022-11-21 21:50:55;-36,79675;-73,08088;7;87,19;1372;0;0;0;1;191;14532;348,9;-3,4;0
2022-11-21 21:51:25;-36,79675;-73,08088;7;87,21;1372;0;0;0;1;191;14532;348,8;-3,4;0
2022-11-21 21:51:55;-36,79675;-73,08088;7;87,23;1372;0;0;0;1;191;14532;348,8;-3,4;0
2022-11-21 21:52:25;-36,79675;-73,08088;7;87,25;1372;0;0;0;1;191;14532;348,8;-3,5;0
2022-11-21 21:52:55;-36,79675;-73,08088;7;87,27;1372;0;0;0;1;191;14532;348,8;-3,4;0
2022-11-21 21:53:25;-36,79675;-73,08088;7;87,29;1372;0;0;0;1;191;14532;348,9;-3,4;0
2022-11-21 21:53:55;-36,79675;-73,08088;7;87,31;1372;0;0;0;1;191;14532;348,8;-3,4;0
2022-11-21 21:54:25;-36,79675;-73,08088;7;87,33;1372;0;0;0;1;191;14532;348,8;-3,4;0
2022-11-21 21:54:55;-36,79675;-73,08088;7;87,35;1372;0;0;0;1;191;14532;348,8;-3,4;0
2022-11-21 21:55:25;-36,79675;-73,08088;7;87,37;1372;0;0;0;1;191;14532;348,9;-3,4;0
2022-11-21 21:55:55;-36,79675;-73,08088;7;87,4;1372;0;0;0;1;191;14532;348,9;-3,4;0
2022-11-21 21:56:25;-36,79675;-73,08088;7;87,42;1372;0;0;0;1;191;14532;348,9;-3,4;0
2022-11-21 21:56:55;-36,79675;-73,08088;7;87,44;1372;0;0;0;1;191;14532;348,9;-3,4;0
2022-11-21 21:57:25;-36,79675;-73,08088;7;87,46;1372;0;0;0;1;191;14532;348,9;-3,4;0
2022-11-21 21:57:55;-36,79675;-73,08088;7;87,48;1372;0;0;0;1;191;14532;348,9;-3,4;0
2022-11-21 21:58:25;-36,79675;-73,08088;7;87,5;1372;0;0;0;1;191;14532;348,9;-3,4;0
2022-11-21 21:58:55;-36,79675;-73,08088;7;87,52;1372;0;0;0;1;191;14532;348,8;-3,4;0
2022-11-21 21:59:25;-36,79675;-73,08088;7;87,54;1372;0;0;0;1;191;14532;348,9;-3,4;0
2022-11-21 21:59:55;-36,79675;-73,08088;7;87,56;1372;0;0;0;1;191;14532;348,9;-3,4;0
2022-11-21 22:00:25;-36,79675;-73,08088;7;87,58;1372;0;0;0;1;191;14532;348,9;-3,4;0
2022-11-21 22:00:55;-36,79675;-73,08088;7;87,6;1372;0;0;0;1;191;14532;348,9;-3,4;0
2022-11-21 22:01:25;-36,79675;-73,08088;7;87,62;1372;0;0;0;1;191;14532;348,9;-3,4;0
2022-11-21 22:01:55;-36,79675;-73,08088;7;87,64;1372;0;0;0;1;191;14532;348,9;-3,5;0
2022-11-21 22:02:25;-36,79675;-73,08088;7;87,67;1372;0;0;0;1;191;14532;348,9;-3,4;0
2022-11-21 22:02:55;-36,79675;-73,08088;7;87,68;1372;0;0;0;1;191;14532;348,9;-3,4;0
2022-11-21 22:03:25;-36,79675;-73,08088;7;87,71;1372;0;0;0;1;191;14532;348,9;-3,4;0
2022-11-21 22:03:55;-36,79675;-73,08088;7;87,73;1372;0;0;0;1;191;14532;348,9;-3,4;0
2022-11-21 22:04:25;-36,79675;-73,08088;7;87,75;1372;0;0;0;1;191;14532;348,9;-3,4;0
2022-11-21 22:04:55;-36,79675;-73,08088;7;87,77;1372;0;0;0;1;191;14532;348,9;-3,4;0
2022-11-21 22:05:25;-36,79675;-73,08088;7;87,79;1372;0;0;0;1;191;14532;349,1;-3,4;0
2022-11-21 22:05:55;-36,79675;-73,08088;7;87,8;1372;0;0;0;1;191;14532;348,9;-3,5;0
2022-11-21 22:06:25;-36,79675;-73,08088;7;87,83;1372;0;0;0;1;191;14532;348,9;-3,4;0
2022-11-21 22:06:55;-36,79675;-73,08088;7;87,85;1372;0;0;0;1;191;14532;348,9;-3,4;0
2022-11-21 22:07:25;-36,79675;-73,08088;7;87,87;1372;0;0;0;1;191;14532;349,1;-3,4;0
2022-11-21 22:07:55;-36,79675;-73,08088;7;87,89;1372;0;0;0;1;191;14532;348,9;-3,4;0
2022-11-21 22:08:25;-36,79675;-73,08088;7;87,91;1372;0;0;0;1;191;14532;349,1;-3,4;0
2022-11-21 22:08:55;-36,79675;-73,08088;7;87,93;1372;0;0;0;1;191;14532;349,1;-3,4;0
2022-11-21 22:09:25;-36,79675;-73,08088;7;87,95;1372;0;0;0;1;191;14532;348,9;-3,4;0
2022-11-21 22:09:55;-36,79675;-73,08088;7;87,97;1372;0;0;0;1;191;14532;349,1;-3,4;0
2022-11-21 22:10:25;-36,79675;-73,08088;7;88;1372;0;0;0;1;191;14532;349,1;-3,4;0
2022-11-21 22:10:55;-36,79675;-73,08088;7;88,01;1372;0;0;0;1;191;14532;349,1;-3,4;0
2022-11-21 22:11:25;-36,79675;-73,08088;7;88,03;1372;0;0;0;1;191;14532;349,1;-3,4;0
2022-11-21 22:11:55;-36,79675;-73,08088;7;88,05;1372;0;0;0;1;191;14532;348,9;-3,4;0
2022-11-21 22:12:25;-36,79675;-73,08088;7;88,07;1372;0;0;0;1;191;14532;349,3;-3,4;0
2022-11-21 22:12:55;-36,79675;-73,08088;7;88,1;1372;0;0;0;1;191;14532;349,1;-3,4;0
2022-11-21 22:13:25;-36,79675;-73,08088;7;88,12;1372;0;0;0;1;191;14532;349,1;-3,4;0
2022-11-21 22:13:55;-36,79675;-73,08088;7;88,14;1372;0;0;0;1;191;14532;349,1;-3,4;0
2022-11-21 22:14:25;-36,79675;-73,08088;7;88,16;1372;0;0;0;1;191;14532;349,1;-3,4;0
2022-11-21 22:14:55;-36,79675;-73,08088;7;88,18;1372;0;0;0;1;191;14532;349,1;-3,4;0
2022-11-21 22:15:25;-36,79675;-73,08088;7;88,2;1372;0;0;0;1;191;14532;349,1;-3,4;0
2022-11-21 22:15:55;-36,79675;-73,08088;7;88,22;1372;0;0;0;1;191;14532;349,1;-3,4;0
2022-11-21 22:16:25;-36,79675;-73,08088;7;88,24;1372;0;0;0;1;191;14532;349,1;-3,4;0
2022-11-21 22:16:55;-36,79675;-73,08088;7;88,27;1372;0;0;0;1;191;14532;349,1;-3,4;0
2022-11-21 22:17:25;-36,79675;-73,08088;7;88,28;1372;0;0;0;1;191;14532;349,1;-3,4;0
2022-11-21 22:17:55;-36,79675;-73,08088;7;88,3;1372;0;0;0;1;191;14532;349,1;-3,4;0
2022-11-21 22:18:25;-36,79675;-73,08088;7;88,32;1372;0;0;0;1;191;14532;349,1;-3,4;0
2022-11-21 22:18:55;-36,79675;-73,08088;7;88,35;1372;0;0;0;1;191;14532;349,3;-3,4;0
2022-11-21 22:19:25;-36,79675;-73,08088;7;88,36;1372;0;0;0;1;191;14532;349,3;-3,4;0
2022-11-21 22:19:55;-36,79675;-73,08088;7;88,39;1372;0;0;0;1;191;14532;349,1;-3,4;0
2022-11-21 22:20:25;-36,79675;-73,08088;7;88,41;1372;0;0;0;1;191;14532;349,3;-3,4;0
2022-11-21 22:20:55;-36,79675;-73,08088;7;88,43;1372;0;0;0;1;191;14532;349,3;-3,4;0
2022-11-21 22:21:25;-36,79675;-73,08088;7;88,45;1372;0;0;0;1;191;14532;349,3;-3,4;0
2022-11-21 22:21:55;-36,79675;-73,08088;7;88,47;1372;0;0;0;1;191;14532;349,3;-3,4;0
2022-11-21 22:22:25;-36,79675;-73,08088;7;88,49;1372;0;0;0;1;191;14532;349,3;-3,4;0
2022-11-21 22:22:55;-36,79675;-73,08088;7;88,51;1372;0;0;0;1;191;14532;349,3;-3,4;0
2022-11-21 22:23:25;-36,79675;-73,08088;7;88,53;1372;0;0;0;1;191;14532;349,3;-3,4;0
2022-11-21 22:23:55;-36,79675;-73,08088;7;88,55;1372;0;0;0;1;191;14532;349,3;-3,5;0
2022-11-21 22:24:25;-36,79675;-73,08088;7;88,57;1372;0;0;0;1;191;14532;349,3;-3,4;0
2022-11-21 22:24:55;-36,79675;-73,08088;7;88,59;1372;0;0;0;1;191;14532;349,3;-3,4;0
2022-11-21 22:25:25;-36,79675;-73,08088;7;88,61;1372;0;0;0;1;191;14532;349,3;-3,4;0
2022-11-21 22:25:55;-36,79675;-73,08088;7;88,64;1372;0;0;0;1;191;14532;349,3;-3,4;0
2022-11-21 22:26:25;-36,79675;-73,08088;7;88,65;1372;0;0;0;1;191;14532;349,3;-3,4;0
2022-11-21 22:26:55;-36,79675;-73,08088;7;88,68;1372;0;0;0;1;191;14532;349,3;-3,4;0
2022-11-21 22:27:25;-36,79675;-73,08088;7;88,7;1372;0;0;0;1;191;14532;349,3;-3,4;0
2022-11-21 22:27:55;-36,79675;-73,08088;7;88,72;1372;0;0;0;1;191;14532;349,3;-3,4;0
2022-11-21 22:28:25;-36,79675;-73,08088;7;88,74;1372;0;0;0;1;191;14532;349,3;-3,4;0
2022-11-21 22:28:55;-36,79675;-73,08088;7;88,76;1372;0;0;0;1;191;14532;349,3;-3,4;0
2022-11-21 22:29:25;-36,79675;-73,08088;7;88,78;1372;0;0;0;1;191;14532;349,3;-3,4;0
2022-11-21 22:29:55;-36,79675;-73,08088;7;88,8;1372;0;0;0;1;191;14532;349,3;-3,4;0
2022-11-21 22:30:25;-36,79675;-73,08088;7;88,82;1372;0;0;0;1;191;14532;349,3;-3,4;0
2022-11-21 22:30:55;-36,79675;-73,08088;7;88,84;1372;0;0;0;1;191;14532;349,4;-3,4;0
2022-11-21 22:31:25;-36,79675;-73,08088;7;88,86;1372;0;0;0;1;191;14532;349,4;-3,4;0
2022-11-21 22:31:55;-36,79675;-73,08088;7;88,88;1372;0;0;0;1;191;14532;349,4;-3,4;0
2022-11-21 22:32:25;-36,79675;-73,08088;7;88,9;1372;0;0;0;1;191;14532;349,4;-3,4;0
2022-11-21 22:32:55;-36,79675;-73,08088;7;88,92;1372;0;0;0;1;191;14532;349,3;-3,4;0
2022-11-21 22:33:25;-36,79675;-73,08088;7;88,94;1372;0;0;0;1;191;14532;349,4;-3,4;0
2022-11-21 22:33:55;-36,79675;-73,08088;7;88,97;1372;0;0;0;1;191;14532;349,4;-3,4;0
2022-11-21 22:34:25;-36,79675;-73,08088;7;88,99;1372;0;0;0;1;191;14532;349,3;-3,4;0
2022-11-21 22:34:55;-36,79675;-73,08088;7;89,01;1372;0;0;0;1;191;14532;349,4;-3,4;0
2022-11-21 22:35:25;-36,79675;-73,08088;7;89,03;1372;0;0;0;1;191;14532;349,4;-3,4;0
2022-11-21 22:35:55;-36,79675;-73,08088;7;89,05;1372;0;0;0;1;191;14532;349,3;-3,4;0
2022-11-21 22:36:25;-36,79675;-73,08088;7;89,07;1372;0;0;0;1;191;14532;349,4;-3,4;0
2022-11-21 22:36:55;-36,79675;-73,08088;7;89,09;1372;0;0;0;1;191;14532;349,4;-3,4;0
2022-11-21 22:37:25;-36,79675;-73,08088;7;89,11;1372;0;0;0;1;191;14532;349,4;-3,4;0
2022-11-21 22:37:55;-36,79675;-73,08088;7;89,13;1372;0;0;0;1;191;14532;349,4;-3,3;0
2022-11-21 22:38:25;-36,79675;-73,08088;7;89,16;1372;0;0;0;1;191;14532;349,4;-3,4;0
2022-11-21 22:38:55;-36,79675;-73,08088;7;89,17;1372;0;0;0;1;191;14532;349,4;-3,4;0
2022-11-21 22:39:25;-36,79675;-73,08088;7;89,2;1372;0;0;0;1;191;14532;349,4;-3,4;0
2022-11-21 22:39:55;-36,79675;-73,08088;7;89,21;1372;0;0;0;1;191;14532;349,4;-3,4;0
2022-11-21 22:40:25;-36,79675;-73,08088;7;89,23;1372;0;0;0;1;191;14532;349,4;-3,4;0
2022-11-21 22:40:55;-36,79675;-73,08088;7;89,25;1372;0;0;0;1;191;14532;349,4;-3,4;0
2022-11-21 22:41:25;-36,79675;-73,08088;7;89,28;1372;0;0;0;1;191;14532;349,6;-3,4;0
2022-11-21 22:41:55;-36,79675;-73,08088;7;89,29;1372;0;0;0;1;191;14532;349,6;-3,4;0
2022-11-21 22:42:25;-36,79675;-73,08088;7;89,32;1372;0;0;0;1;191;14532;349,6;-3,4;0
2022-11-21 22:42:55;-36,79675;-73,08088;7;89,34;1372;0;0;0;1;191;14532;349,6;-3,4;0
2022-11-21 22:43:25;-36,79675;-73,08088;7;89,36;1372;0;0;0;1;191;14532;349,6;-3,4;0
2022-11-21 22:43:55;-36,79675;-73,08088;7;89,38;1372;0;0;0;1;191;14532;349,4;-3,4;0
2022-11-21 22:44:25;-36,79675;-73,08088;7;89,4;1372;0;0;0;1;191;14532;349,6;-3,4;0
2022-11-21 22:44:55;-36,79675;-73,08088;7;89,42;1372;0;0;0;1;191;14532;349,6;-3,3;0
2022-11-21 22:45:25;-36,79675;-73,08088;7;89,44;1372;0;0;0;1;191;14532;349,6;-3,4;0
2022-11-21 22:45:55;-36,79675;-73,08088;7;89,46;1372;0;0;0;1;191;14532;349,6;-3,4;0
2022-11-21 22:46:25;-36,79675;-73,08088;7;89,48;1372;0;0;0;1;191;14532;349,6;-3,4;0
2022-11-21 22:46:55;-36,79675;-73,08088;7;89,5;1372;0;0;0;1;191;14532;349,6;-3,4;0
2022-11-21 22:47:25;-36,79675;-73,08088;7;89,52;1372;0;0;0;1;191;14532;349,6;-3,4;0
2022-11-21 22:47:55;-36,79675;-73,08088;7;89,54;1372;0;0;0;1;191;14532;349,6;-3,3;0
2022-11-21 22:48:25;-36,79675;-73,08088;7;89,56;1372;0;0;0;1;191;14532;349,4;-3,4;0
2022-11-21 22:48:55;-36,79675;-73,08088;7;89,59;1372;0;0;0;1;191;14532;349,6;-3,4;0
2022-11-21 22:49:25;-36,79675;-73,08088;7;89,6;1372;0;0;0;1;191;14532;349,6;-3,4;0
2022-11-21 22:49:55;-36,79675;-73,08088;7;89,62;1372;0;0;0;1;191;14532;349,6;-3,4;0
2022-11-21 22:50:25;-36,79675;-73,08088;7;89,65;1372;0;0;0;1;191;14532;349,6;-3,4;0
2022-11-21 22:50:55;-36,79675;-73,08088;7;89,67;1372;0;0;0;1;191;14532;349,6;-3,4;0
2022-11-21 22:51:25;-36,79675;-73,08088;7;89,69;1372;0;0;0;1;191;14532;349,6;-3,4;0
2022-11-21 22:51:55;-36,79675;-73,08088;7;89,71;1372;0;0;0;1;191;14532;349,6;-3,4;0
2022-11-21 22:52:25;-36,79675;-73,08088;7;89,73;1372;0;0;0;1;191;14532;349,6;-3,5;0
2022-11-21 22:52:55;-36,79675;-73,08088;7;89,75;1372;0;0;0;1;191;14532;349,6;-3,4;0
2022-11-21 22:53:25;-36,79675;-73,08088;7;89,77;1372;0;0;0;1;191;14532;349,6;-3,4;0
2022-11-21 22:53:55;-36,79675;-73,08088;7;89,79;1372;0;0;0;1;191;14532;349,6;-3,4;0
2022-11-21 22:54:25;-36,79675;-73,08088;7;89,81;1372;0;0;0;1;191;14532;349,6;-3,4;0
2022-11-21 22:54:55;-36,79675;-73,08088;7;89,83;1372;0;0;0;1;191;14532;349,6;-3,4;0
2022-11-21 22:55:25;-36,79675;-73,08088;7;89,85;1372;0;0;0;1;191;14532;349,7;-3,4;0
2022-11-21 22:55:55;-36,79675;-73,08088;7;89,88;1372;0;0;0;1;191;14532;349,6;-3,4;0
2022-11-21 22:56:25;-36,79675;-73,08088;7;89,89;1372;0;0;0;1;191;14532;349,6;-3,4;0
2022-11-21 22:56:55;-36,79675;-73,08088;7;89,92;1372;0;0;0;1;191;14532;349,7;-3,4;0
2022-11-21 22:57:25;-36,79675;-73,08088;7;89,94;1372;0;0;0;1;191;14532;349,7;-3,4;0
2022-11-21 22:57:55;-36,79675;-73,08088;7;89,96;1372;0;0;0;1;191;14532;349,7;-3,4;0
2022-11-21 22:58:25;-36,79675;-73,08088;7;89,97;1372;0;0;0;1;191;14532;349,7;-3,4;0
2022-11-21 22:58:55;-36,79675;-73,08088;7;89,99;1372;0;0;0;1;191;14532;349,6;-3,4;0
2022-11-21 22:59:25;-36,79675;-73,08088;7;90,01;1372;0;0;0;1;191;14532;349,7;-3,4;0
2022-11-21 22:59:55;-36,79675;-73,08088;7;90,01;1372;0;0;0;1;191;14532;349,6;-3,4;0
2022-11-21 23:00:25;-36,79675;-73,08088;7;90,02;1372;0;0;0;1;191;14532;349,7;-3,4;0
2022-11-21 23:00:55;-36,79675;-73,08088;7;90,03;1372;0;0;0;1;191;14532;349,7;-3,4;0
2022-11-21 23:01:25;-36,79675;-73,08088;7;90,04;1372;0;0;0;1;191;14532;349,6;-3,4;0
2022-11-21 23:01:55;-36,79675;-73,08088;7;90,05;1372;0;0;0;1;191;14532;349,6;-3,4;0
2022-11-21 23:02:25;-36,79675;-73,08088;7;90,06;1372;0;0;0;1;191;14532;349,6;-3,4;0
2022-11-21 23:02:55;-36,79675;-73,08088;7;90,07;1372;0;0;0;1;191;14532;349,6;-3,4;0
2022-11-21 23:03:25;-36,79675;-73,08088;7;90,08;1372;0;0;0;1;191;14532;349,7;-3,4;0
2022-11-21 23:03:55;-36,79675;-73,08088;7;90,09;1372;0;0;0;1;191;14532;349,7;-3,4;0
2022-11-21 23:04:25;-36,79675;-73,08088;7;90,1;1372;0;0;0;1;191;14532;349,7;-3,4;0
2022-11-21 23:04:55;-36,79675;-73,08088;7;90,11;1372;0;0;0;1;191;14532;349,7;-3,4;0
2022-11-21 23:05:25;-36,79675;-73,08088;7;90,12;1372;0;0;0;1;191;14532;349,7;-3,4;0
2022-11-21 23:05:55;-36,79675;-73,08088;7;90,13;1372;0;0;0;1;191;14532;349,7;-3,4;0
2022-11-21 23:06:25;-36,79675;-73,08088;7;90,14;1372;0;0;0;1;191;14532;349,7;-3,4;0
2022-11-21 23:06:55;-36,79675;-73,08088;7;90,15;1372;0;0;0;1;191;14532;349,6;-3,4;0
2022-11-21 23:07:25;-36,79675;-73,08088;7;90,16;1372;0;0;0;1;191;14532;349,7;-3,4;0
2022-11-21 23:07:55;-36,79675;-73,08088;7;90,17;1372;0;0;0;1;191;14532;349,7;-3,4;0
2022-11-21 23:08:25;-36,79675;-73,08088;7;90,18;1372;0;0;0;1;191;14532;349,7;-3,4;0
2022-11-21 23:08:55;-36,79675;-73,08088;7;90,19;1372;0;0;0;1;191;14532;349,7;-3,4;0
2022-11-21 23:09:25;-36,79675;-73,08088;7;90,2;1372;0;0;0;1;191;14532;349,7;-3,4;0
2022-11-21 23:09:55;-36,79675;-73,08088;7;90,21;1372;0;0;0;1;191;14532;349,7;-3,4;0
2022-11-21 23:10:25;-36,79675;-73,08088;7;90,22;1372;0;0;0;1;191;14532;349,7;-3,4;0
2022-11-21 23:10:55;-36,79675;-73,08088;7;90,23;1372;0;0;0;1;191;14532;349,7;-3,4;0
2022-11-21 23:11:25;-36,79675;-73,08088;7;90,24;1372;0;0;0;1;191;14532;349,7;-3,4;0
2022-11-21 23:11:55;-36,79675;-73,08088;7;90,24;1372;0;0;0;1;191;14532;349,7;-3,4;0
2022-11-21 23:12:25;-36,79675;-73,08088;7;90,25;1372;0;0;0;1;191;14532;349,7;-3,4;0
2022-11-21 23:12:55;-36,79675;-73,08088;7;90,26;1372;0;0;0;1;191;14532;349,7;-3,4;0
2022-11-21 23:13:25;-36,79675;-73,08088;7;90,27;1372;0;0;0;1;191;14532;349,7;-3,4;0
2022-11-21 23:13:55;-36,79675;-73,08088;7;90,28;1372;0;0;0;1;191;14532;349,7;-3,4;0
2022-11-21 23:14:25;-36,79675;-73,08088;7;90,29;1372;0;0;0;1;191;14532;349,7;-3,4;0
2022-11-21 23:14:55;-36,79675;-73,08088;7;90,3;1372;0;0;0;1;191;14532;349,7;-3,4;0
2022-11-21 23:15:25;-36,79675;-73,08088;7;90,31;1372;0;0;0;1;191;14532;349,7;-3,4;0
2022-11-21 23:15:55;-36,79675;-73,08088;7;90,32;1372;0;0;0;1;191;14532;349,7;-3,4;0
2022-11-21 23:16:25;-36,79675;-73,08088;7;90,33;1372;0;0;0;1;191;14532;349,7;-3,5;0
2022-11-21 23:16:55;-36,79675;-73,08088;7;90,34;1372;0;0;0;1;191;14532;349,7;-3,4;0
2022-11-21 23:17:25;-36,79675;-73,08088;7;90,35;1372;0;0;0;1;191;14532;349,7;-3,4;0
2022-11-21 23:17:55;-36,79675;-73,08088;7;90,36;1372;0;0;0;1;191;14532;349,7;-3,4;0
2022-11-21 23:18:25;-36,79675;-73,08088;7;90,37;1372;0;0;0;1;191;14532;349,7;-3,4;0
2022-11-21 23:18:55;-36,79675;-73,08088;7;90,38;1372;0;0;0;1;191;14532;349,7;-3,4;0
2022-11-21 23:19:25;-36,79675;-73,08088;7;90,39;1372;0;0;0;1;191;14532;349,7;-3,4;0
2022-11-21 23:19:55;-36,79675;-73,08088;7;90,4;1372;0;0;0;1;191;14532;349,7;-3,4;0
2022-11-21 23:20:25;-36,79675;-73,08088;7;90,41;1372;0;0;0;1;191;14532;349,7;-3,4;0
2022-11-21 23:20:55;-36,79675;-73,08088;7;90,42;1372;0;0;0;1;191;14532;349,7;-3,5;0
2022-11-21 23:21:25;-36,79675;-73,08088;7;90,43;1372;0;0;0;1;191;14532;349,7;-3,4;0
2022-11-21 23:21:55;-36,79675;-73,08088;7;90,44;1372;0;0;0;1;191;14532;349,7;-3,4;0
2022-11-21 23:22:25;-36,79675;-73,08088;7;90,45;1372;0;0;0;1;191;14532;349,7;-3,4;0
2022-11-21 23:22:55;-36,79675;-73,08088;7;90,46;1372;0;0;0;1;191;14532;349,9;-3,4;0
2022-11-21 23:23:25;-36,79675;-73,08088;7;90,47;1372;0;0;0;1;191;14532;349,7;-3,4;0
2022-11-21 23:23:55;-36,79675;-73,08088;7;90,47;1372;0;0;0;1;191;14532;349,7;-3,4;0
2022-11-21 23:24:25;-36,79675;-73,08088;7;90,48;1372;0;0;0;1;191;14532;349,7;-3,4;0
2022-11-21 23:24:55;-36,79675;-73,08088;7;90,49;1372;0;0;0;1;191;14532;349,7;-3,4;0
2022-11-21 23:25:25;-36,79675;-73,08088;7;90,5;1372;0;0;0;1;191;14532;349,7;-3,4;0
2022-11-21 23:25:55;-36,79675;-73,08088;7;90,51;1372;0;0;0;1;191;14532;349,9;-3,5;0
2022-11-21 23:26:25;-36,79675;-73,08088;7;90,52;1372;0;0;0;1;191;14532;349,7;-3,5;0
2022-11-21 23:26:55;-36,79675;-73,08088;7;90,53;1372;0;0;0;1;191;14532;349,7;-3,4;0
2022-11-21 23:27:25;-36,79675;-73,08088;7;90,54;1372;0;0;0;1;191;14532;349,7;-3,4;0
2022-11-21 23:27:55;-36,79675;-73,08088;7;90,55;1372;0;0;0;1;191;14532;349,7;-3,5;0
2022-11-21 23:28:25;-36,79675;-73,08088;7;90,56;1372;0;0;0;1;191;14532;349,7;-3,4;0
2022-11-21 23:28:55;-36,79675;-73,08088;7;90,57;1372;0;0;0;1;191;14532;349,7;-3,4;0
2022-11-21 23:29:25;-36,79675;-73,08088;7;90,58;1372;0;0;0;1;191;14532;349,7;-3,4;0
2022-11-21 23:29:55;-36,79675;-73,08088;7;90,59;1372;0;0;0;1;191;14532;349,7;-3,4;0
2022-11-21 23:30:25;-36,79675;-73,08088;7;90,6;1372;0;0;0;1;191;14532;349,7;-3,4;0
2022-11-21 23:30:55;-36,79675;-73,08088;7;90,61;1372;0;0;0;1;191;14532;349,9;-3,4;0
2022-11-21 23:31:25;-36,79675;-73,08088;7;90,62;1372;0;0;0;1;191;14532;349,7;-3,4;0
2022-11-21 23:31:55;-36,79675;-73,08088;7;90,63;1372;0;0;0;1;191;14532;349,7;-3,4;0
2022-11-21 23:32:25;-36,79675;-73,08088;7;90,64;1372;0;0;0;1;191;14532;349,7;-3,4;0
2022-11-21 23:32:55;-36,79675;-73,08088;7;90,65;1372;0;0;0;1;191;14532;349,7;-3,4;0
2022-11-21 23:33:25;-36,79675;-73,08088;7;90,66;1372;0;0;0;1;191;14532;349,9;-3,4;0
2022-11-21 23:33:55;-36,79675;-73,08088;7;90,67;1372;0;0;0;1;191;14532;349,7;-3,4;0
2022-11-21 23:34:25;-36,79675;-73,08088;7;90,68;1372;0;0;0;1;191;14532;349,7;-3,4;0
2022-11-21 23:34:55;-36,79675;-73,08088;7;90,69;1372;0;0;0;1;191;14532;349,7;-3,4;0
2022-11-21 23:35:25;-36,79675;-73,08088;7;90,7;1372;0;0;0;1;191;14532;349,7;-3,4;0
2022-11-21 23:35:55;-36,79675;-73,08088;7;90,7;1372;0;0;0;1;191;14532;349,7;-3,4;0
2022-11-21 23:36:25;-36,79675;-73,08088;7;90,71;1372;0;0;0;1;191;14532;349,7;-3,4;0
2022-11-21 23:36:55;-36,79675;-73,08088;7;90,72;1372;0;0;0;1;191;14532;349,7;-3,4;0
2022-11-21 23:37:25;-36,79675;-73,08088;7;90,73;1372;0;0;0;1;191;14532;349,7;-3,4;0
2022-11-21 23:37:55;-36,79675;-73,08088;7;90,74;1372;0;0;0;1;191;14532;349,7;-3,4;0
2022-11-21 23:38:25;-36,79675;-73,08088;7;90,75;1372;0;0;0;1;191;14532;349,7;-3,4;0
2022-11-21 23:38:55;-36,79675;-73,08088;7;90,76;1372;0;0;0;1;191;14532;349,7;-3,4;0
2022-11-21 23:39:25;-36,79675;-73,08088;7;90,77;1372;0;0;0;1;191;14532;349,7;-3,4;0
2022-11-21 23:39:55;-36,79675;-73,08088;7;90,78;1372;0;0;0;1;191;14532;349,7;-3,4;0
2022-11-21 23:40:25;-36,79675;-73,08088;7;90,79;1372;0;0;0;1;191;14532;349,9;-3,4;0
2022-11-21 23:40:55;-36,79675;-73,08088;7;90,8;1372;0;0;0;1;191;14532;349,7;-3,4;0
2022-11-21 23:41:25;-36,79675;-73,08088;7;90,81;1372;0;0;0;1;191;14532;349,7;-3,4;0
2022-11-21 23:41:55;-36,79675;-73,08088;7;90,82;1372;0;0;0;1;191;14532;349,7;-3,4;0
2022-11-21 23:42:25;-36,79675;-73,08088;7;90,83;1372;0;0;0;1;191;14532;349,7;-3,4;0
2022-11-21 23:42:55;-36,79675;-73,08088;7;90,84;1372;0;0;0;1;191;14532;349,7;-3,4;0
2022-11-21 23:43:25;-36,79675;-73,08088;7;90,85;1372;0;0;0;1;191;14532;349,7;-3,4;0
2022-11-21 23:43:55;-36,79675;-73,08088;7;90,86;1372;0;0;0;1;191;14532;349,7;-3,4;0
2022-11-21 23:44:25;-36,79675;-73,08088;7;90,87;1372;0;0;0;1;191;14532;349,9;-3,4;0
2022-11-21 23:44:55;-36,79675;-73,08088;7;90,88;1372;0;0;0;1;191;14532;349,7;-3,4;0
2022-11-21 23:45:25;-36,79675;-73,08088;7;90,89;1372;0;0;0;1;191;14532;349,7;-3,4;0
2022-11-21 23:45:55;-36,79675;-73,08088;7;90,9;1372;0;0;0;1;191;14532;349,7;-3,4;0
2022-11-21 23:46:25;-36,79675;-73,08088;7;90,91;1372;0;0;0;1;191;14532;349,9;-3,4;0
2022-11-21 23:46:55;-36,79675;-73,08088;7;90,91;1372;0;0;0;1;191;14532;349,7;-3,4;0
2022-11-21 23:47:25;-36,79675;-73,08088;7;90,93;1372;0;0;0;1;191;14532;349,7;-3,4;0
2022-11-21 23:47:55;-36,79675;-73,08088;7;90,93;1372;0;0;0;1;191;14532;349,7;-3,4;0
2022-11-21 23:48:25;-36,79675;-73,08088;7;90,95;1372;0;0;0;1;191;14532;349,7;-3,4;0
2022-11-21 23:48:55;-36,79675;-73,08088;7;90,95;1372;0;0;0;1;191;14532;349,7;-3,4;0
2022-11-21 23:49:25;-36,79675;-73,08088;7;90,96;1372;0;0;0;1;191;14532;349,9;-3,4;0
2022-11-21 23:49:55;-36,79675;-73,08088;7;90,97;1372;0;0;0;1;191;14532;349,7;-3,4;0
2022-11-21 23:50:25;-36,79675;-73,08088;7;90,98;1372;0;0;0;1;191;14532;349,7;-3,4;0
2022-11-21 23:50:55;-36,79675;-73,08088;7;90,99;1372;0;0;0;1;191;14532;349,7;-3,3;0
2022-11-21 23:51:25;-36,79675;-73,08088;7;91;1372;0;0;0;1;191;14532;349,7;-3,4;0
2022-11-21 23:51:55;-36,79675;-73,08088;7;91,01;1372;0;0;0;1;191;14532;349,7;-3,4;0
2022-11-21 23:52:25;-36,79675;-73,08088;7;91,02;1372;0;0;0;1;191;14532;349,7;-3,4;0
2022-11-21 23:52:55;-36,79675;-73,08088;7;91,03;1372;0;0;0;1;191;14532;349,7;-3,4;0
2022-11-21 23:53:25;-36,79675;-73,08088;7;91,04;1372;0;0;0;1;191;14532;349,9;-3,4;0
2022-11-21 23:53:55;-36,79675;-73,08088;7;91,05;1372;0;0;0;1;191;14532;349,7;-3,4;0
2022-11-21 23:54:25;-36,79675;-73,08088;7;91,06;1372;0;0;0;1;191;14532;349,7;-3,3;0
2022-11-21 23:54:55;-36,79675;-73,08088;7;91,07;1372;0;0;0;1;191;14532;349,7;-3,4;0
2022-11-21 23:55:25;-36,79675;-73,08088;7;91,08;1372;0;0;0;1;191;14532;349,7;-3,4;0
2022-11-21 23:55:55;-36,79675;-73,08088;7;91,09;1372;0;0;0;1;191;14532;349,9;-3,4;0
2022-11-21 23:56:25;-36,79675;-73,08088;7;91,1;1372;0;0;0;1;191;14532;349,7;-3,4;0
2022-11-21 23:56:55;-36,79675;-73,08088;7;91,11;1372;0;0;0;1;191;14532;349,7;-3,4;0
2022-11-21 23:57:25;-36,79675;-73,08088;7;91,12;1372;0;0;0;1;191;14532;349,9;-3,4;0
2022-11-21 23:57:55;-36,79675;-73,08088;7;91,13;1372;0;0;0;1;191;14532;349,9;-3,4;0
2022-11-21 23:58:25;-36,79675;-73,08088;7;91,14;1372;0;0;0;1;191;14532;349,9;-3,4;0
2022-11-21 23:58:55;-36,79675;-73,08088;7;91,15;1372;0;0;0;1;191;14532;349,7;-3,4;0
2022-11-21 23:59:25;-36,79675;-73,08088;7;91,16;1372;0;0;0;1;191;14532;349,9;-3,3;0
2022-11-21 23:59:55;-36,79675;-73,08088;7;91,16;1372;0;0;0;1;191;14532;349,7;-3,3;0
