fecha_hora;lat;lon;altitud;SOC;odometro;vel;AC;calefaccion;cargando;km_restantes;carga_bat_aux;voltaje;corriente;rpm
2022-11-08 09:29:07;-36,79642;-73,08105;11;79,05;328;0;0;0;0;180;12146;346,4;0;0
2022-11-08 09:29:36;-36,79642;-73,08105;8,9;79,02;328;12;0;0;0;180;14453;345,7;4,6;722
2022-11-08 09:30:06;-36,79667;-73,08112;9,7;79;328;0;0;0;0;180;14318;345,8;1;0
2022-11-08 09:48:25;-36,7967;-73,08087;9,7;79;328;0;0;0;0;180;12146;346,3;0;0
2022-11-08 09:48:55;-36,7967;-73,08087;9,7;78,98;328;9;0;0;0;180;14318;345,2;7;608
2022-11-08 09:49:25;-36,7967;-73,08087;11;78,93;328;13;0;0;0;180;14453;343,9;15,2;850
2022-11-08 09:49:55;-36,79664;-73,0806;6,3;78,91;328;0;0;0;0;180;14318;345;3,4;82
2022-11-08 09:50:25;-36,79668;-73,08092;10,5;78,9;328;0;0;0;0;180;14453;345,5;1,3;0
2022-11-08 09:50:55;-36,79668;-73,08092;10,5;78,89;328;0;0;0;0;179;14453;345,5;0,9;0
2022-11-08 09:51:25;-36,79671;-73,08094;10,5;78,87;328;0;0;0;0;179;14453;345,5;0,9;0
2022-11-08 09:51:55;-36,79671;-73,08094;10,5;78,86;328;2;0;0;0;179;14453;344,7;6,3;171
2022-11-08 09:52:25;-36,79671;-73,08094;11,2;78,67;328;42;0;0;0;179;14318;350,3;-4,7;2439
2022-11-08 09:52:55;-36,79944;-73,07992;9,9;78,49;329;57;0;0;0;179;14453;340,3;19;3462
2022-11-08 09:53:25;-36,80404;-73,07701;10,2;78,5;329;28;0;0;0;179;14453;337,4;59,9;1771
2022-11-08 09:53:55;-36,80404;-73,07701;8,6;78,4;329;26;0;0;0;178;14453;346,4;-35,6;1426
2022-11-08 09:54:25;-36,80212;-73,07322;0,8;78,35;330;17;0;0;0;178;14453;343,8;-9,8;880
2022-11-08 09:54:55;-36,80276;-73,0738;10,3;77,95;330;72;0;0;0;177;14453;334,6;15,9;4410
2022-11-08 09:55:25;-36,80276;-73,0738;12;77,73;330;74;0;0;0;177;14453;336,3;44,4;4589
2022-11-08 09:55:55;-36,80789;-73,08075;7,6;77,57;331;72;0;0;0;176;14453;342,4;-94,8;4432
2022-11-08 09:56:25;-36,81475;-73,08307;9,5;77,57;332;40;0;0;0;176;14453;348,9;-2,4;2293
2022-11-08 09:56:55;-36,81475;-73,08307;10,5;77,23;332;81;0;0;0;176;14453;323,3;171,5;5085
2022-11-08 09:57:25;-36,81727;-73,08017;13,6;76,8;333;93;0;0;0;175;14453;331,3;82,7;5758
2022-11-08 09:57:55;-36,8256;-73,07349;13,2;76,57;333;82;0;0;0;174;14453;331,7;85,2;5115
2022-11-08 09:58:58;-36,8256;-73,07349;15,1;76,58;334;1;0;0;0;174;14453;342,1;0,8;0
2022-11-08 09:59:10;-36,82909;-73,06897;15,2;76,29;334;69;0;0;0;173;14453;336,9;33,1;4262
2022-11-08 09:59:25;-36,83335;-73,06423;17,2;76,26;335;51;0;0;0;173;14453;337,5;41,6;3163
2022-11-08 09:59:55;-36,83335;-73,06423;18,5;76,12;335;46;0;0;0;173;14453;337,1;9,3;2799
2022-11-08 10:00:25;-36,83778;-73,06513;15,2;75,56;336;93;0;0;0;172;14318;335,3;39,4;5773
2022-11-08 10:00:55;-36,84277;-73,07607;16,1;75,53;336;37;0;0;0;172;14453;349,4;-80,6;2007
2022-11-08 10:01:25;-36,84277;-73,07607;14,1;75,37;336;57;0;0;0;171;14318;329,2;118,9;3579
2022-11-08 10:01:55;-36,84503;-73,07492;20,1;75,08;337;75;0;0;0;171;14453;338;28,7;4683
2022-11-08 10:02:25;-36,8529;-73,07309;11,8;74,96;338;67;0;0;0;170;14453;337,5;34;4133
2022-11-08 10:02:55;-36,8529;-73,07309;12,1;74,74;338;75;0;0;0;170;14453;337,8;28,7;4620
2022-11-08 10:03:25;-36,86049;-73,07079;15,3;74,56;339;69;0;0;0;169;14453;340,8;-2,6;4218
2022-11-08 10:03:55;-36,86807;-73,06836;19,1;74,27;339;80;0;0;0;169;14453;335,5;37,3;4937
2022-11-08 10:04:25;-36,86807;-73,06836;18,3;74;340;84;0;0;0;168;14453;336,6;35,2;5204
2022-11-08 10:04:55;-36,87625;-73,06347;17,1;73,78;341;82;0;0;0;168;14453;336,9;35,4;5079
2022-11-08 10:05:25;-36,88524;-73,06078;18,6;73,51;341;84;0;0;0;167;14453;339,1;8,5;5203
2022-11-08 10:05:55;-36,88524;-73,06078;25,4;73,31;342;80;0;0;0;167;14318;353;-74,1;4785
2022-11-08 10:06:25;-36,89415;-73,05885;19,6;72,79;343;97;0;0;0;166;14453;332,2;73,5;6025
2022-11-08 10:06:55;-36,90423;-73,05621;27,4;72,5;344;89;0;0;0;165;14453;331,9;77,5;5571
2022-11-08 10:07:25;-36,90423;-73,05621;21,4;72,21;344;87;0;0;0;165;14453;333,9;39,1;5406
2022-11-08 10:07:55;-36,91357;-73,05279;23,2;71,87;345;83;0;0;0;164;14453;345,5;-148,4;5056
2022-11-08 10:08:25;-36,92272;-73,05182;15,1;71,65;346;78;0;0;0;163;14453;340;-0,6;4790
2022-11-08 10:08:55;-36,92272;-73,05182;17,2;71,3;346;83;0;0;0;163;14318;339,1;-1,2;5131
2022-11-08 10:09:25;-36,93086;-73,05014;9,7;71;347;89;0;0;0;162;14453;333;67,3;5501
2022-11-08 10:09:55;-36,93975;-73,04924;28,2;70,77;348;77;0;0;0;162;14453;340,3;0;4789
2022-11-08 10:10:25;-36,93975;-73,04924;24,5;70,57;348;80;0;0;0;161;14453;339,6;-0,3;4952
2022-11-08 10:10:55;-36,9481;-73,04917;25,8;70,33;349;80;0;0;0;161;14453;340,3;-7,3;4913
2022-11-08 10:11:25;-36,95482;-73,04809;23,7;70,47;349;14;0;0;0;161;14318;340,3;10,5;859
2022-11-08 10:11:55;-36,95482;-73,04809;20;70,25;350;58;0;0;0;161;14453;339,3;17,8;3557
2022-11-08 10:12:25;-36,95901;-73,04519;22,1;70,09;350;68;0;0;0;161;14453;335,8;40;4181
2022-11-08 10:12:55;-36,96432;-73,03878;25,8;69,76;351;82;0;0;0;160;14453;334,7;51,7;5121
2022-11-08 10:13:25;-36,96432;-73,03878;25,8;69,54;351;79;0;0;0;159;14453;330,8;102,6;4928
2022-11-08 10:13:55;-36,97075;-73,031;26,3;69,36;352;71;0;0;0;159;14453;333,5;76,6;4404
2022-11-08 10:14:25;-36,97617;-73,02342;22,7;69,07;353;80;0;0;0;158;14453;334,7;75,7;4962
2022-11-08 10:14:55;-36,97617;-73,02342;22;68,87;353;72;0;0;0;158;14453;337,5;26,8;4397
2022-11-08 10:15:25;-36,97861;-73,01385;29,2;68,64;354;67;0;0;0;157;14318;338;20,8;4118
2022-11-08 10:15:55;-36,97874;-73,00475;26;68,61;354;56;0;0;0;157;14453;338;39,4;3493
2022-11-08 10:16:25;-36,97874;-73,00475;24,9;68,39;355;69;0;0;0;157;14453;338;26;4232
2022-11-08 10:16:55;-36,97856;-72,99631;19,9;68,22;355;77;0;0;0;156;14453;338,9;20,3;4755
2022-11-08 10:17:25;-36,97956;-72,98625;30,8;67,93;356;79;0;0;0;156;14453;337,5;22,7;4935
2022-11-08 10:17:55;-36,97956;-72,98625;24,3;67,67;357;89;0;0;0;155;14453;336,8;28,8;5511
2022-11-08 10:18:25;-36,97948;-72,97476;35,3;67,44;357;72;0;0;0;155;14453;334,6;68;4485
2022-11-08 10:18:55;-36,97948;-72,96466;39,3;67,21;358;76;0;0;0;154;14453;338,3;26,3;4695
2022-11-08 10:19:25;-36,97948;-72,96466;28,3;67,17;359;74;0;0;0;154;14318;340,8;11,2;4553
2022-11-08 10:19:55;-36,98307;-72,95746;21,7;66,9;359;82;0;0;0;153;14453;335,2;54,2;5104
2022-11-08 10:20:25;-36,99;-72,96365;22;66,69;360;81;0;0;0;153;14453;337,4;25,1;5001
2022-11-08 10:20:55;-36,99;-72,96365;23,5;66,55;360;70;0;0;0;153;14453;338,3;21,1;4287
2022-11-08 10:21:25;-36,99584;-72,971;18,2;66,35;361;80;0;0;0;152;14453;334,6;56,4;4985
2022-11-08 10:21:55;-37,00105;-72,97763;19,6;66,28;362;63;0;0;0;152;14453;334,7;66,5;3899
2022-11-08 10:22:25;-37,00105;-72,97763;18;66;362;78;0;0;0;151;14453;336;43;4815
2022-11-08 10:22:55;-37,00576;-72,98548;25,4;65,93;363;51;0;0;0;151;14453;337,1;39,8;3142
2022-11-08 10:23:25;-37,01048;-72,98835;22,2;65,89;363;57;0;0;0;151;14453;339,4;18,4;3462
2022-11-08 10:23:55;-37,01048;-72,98835;33,2;65,63;363;63;0;0;0;150;14453;337,1;34,3;3888
2022-11-08 10:24:25;-37,01658;-72,98694;36,1;65,35;364;78;0;0;0;150;14453;338,9;6;4833
2022-11-08 10:24:55;-37,02429;-72,98633;25,6;65,25;365;75;0;0;0;150;14318;335,5;57,6;4641
2022-11-08 10:25:25;-37,02429;-72,98633;31,9;64,96;365;83;0;0;0;149;14453;339,1;14,1;5164
2022-11-08 10:25:55;-37,03191;-72,98221;32,9;64,5;366;91;0;0;0;148;14318;352,2;-142;5538
2022-11-08 10:26:25;-37,0414;-72,97944;19;64,44;367;75;0;0;0;148;14453;338,9;9,9;4615
2022-11-08 10:26:55;-37,0414;-72,97944;27,7;64,21;367;72;0;0;0;147;14453;337,4;19,5;4408
2022-11-08 10:27:25;-37,04835;-72,98269;35,7;63,89;368;79;0;0;0;146;14318;331,4;85,7;4926
2022-11-08 10:27:55;-37,05591;-72,98523;27,2;63,67;368;74;0;0;0;146;14453;341,1;-14,1;4536
2022-11-08 10:28:25;-37,05591;-72,98523;21,3;63,42;369;86;0;0;0;145;14318;334,6;47;5318
2022-11-08 10:28:55;-37,06358;-72,98879;27,6;63,19;370;79;0;0;0;145;14453;331,3;92;4932
2022-11-08 10:29:25;-37,07175;-72,99165;36,8;62,77;370;87;0;0;0;144;14453;331,1;81,9;5381
2022-11-08 10:29:55;-37,07175;-72,99165;32,5;62,53;371;87;0;0;0;143;14453;334,2;54,2;5414
2022-11-08 10:30:25;-37,08091;-72,99167;30;62,26;372;81;0;0;0;143;14453;333,6;57,9;5046
2022-11-08 10:30:55;-37,09004;-72,99069;33,1;61,96;372;83;0;0;0;142;14453;336;37,5;5129
2022-11-08 10:31:25;-37,09004;-72,99069;39,2;61,64;373;81;0;0;0;141;14453;335,3;45,6;5031
2022-11-08 10:31:55;-37,09866;-72,99041;38,2;61,45;374;79;0;0;0;141;14453;333,8;58,8;4899
2022-11-08 10:32:25;-37,10715;-72,98888;47,3;61,1;374;84;0;0;0;140;14453;334,9;42,3;5199
2022-11-08 10:32:55;-37,10715;-72,98888;37,2;60,92;375;84;0;0;0;140;14453;331,1;88,7;5190
2022-11-08 10:33:25;-37,11511;-72,98478;23,9;60,84;376;60;0;0;0;139;14453;342,8;2,2;3678
2022-11-08 10:33:55;-37,12249;-72,98583;35;60,45;376;73;0;0;0;139;14318;334,7;57,4;4480
2022-11-08 10:34:25;-37,12249;-72,98583;28,7;60,34;377;78;0;0;0;138;14453;335;59,4;4833
2022-11-08 10:34:55;-37,129;-72,98224;28,9;60,11;377;73;0;0;0;138;14453;335,7;43,8;4557
2022-11-08 10:35:25;-37,13652;-72,97905;28,5;59,93;378;74;0;0;0;137;14453;335,8;45,5;4566
2022-11-08 10:35:55;-37,13652;-72,97905;31,5;59,67;379;77;0;0;0;137;14453;336,6;36,3;4754
2022-11-08 10:36:25;-37,14486;-72,97808;32,7;59,47;379;72;0;0;0;136;14453;337,8;21,5;4473
2022-11-08 10:36:55;-37,15205;-72,97589;32,2;59,28;380;77;0;0;0;136;14318;334,7;47,9;4761
2022-11-08 10:37:25;-37,15205;-72,97589;33,6;59,03;380;78;0;0;0;135;14453;334,4;56,5;4841
2022-11-08 10:37:55;-37,15727;-72,96763;39;58,8;381;75;0;0;0;135;14453;335,7;39,8;4664
2022-11-08 10:38:25;-37,16218;-72,95955;36,1;58,62;382;73;0;0;0;134;14453;339,6;26,8;4472
2022-11-08 10:38:55;-37,16218;-72,95955;42,9;58,65;382;18;0;0;0;134;14318;336;54;1168
2022-11-08 10:39:25;-37,16468;-72,9554;44,1;58,49;382;30;0;0;0;134;14453;341,9;-27;1758
2022-11-08 10:39:55;-37,1676;-72,95062;39,8;58,32;383;48;0;0;0;134;14453;338,3;23,2;2937
2022-11-08 10:40:25;-37,1676;-72,95062;42,2;58,24;383;48;0;0;0;133;14453;338,8;15,5;2897
2022-11-08 10:40:55;-37,17023;-72,94623;43,1;58,21;383;31;0;0;0;133;14453;343,8;-41,2;1437
2022-11-08 10:41:25;-37,17265;-72,94243;41,3;58,1;383;33;0;0;0;133;14453;345;-54,4;1786
2022-11-08 10:41:55;-37,17265;-72,94243;40,7;58,03;384;30;0;0;0;133;14453;337,5;40,7;1866
2022-11-08 10:42:25;-37,17451;-72,93961;41,5;57,97;384;32;0;0;0;133;14453;339,7;12,7;1889
2022-11-08 10:42:55;-37,17552;-72,93738;44,9;57,94;384;29;0;0;0;133;14453;339,6;6,8;1688
2022-11-08 10:43:25;-37,17552;-72,93738;47,3;57,93;384;16;0;0;0;133;14453;340,5;5,3;965
2022-11-08 10:43:55;-37,17421;-72,93769;45,4;57,92;384;11;0;0;0;133;14453;341,3;1,2;635
2022-11-08 10:44:25;-37,17336;-72,93681;42,1;57,88;384;23;0;0;0;133;14453;338,6;29,5;1440
2022-11-08 10:44:55;-37,17336;-72,93681;44,2;57,84;385;17;0;0;0;133;14453;341,1;2,1;991
2022-11-08 10:45:25;-37,17396;-72,93586;44,2;57,81;385;16;0;0;0;132;14453;340,3;13,5;1023
2022-11-08 10:45:55;-37,17443;-72,93734;49,2;57,81;385;0;0;0;0;132;14453;341,6;0,7;0
2022-11-08 10:46:25;-37,17443;-72,93734;48,5;57,79;385;4;0;0;0;132;14453;341,4;1,5;228
2022-11-08 13:11:57;-37,17435;-72,93759;54,8;57,79;385;0;0;0;0;132;12796;343,6;0;0
2022-11-08 13:12:27;-37,17435;-72,93759;54,8;57,78;385;0;0;0;0;132;12796;343;3,2;0
2022-11-08 13:12:57;-37,17435;-72,93759;55,4;57,71;385;32;0;0;0;132;14532;343,5;-6,2;1899
2022-11-08 13:13:27;-37,17224;-72,94067;56,5;57,65;385;22;0;0;0;132;14532;344,7;-28,5;1276
2022-11-08 13:13:57;-37,17224;-72,94067;56,8;57,51;385;36;0;0;0;132;14532;338,2;56,2;2204
2022-11-08 13:14:27;-37,17195;-72,94336;59,5;57,36;386;47;0;0;0;131;14532;334,9;82,1;2925
2022-11-08 13:14:57;-37,16927;-72,94771;61;57,27;386;42;0;0;0;131;14532;345,3;5,2;2453
2022-11-08 13:15:27;-37,16927;-72,94771;58;57,21;386;41;0;0;0;131;14532;341,4;-1,4;2472
2022-11-08 13:15:57;-37,16695;-72,94808;48,8;57,23;386;24;0;0;0;131;14532;340,2;26;1453
2022-11-08 13:16:27;-37,16585;-72,94948;47,1;57,21;386;10;0;0;0;131;14532;342,4;1,8;602
2022-11-08 13:16:57;-37,16585;-72,94948;34,9;57,22;387;0;0;0;0;131;14532;342,5;0,6;0
2022-11-08 13:19:24;-37,16554;-72,94976;34,9;57,21;387;0;0;0;0;131;12661;342,8;0;0
2022-11-08 13:19:54;-37,16554;-72,94976;39,2;57,14;387;13;0;0;0;131;14532;338,2;2,5;682
2022-11-08 13:20:24;-37,16571;-72,94961;45,9;57,02;387;18;0;0;0;131;14532;336,8;38,5;1272
2022-11-08 13:20:54;-37,16695;-72,94815;52,4;56,9;387;26;0;0;0;130;14532;340,5;16,5;1537
2022-11-08 13:23:30;-37,16818;-72,94909;53,7;56,91;387;0;0;0;0;130;12661;342,7;0;0
2022-11-08 13:24:00;-37,16818;-72,94909;53,7;56,84;387;30;0;0;0;130;12661;338,8;35,9;1844
2022-11-08 13:24:30;-37,16761;-72,9503;55,4;56,67;387;42;0;0;0;130;14532;347,5;-81;2372
2022-11-08 13:25:00;-37,16481;-72,95501;55,8;56,56;388;48;0;0;0;130;14532;348;-91,5;2732
2022-11-08 13:25:30;-37,16481;-72,95501;52,9;56,29;388;71;0;0;0;129;14532;335,3;50,6;4396
2022-11-08 13:26:00;-37,16077;-72,96173;55,8;56,01;389;76;0;0;0;128;14532;335,5;43,5;4730
2022-11-08 13:26:30;-37,15576;-72,96992;53;55,76;389;79;0;0;0;128;14532;336,1;36,3;4859
2022-11-08 13:27:00;-37,15576;-72,96992;48,9;55,58;390;75;0;0;0;127;14532;333;82,3;4677
2022-11-08 13:27:30;-37,15058;-72,97769;44,1;55,3;391;78;0;0;0;127;14532;335,3;42,5;4817
2022-11-08 13:28:00;-37,14245;-72,97808;47,6;54,99;391;80;0;0;0;126;14532;333;79,8;4963
2022-11-08 13:28:30;-37,14245;-72,97808;39,3;54,84;392;71;0;0;0;126;14532;340,3;-14,2;4321
2022-11-08 13:29:00;-37,1347;-72,97992;46,7;54,51;392;77;0;0;0;125;14532;332,1;75,2;4774
2022-11-08 13:29:30;-37,12762;-72,98319;43,9;54,29;393;78;0;0;0;124;14532;332,7;70,9;4818
2022-11-08 13:30:00;-37,12762;-72,98319;52,8;53,9;394;92;0;0;0;124;14532;333;61,7;5774
2022-11-08 13:30:30;-37,12066;-72,98504;40,5;53,8;394;77;0;0;0;123;14532;330,8;93,4;4802
2022-11-08 13:31:00;-37,11327;-72,98601;40,9;53,53;395;81;0;0;0;123;14532;337,7;5,5;5004
2022-11-08 13:31:30;-37,11327;-72,98601;67,2;53,16;396;79;0;0;0;122;14532;335,2;31,1;4895
2022-11-08 13:32:00;-37,10504;-72,98944;54,7;52,89;396;86;0;0;0;121;14532;334,9;33,8;5316
2022-11-08 13:32:30;-37,096;-72,99036;35,6;52,53;397;87;0;0;0;120;14532;332,7;63,9;5415
2022-11-08 13:33:00;-37,096;-72,99036;33,9;52,23;398;89;0;0;0;120;14532;335,7;28,5;5509
2022-11-08 13:33:30;-37,08659;-72,99065;25,6;51,85;398;90;0;0;0;119;14532;332,1;68,9;5603
2022-11-08 13:34:00;-37,07698;-72,99192;41,1;51,5;399;86;0;0;0;118;14532;330;93,5;5365
2022-11-08 13:34:30;-37,07698;-72,99192;35;51,32;400;80;0;0;0;118;14532;336,6;9,1;4922
2022-11-08 13:35:00;-37,06764;-72,99079;32,8;51,06;400;82;0;0;0;117;14532;332,5;73,4;5077
2022-11-08 13:35:30;-37,05936;-72,98736;34,2;50,81;401;69;0;0;0;116;14532;336,8;-5,5;4202
2022-11-08 13:36:00;-37,05936;-72,98736;39,3;50,4;402;80;0;0;0;116;14532;335,7;44;4903
2022-11-08 13:36:30;-37,05193;-72,98384;41,1;50,1;402;81;0;0;0;115;14532;338;19,8;5019
2022-11-08 13:37:00;-37,04418;-72,9803;35,5;49,89;403;76;0;0;0;114;14532;341,9;4,3;4645
2022-11-08 13:37:30;-37,04418;-72,9803;40;49,41;404;89;0;0;0;113;14532;329,2;102,3;5542
2022-11-08 13:38:00;-37,0356;-72,98086;43,9;48,97;404;91;0;0;0;112;14532;330,7;81,3;5673
2022-11-08 13:38:30;-37,02638;-72,98471;46,7;48,67;405;90;0;0;0;111;14532;333,9;59,9;5621
2022-11-08 13:39:00;-37,02638;-72,98471;48,2;48,31;406;86;0;0;0;110;14532;331,3;76;5355
2022-11-08 13:39:30;-37,01737;-72,98672;42,1;48,2;406;76;0;0;0;110;14532;340,2;-1,9;4694
2022-11-08 13:40:00;-37,00961;-72,98789;41,3;47,95;407;78;0;0;0;109;14532;331,3;84,2;4833
2022-11-08 13:40:30;-37,00961;-72,98789;32,5;47,62;408;93;0;0;0;108;14532;333,3;67;5759
2022-11-08 13:41:00;-37,00301;-72,98072;28,7;47,35;408;87;0;0;0;108;14532;334,4;47;5381
2022-11-08 13:41:30;-36,99698;-72,97173;31,9;47,09;409;81;0;0;0;107;14532;336;41,6;4985
2022-11-08 13:42:00;-36,99698;-72,97173;32,8;46,77;410;85;0;0;0;107;14532;331,7;77,3;5298
2022-11-08 13:42:30;-36,99045;-72,96417;32,5;46,47;410;85;0;0;0;106;14532;333,5;57,9;5255
2022-11-08 13:43:00;-36,98319;-72,9574;32;46,19;411;81;0;0;0;105;14532;332,8;64,2;5045
2022-11-08 13:43:30;-36,98319;-72,9574;46,1;45,71;412;84;0;0;0;104;14532;331,7;67,1;5206
2022-11-08 13:44:00;-36,97925;-72,96594;44,2;45,4;412;85;0;0;0;104;14532;334,9;37,2;5268
2022-11-08 13:44:30;-36,97966;-72,9776;42,5;45,1;413;87;0;0;0;103;14405;332,7;63,2;5424
2022-11-08 13:45:00;-36,97966;-72,9776;46,4;44,7;414;85;0;0;0;102;14532;334,6;29,1;5297
2022-11-08 13:45:30;-36,97959;-72,98912;45,4;44,36;414;88;0;0;0;101;14532;326,1;132,8;5434
2022-11-08 13:46:00;-36,97774;-73,00009;39,7;44,09;415;78;0;0;0;100;14532;338;-2,3;4846
2022-11-08 13:46:30;-36,97774;-73,00009;43;43,68;416;84;0;0;0;99;14532;335,5;23,6;5200
2022-11-08 13:47:00;-36,97871;-73,01102;30,3;43,46;416;90;0;0;0;99;14532;335,7;34,1;5551
2022-11-08 13:47:30;-36,97642;-73,02233;31;43,19;417;87;0;0;0;98;14532;334,1;45,9;5383
2022-11-08 13:48:00;-36,97642;-73,02233;32,5;42,84;418;90;0;0;0;97;14532;333,8;48,3;5572
2022-11-08 13:48:30;-36,9703;-73,03142;29,2;42,63;419;73;0;0;0;97;14532;334,6;59,2;4487
2022-11-08 13:49:00;-36,96412;-73,03893;26,3;42,25;419;88;0;0;0;96;14532;330,7;82,1;5477
2022-11-08 13:49:30;-36,96412;-73,03893;26,9;42,24;420;0;0;0;0;96;14532;339,6;1;0
2022-11-08 13:50:00;-36,96005;-73,04387;27;42,24;420;0;0;0;0;96;14532;339,9;0,5;0
2022-11-08 13:50:30;-36,96005;-73,04387;27;42,24;420;0;0;0;0;96;14532;340;0,5;0
2022-11-08 13:51:00;-36,96005;-73,04387;27;42,24;420;0;0;0;0;96;14532;340,3;0,5;0
2022-11-08 13:51:30;-36,96005;-73,04387;27;42,23;420;0;0;0;0;96;14532;340,3;0,5;0
2022-11-08 13:52:00;-36,96005;-73,04387;28,7;41,87;420;76;0;0;0;95;14532;331,4;83,7;4773
2022-11-08 13:52:30;-36,96005;-73,04387;29,6;41,5;421;86;0;0;0;94;14532;333;53;5326
2022-11-08 13:53:00;-36,95156;-73,04917;26,6;41,2;421;86;0;0;0;93;14532;330,2;89,1;5361
2022-11-08 13:53:30;-36,94232;-73,049;30,2;40,82;422;86;0;0;0;92;14532;330,2;84,1;5335
2022-11-08 13:54:00;-36,94232;-73,049;27;40,55;423;79;0;0;0;92;14532;332,1;75;4946
2022-11-08 13:54:30;-36,93351;-73,04955;30,1;40,22;423;81;0;0;0;91;14532;332,8;52,1;5079
2022-11-08 13:55:00;-36,92524;-73,05067;24,9;39,98;424;79;0;0;0;90;14532;332,5;78,5;4945
2022-11-08 13:55:30;-36,92524;-73,05067;10,7;39,65;425;84;0;0;0;90;14532;333;54,2;5205
2022-11-08 13:56:00;-36,91664;-73,05294;14,2;39,32;425;85;0;0;0;89;14532;331,4;79;5348
2022-11-08 13:56:30;-36,90748;-73,05514;22,6;38,96;426;87;0;0;0;88;14532;332,1;64,2;5429
2022-11-08 13:57:00;-36,90748;-73,05514;23,1;38,59;427;90;0;0;0;87;14532;333;28,6;5546
2022-11-08 13:57:30;-36,89833;-73,05818;23,8;38,21;427;89;0;0;0;86;14532;331,4;66,9;5526
2022-11-08 13:58:00;-36,88853;-73,05955;29,3;37,89;428;84;0;0;0;86;14532;333,6;47,5;5189
2022-11-08 13:58:30;-36,88853;-73,05955;22,3;37,47;429;90;0;0;0;85;14532;332,2;40;5582
2022-11-08 13:59:00;-36,8792;-73,06255;19,8;37,2;430;79;0;0;0;84;14532;336,1;-7;4834
2022-11-08 13:59:30;-36,87127;-73,06692;25,4;36,89;430;77;0;0;0;83;14532;335;27,8;4747
2022-11-08 14:00:00;-36,87127;-73,06692;19,1;36,71;431;73;0;0;0;83;14532;333,9;45,6;4517
2022-11-08 14:00:30;-36,86359;-73,06982;19,9;36,43;431;79;0;0;0;82;14532;332,8;55,3;4931
2022-11-08 14:01:00;-36,8555;-73,07241;20,3;36,28;432;58;0;0;0;82;14532;343;-52,9;3420
2022-11-08 14:01:30;-36,8555;-73,07241;19,2;36,12;432;61;0;0;0;82;14532;336,4;21,3;3707
2022-11-08 14:02:00;-36,84916;-73,07365;23,3;35,9;433;60;0;0;0;81;14532;335,5;30,8;3650
2022-11-08 14:02:30;-36,843;-73,07573;26,7;35,72;433;58;0;0;0;81;14532;329,7;97,5;3649
2022-11-08 14:03:00;-36,843;-73,07573;22,5;35,3;434;85;0;0;0;80;14532;329,7;81,1;5280
2022-11-08 14:03:30;-36,83888;-73,0671;25,7;35,05;435;65;0;0;0;79;14532;337,4;11,4;3953
2022-11-08 14:04:00;-36,83716;-73,06131;13,6;35,13;435;41;0;0;0;79;14532;338,6;8,2;2484
2022-11-08 14:04:30;-36,83716;-73,06131;13,3;34,78;435;81;0;0;0;79;14532;325,7;137,8;5104
2022-11-08 14:05:00;-36,83338;-73,064;13,8;34,76;436;44;0;0;0;79;14532;328,6;102,8;2864
2022-11-08 14:05:30;-36,82929;-73,06866;13,5;34,28;436;86;0;0;0;78;14532;331,4;64;5361
2022-11-08 14:06:00;-36,82929;-73,06866;9,9;34,15;437;74;0;0;0;77;14532;331,6;81,5;4635
2022-11-08 14:06:30;-36,82293;-73,07547;13;33,72;438;88;0;0;0;76;14532;328,5;112,7;5512
2022-11-08 14:07:00;-36,81622;-73,08136;13,4;33,66;438;60;0;0;0;76;14532;337,5;16,4;3622
2022-11-08 14:07:30;-36,81622;-73,08136;13,5;33,5;439;64;0;0;0;76;14532;335,2;36,5;3925
2022-11-08 14:08:00;-36,81013;-73,08137;17,4;33,41;439;42;0;0;0;76;14532;340,7;2,4;2455
2022-11-08 14:08:30;-36,80649;-73,07823;14;33,4;439;31;0;0;0;76;14532;343,6;-48,7;1649
2022-11-08 14:09:00;-36,80649;-73,07823;18,4;33,01;440;70;0;0;0;75;14532;329,2;97,3;4372
2022-11-08 14:09:30;-36,80354;-73,08126;13;33,03;440;26;0;0;0;75;14532;339,4;2,1;1309
2022-11-08 14:10:00;-36,80131;-73,08373;13,5;32,96;440;33;0;0;0;75;14532;334,6;57,4;2123
2022-11-08 14:10:30;-36,80131;-73,08373;13,3;32,87;440;34;0;0;0;74;14532;339,9;-6,3;1962
2022-11-08 14:11:00;-36,79853;-73,08317;13,7;32,79;441;27;0;0;0;74;14532;342,4;-16,6;1473
2022-11-08 14:11:30;-36,7962;-73,08199;11,2;32,73;441;35;0;0;0;74;14532;343,6;-63,5;1898
2022-11-08 14:12:00;-36,7962;-73,08199;8,8;32,75;441;0;0;0;0;74;14532;340;0,5;0
2022-11-08 14:18:51;-36,79655;-73,08096;8;32,75;441;0;0;0;0;74;12796;341,1;0;0
2022-11-08 14:19:18;-36,79655;-73,08096;8;32,73;441;9;0;0;0;74;14532;340,2;9,2;585
2022-11-08 14:19:48;-36,79655;-73,08096;7,7;32,71;441;5;0;0;0;74;14532;340,8;1,1;140
2022-11-08 14:20:18;-36,79626;-73,08105;10;32,7;441;0;0;0;0;74;14532;340,5;4,3;82
2022-11-08 14:49:27;-36,79626;-73,08105;10;32,69;441;0;0;0;0;74;12796;341,6;0;0
2022-11-08 14:49:57;-36,79626;-73,08105;10;32,69;441;5;0;0;0;74;12796;341,1;4,3;325
2022-11-08 14:50:27;-36,79626;-73,08105;8,5;32,65;441;13;0;0;0;74;14532;341,4;-2,6;772
2022-11-08 14:55:18;-36,79653;-73,0809;6,6;32,65;441;0;0;0;0;74;12661;341,6;0;0
2022-11-08 14:55:48;-36,79653;-73,0809;6,6;32,64;441;3;0;1;0;74;12257;341,4;3,3;242
2022-11-08 14:56:18;-36,79653;-73,0809;6,6;32,61;441;0;0;1;0;74;14405;341,3;1,5;0
2022-11-08 14:56:48;-36,79653;-73,0809;11,8;32,37;441;60;0;0;0;73;14532;334,7;57,1;3713
2022-11-08 14:57:18;-36,79778;-73,08096;10,1;32,2;442;67;0;0;0;73;14532;327,4;133,4;4178
2022-11-08 14:57:48;-36,80287;-73,07789;9,1;32,25;442;9;0;0;0;73;14532;341;1,3;409
2022-11-08 14:58:18;-36,80287;-73,07789;9,6;32,18;442;27;0;0;0;73;14532;340;0,3;1619
2022-11-08 14:58:48;-36,80483;-73,07615;12,6;32,09;442;33;0;0;0;73;14532;338,6;-1,2;1963
2022-11-08 14:59:18;-36,8069;-73,0729;14;31,99;443;35;0;0;0;73;14532;338,8;31,7;2072
2022-11-08 14:59:48;-36,8069;-73,0729;15,5;31,84;443;46;0;0;0;72;14532;344,3;-90,9;2642
2022-11-08 15:00:18;-36,80926;-73,06916;18,2;31,8;443;30;0;0;0;72;14532;338,6;1,2;1798
2022-11-08 15:00:48;-36,81189;-73,06653;18,9;31,74;444;34;0;0;0;72;14532;337,4;40,9;2066
2022-11-08 15:01:18;-36,81189;-73,06653;15,5;31,72;444;35;0;0;0;72;14532;341,3;-7,2;2064
2022-11-08 15:01:48;-36,81433;-73,06445;11,9;31,7;444;21;0;0;0;72;14532;340,8;-5,9;1177
2022-11-08 15:02:18;-36,81586;-73,06191;7,1;31,63;444;27;0;0;0;72;14532;337,5;34;1661
2022-11-08 15:02:48;-36,81586;-73,06191;11,4;31,45;445;37;0;0;0;72;14532;340,2;49,1;2185
2022-11-08 15:03:18;-36,81926;-73,06242;13,2;31,27;445;56;0;0;0;71;14532;336,3;32,5;3465
2022-11-08 15:03:48;-36,82317;-73,06406;12,7;31,19;445;51;0;0;0;71;14532;339,9;6,7;3106
2022-11-08 15:04:18;-36,82317;-73,06406;13,8;31,23;446;13;0;0;0;71;14532;340,5;-2,4;722
2022-11-08 15:04:48;-36,82654;-73,06319;13,8;31,08;446;45;0;0;0;71;14532;341,3;-33,1;2650
2022-11-08 15:05:18;-36,82964;-73,06184;8,4;31,1;446;8;0;0;0;71;14532;340,3;1,1;450
2022-11-08 15:29:01;-36,82982;-73,06218;77,4;31,1;446;0;0;0;0;71;13065;341,6;0;0
2022-11-08 15:29:31;-36,82982;-73,06218;71,1;31,1;446;0;0;0;0;71;13065;341,3;2,1;0
2022-11-08 15:30:01;-36,82984;-73,06191;65,2;30,9;446;52;0;1;0;71;14405;331,6;93,4;3213
2022-11-08 15:30:31;-36,82698;-73,06327;50,6;30,88;446;0;0;1;0;71;14405;340,8;0,8;0
2022-11-08 15:31:01;-36,82698;-73,06327;44,5;30,75;446;44;0;1;0;70;14532;333;73,5;2898
2022-11-08 15:31:31;-36,82619;-73,06189;36,1;30,5;447;66;0;1;0;70;14532;326;139,9;4195
2022-11-08 15:32:01;-36,8227;-73,06341;26,2;30,34;447;65;0;1;0;69;14532;327,2;124,2;4081
2022-11-08 15:32:31;-36,8227;-73,06341;21,4;29,91;448;78;0;1;0;68;14532;348,3;-142;4582
2022-11-08 15:33:01;-36,81601;-73,0672;23,5;29,69;448;73;0;1;0;68;14405;334,7;67,7;4518
2022-11-08 15:33:31;-36,81215;-73,06902;19,2;29,73;448;41;0;1;0;68;14405;345,7;-87,3;2133
2022-11-08 15:34:01;-36,81215;-73,06902;18,9;29,61;449;25;0;0;0;65;14532;330,7;102,5;1795
2022-11-08 15:34:31;-36,80934;-73,07031;22,3;29,5;449;22;0;0;0;65;14405;333,9;54;1438
2022-11-08 15:35:01;-36,8084;-73,07055;21,7;29,26;449;56;0;0;0;64;14532;340,7;-56,3;3220
2022-11-08 15:35:31;-36,8084;-73,07055;20;29,2;449;39;0;0;0;64;14405;344,4;-67,3;2095
2022-11-08 15:36:01;-36,80794;-73,07089;16,9;28,99;450;57;0;0;0;64;14405;337,1;2;3485
2022-11-08 15:36:31;-36,80487;-73,07605;7,3;28,98;450;30;0;0;0;63;14405;340;-1,9;1767
2022-11-08 15:37:01;-36,80487;-73,07605;8,5;28,56;451;80;0;0;0;62;14405;329,6;78,7;4970
2022-11-08 15:37:31;-36,79991;-73,07965;9,7;28,53;451;49;0;0;0;62;14405;337,1;2,3;2969
2022-11-08 15:38:01;-36,79688;-73,08124;11,1;28,55;451;0;0;0;0;63;14405;339,4;1,8;0
2022-11-08 15:38:31;-36,79688;-73,08124;7,7;28,53;451;1;0;0;0;62;14405;339,3;1,8;0
2022-11-08 15:42:19;-36,79657;-73,08097;9,3;28,53;451;0;0;0;0;65;12931;340,5;0;0
2022-11-08 15:42:49;-36,79657;-73,08097;23;28,5;451;11;0;0;0;65;14532;339,9;9,2;706
2022-11-08 15:43:19;-36,79632;-73,08119;17;28,49;451;5;0;0;0;65;14532;340,3;2,1;283
2022-11-08 16:47:16;-36,79636;-73,0811;16,2;28,48;451;0;0;0;0;65;12391;341,8;0;0
2022-11-08 16:47:43;-36,79636;-73,0811;14,1;28,45;451;14;0;0;0;65;14405;341;10,1;846
2022-11-08 16:48:13;-36,79684;-73,08115;9,2;28,41;451;7;0;0;0;65;14532;340,7;6,7;393
2022-11-08 16:48:46;-36,79684;-73,08115;8,8;28,3;452;21;0;0;0;65;14532;334,4;69,7;1487
2022-11-08 16:49:13;-36,79684;-73,08115;7,2;28;452;67;0;0;0;64;14532;336,8;6,9;4103
2022-11-08 16:49:43;-36,80354;-73,07747;7,5;28,09;452;0;0;0;0;64;14532;340,8;0,9;0
2022-11-08 16:50:16;-36,80354;-73,07747;7,9;28,04;452;24;0;0;0;64;14532;338,6;19,4;1471
2022-11-08 16:50:43;-36,8038;-73,07653;4,5;27,93;453;36;0;0;0;64;14532;343,8;-29,4;2001
2022-11-08 16:51:16;-36,80197;-73,07297;4,8;27,93;453;1;0;0;0;64;14532;340,3;0,7;0
2022-11-08 16:51:43;-36,80197;-73,07297;5,6;27,9;453;7;0;0;0;64;14532;340,3;1,6;422
2022-11-08 16:52:16;-36,80197;-73,07297;5,7;27,86;453;25;0;0;0;64;14532;336,6;42;1579
2022-11-08 16:52:46;-36,80022;-73,07063;8,2;27,75;453;29;0;0;0;63;14532;343,2;-43,3;1470
2022-11-08 16:53:16;-36,80022;-73,07063;9,6;27,52;453;55;0;0;0;63;14532;341,4;-12,8;3292
2022-11-08 16:53:46;-36,79753;-73,0682;10,4;27,49;454;22;0;0;0;63;14532;329,9;101,3;1630
2022-11-08 16:54:13;-36,79343;-73,06953;11,9;27,37;454;10;0;0;0;62;14532;339,9;0,8;375
2022-11-08 16:54:43;-36,79343;-73,06953;12,7;26,99;454;79;0;0;0;62;14405;325,5;125,6;5005
2022-11-08 16:55:16;-36,79399;-73,0688;23,3;26,87;455;44;0;0;0;61;14532;344,1;-49,9;2435
2022-11-08 16:55:46;-36,79712;-73,06297;26,3;26,62;455;63;0;0;0;61;14532;337,5;-4,3;3818
2022-11-08 16:56:13;-36,79712;-73,06297;17,1;26,74;455;27;0;0;0;61;14532;342,5;-33,7;1519
2022-11-08 16:56:43;-36,79945;-73,05874;15,4;26,75;455;0;0;0;0;61;14532;339,6;0,7;0
2022-11-08 16:57:13;-36,79966;-73,05851;15,4;26,75;455;0;0;0;0;61;14532;339,9;0,7;0
2022-11-08 16:57:46;-36,79966;-73,05851;15,4;26,74;455;0;0;0;0;61;14532;339,9;0,7;0
2022-11-08 16:58:13;-36,79966;-73,05851;10,7;26,71;455;6;0;0;0;61;14532;339,7;0,9;372
2022-11-08 16:58:46;-36,79995;-73,05888;11,9;26,7;455;0;0;0;0;61;14532;339,9;0,8;0
2022-11-08 17:33:04;-36,79995;-73,05888;13,3;26,67;456;5;0;0;0;61;12391;341;1,4;295
2022-11-08 17:33:34;-36,79987;-73,05889;13,3;26,66;456;0;0;0;0;61;14405;341;2,4;0
2022-11-08 17:34:04;-36,79987;-73,05889;13,3;26,65;456;0;0;0;0;61;14405;341,1;1,2;0
2022-11-08 17:34:34;-36,79987;-73,05889;13,3;26,64;456;0;0;0;0;61;14405;341,1;0,8;0
2022-11-08 17:35:04;-36,79987;-73,05889;13,3;26,64;456;0;0;0;0;61;14532;341,1;0,7;0
2022-11-08 17:43:37;-36,79983;-73,05899;21,9;26,63;456;0;0;0;1;60;12931;341,4;2,2;0
2022-11-08 17:44:07;-36,79983;-73,05899;21,9;26,64;456;0;0;0;1;60;14532;341,9;-3,3;0
2022-11-08 17:44:37;-36,79983;-73,05899;21,9;26,66;456;0;0;0;1;60;14532;341,9;-3,3;0
2022-11-08 17:45:04;-36,79983;-73,05899;21,9;26,68;456;0;0;0;1;60;14532;342,1;-3,3;0
2022-11-08 17:45:34;-36,79983;-73,05899;21,9;26,7;456;0;0;0;1;60;14532;342,1;-3,3;0
2022-11-08 17:46:04;-36,79983;-73,05899;21,9;26,72;456;0;0;0;1;60;14532;342,2;-3,3;0
2022-11-08 17:46:37;-36,79983;-73,05899;21,9;26,74;456;0;0;0;1;60;14532;342,2;-3,3;0
2022-11-08 17:47:04;-36,79983;-73,05899;21,9;26,76;456;0;0;0;1;60;14532;342,4;-3,3;0
2022-11-08 17:47:34;-36,79983;-73,05899;21,9;26,78;456;0;0;0;1;60;14532;342,4;-3,4;0
2022-11-08 17:48:04;-36,79983;-73,05899;21,9;26,8;456;0;0;0;1;60;14532;342,4;-3,4;0
2022-11-08 17:48:34;-36,79983;-73,05899;21,9;26,82;456;0;0;0;1;60;14532;342,4;-3,3;0
2022-11-08 17:49:04;-36,79983;-73,05899;21,9;26,84;456;0;0;0;1;60;14532;342,4;-3,3;0
2022-11-08 17:49:34;-36,79983;-73,05899;21,9;26,86;456;0;0;0;1;60;14532;342,5;-3,3;0
2022-11-08 17:50:04;-36,79983;-73,05899;21,9;26,88;456;0;0;0;1;60;14532;342,4;-3,3;0
2022-11-08 17:50:34;-36,79983;-73,05899;21,9;26,9;456;0;0;0;1;60;14532;342,5;-3,4;0
2022-11-08 17:51:04;-36,79983;-73,05899;22,1;26,92;456;0;0;0;1;61;14532;342,4;-3,3;0
2022-11-08 17:51:34;-36,79982;-73,05899;22,1;26,94;456;0;0;0;1;61;14532;342,5;-3,4;0
2022-11-08 17:52:04;-36,79982;-73,05899;22,1;26,97;456;0;0;0;1;61;14532;342,5;-3,4;0
2022-11-08 17:52:34;-36,79982;-73,05899;22,1;26,98;456;0;0;0;1;61;14532;342,5;-3,4;0
2022-11-08 17:53:04;-36,79982;-73,05899;22,1;27,01;456;0;0;0;1;61;14532;342,7;-3,4;0
2022-11-08 17:53:34;-36,79982;-73,05899;22,1;27,02;456;0;0;0;1;61;14532;342,7;-3,4;0
2022-11-08 17:54:04;-36,79982;-73,05899;22,1;27,05;456;0;0;0;1;61;14532;342,7;-3,4;0
2022-11-08 17:54:37;-36,79982;-73,05899;22,1;27,06;456;0;0;0;1;61;14532;342,7;-3,3;0
2022-11-08 17:55:04;-36,79982;-73,05899;22,1;27,08;456;0;0;0;1;61;14532;342,7;-3,4;0
2022-11-08 17:55:34;-36,79982;-73,05899;22,1;27,1;456;0;0;0;1;61;14532;342,7;-3,3;0
2022-11-08 17:56:04;-36,79982;-73,05899;22,1;27,13;456;0;0;0;1;61;14532;342,8;-3,4;0
2022-11-08 17:56:34;-36,79982;-73,05899;22,1;27,14;456;0;0;0;1;61;14532;342,8;-3,4;0
2022-11-08 17:57:04;-36,79982;-73,05899;22,1;27,17;456;0;0;0;1;61;14532;342,8;-3,4;0
2022-11-08 17:57:34;-36,79982;-73,05899;22,1;27,19;456;0;0;0;1;61;14532;342,8;-3,4;0
2022-11-08 17:58:04;-36,79982;-73,05899;22,1;27,21;456;0;0;0;1;61;14532;342,8;-3,4;0
2022-11-08 17:58:34;-36,79982;-73,05899;22,1;27,23;456;0;0;0;1;61;14532;342,8;-3,4;0
2022-11-08 17:59:04;-36,79982;-73,05899;22,1;27,25;456;0;0;0;1;61;14532;342,8;-3,4;0
2022-11-08 17:59:34;-36,79982;-73,05899;22,1;27,27;456;0;0;0;1;61;14532;342,8;-3,4;0
2022-11-08 18:00:04;-36,79982;-73,05899;22,1;27,29;456;0;0;0;1;61;14532;343;-3,4;0
2022-11-08 18:00:34;-36,79982;-73,05899;22,1;27,31;456;0;0;0;1;61;14532;342,8;-3,3;0
2022-11-08 18:01:04;-36,79982;-73,05899;22,1;27,33;456;0;0;0;1;61;14532;342,8;-3,4;0
2022-11-08 18:01:34;-36,79982;-73,05899;22,1;27,35;456;0;0;0;1;61;14532;343;-3,4;0
2022-11-08 18:02:07;-36,79982;-73,05899;22,1;27,37;456;0;0;0;1;61;14532;343;-3,4;0
2022-11-08 18:02:34;-36,79982;-73,05899;22,1;27,39;456;0;0;0;1;61;14532;343;-3,4;0
2022-11-08 18:03:04;-36,79982;-73,05899;22,1;27,41;456;0;0;0;1;61;14532;343;-3,4;0
2022-11-08 18:03:34;-36,79982;-73,05899;22,1;27,44;456;0;0;0;1;61;14532;343;-3,4;0
2022-11-08 18:04:04;-36,79982;-73,05899;22,1;27,45;456;0;0;0;1;61;14532;343;-3,4;0
2022-11-08 18:04:34;-36,79982;-73,05899;22,1;27,48;456;0;0;0;1;61;14532;343;-3,4;0
2022-11-08 18:05:04;-36,79982;-73,05899;22,1;27,5;456;0;0;0;1;61;14532;343;-3,4;0
2022-11-08 18:05:34;-36,79982;-73,05899;22,1;27,52;456;0;0;0;1;61;14532;343;-3,4;0
2022-11-08 18:06:04;-36,79982;-73,05899;22,1;27,54;456;0;0;0;1;61;14532;343;-3,4;0
2022-11-08 18:06:34;-36,79982;-73,05899;22,1;27,56;456;0;0;0;1;61;14532;343;-3,4;0
2022-11-08 18:07:04;-36,79982;-73,05899;22,1;27,58;456;0;0;0;1;61;14532;343;-3,4;0
2022-11-08 18:07:34;-36,79982;-73,05899;22,1;27,6;456;0;0;0;1;61;14532;343,2;-3,4;0
2022-11-08 18:08:04;-36,79982;-73,05899;22,1;27,62;456;0;0;0;1;61;14532;343,2;-3,4;0
2022-11-08 18:08:34;-36,79982;-73,05899;22,1;27,64;456;0;0;0;1;61;14532;343,2;-3,4;0
2022-11-08 18:09:04;-36,79982;-73,05899;22,1;27,66;456;0;0;0;1;61;14532;343,2;-3,4;0
2022-11-08 18:09:34;-36,79982;-73,05899;22,1;27,68;456;0;0;0;1;61;14532;343,2;-3,4;0
2022-11-08 18:10:04;-36,79982;-73,05899;22,1;27,7;456;0;0;0;1;61;14532;343,2;-3,4;0
2022-11-08 18:10:34;-36,79982;-73,05899;22,1;27,72;456;0;0;0;1;61;14532;343,2;-3,4;0
2022-11-08 18:11:04;-36,79982;-73,05899;22,1;27,74;456;0;0;0;1;61;14532;343,2;-3,4;0
2022-11-08 18:11:34;-36,79982;-73,05899;22,1;27,77;456;0;0;0;1;61;14532;343,2;-3,4;0
2022-11-08 18:12:04;-36,79982;-73,05899;22,1;27,78;456;0;0;0;1;61;14532;343,2;-3,4;0
2022-11-08 18:12:34;-36,79982;-73,05899;22,1;27,81;456;0;0;0;1;61;14532;343,2;-3,4;0
2022-11-08 18:13:04;-36,79982;-73,05899;22,1;27,82;456;0;0;0;1;61;14532;343,2;-3,4;0
2022-11-08 18:13:34;-36,79982;-73,05899;22,1;27,85;456;0;0;0;1;61;14532;343,2;-3,4;0
2022-11-08 18:14:04;-36,79982;-73,05899;22,1;27,87;456;0;0;0;1;61;14532;343,3;-3,4;0
2022-11-08 18:14:34;-36,79982;-73,05899;22,1;27,89;456;0;0;0;1;61;14532;343,3;-3,4;0
2022-11-08 18:15:04;-36,79982;-73,05899;22,1;27,91;456;0;0;0;1;61;14532;343,3;-3,4;0
2022-11-08 18:15:34;-36,79982;-73,05899;22,1;27,93;456;0;0;0;1;61;14532;343,3;-3,4;0
2022-11-08 18:16:04;-36,79982;-73,05899;22,1;27,95;456;0;0;0;1;61;14532;343,3;-3,4;0
2022-11-08 18:16:34;-36,79982;-73,05899;22,1;27,97;456;0;0;0;1;61;14532;343,3;-3,4;0
2022-11-08 18:17:04;-36,79982;-73,05899;22,1;27,99;456;0;0;0;1;61;14532;343,3;-3,4;0
2022-11-08 18:17:34;-36,79982;-73,05899;22,1;28,01;456;0;0;0;1;61;14532;343,3;-3,4;0
2022-11-08 18:18:04;-36,79982;-73,05899;22,1;28,03;456;0;0;0;1;61;14532;343,3;-3,4;0
2022-11-08 18:18:34;-36,79982;-73,05899;22,1;28,05;456;0;0;0;1;61;14532;343,3;-3,4;0
2022-11-08 18:19:04;-36,79982;-73,05899;22,1;28,08;456;0;0;0;1;61;14532;343,5;-3,4;0
2022-11-08 18:19:34;-36,79982;-73,05899;22,1;28,09;456;0;0;0;1;61;14532;343,5;-3,4;0
2022-11-08 18:20:04;-36,79982;-73,05899;22,1;28,12;456;0;0;0;1;61;14532;343,3;-3,4;0
2022-11-08 18:20:34;-36,79982;-73,05899;22,1;28,13;456;0;0;0;1;61;14532;343,5;-3,4;0
2022-11-08 18:21:04;-36,79982;-73,05899;22,1;28,16;456;0;0;0;1;61;14532;343,5;-3,4;0
2022-11-08 18:21:34;-36,79982;-73,05899;22,1;28,18;456;0;0;0;1;61;14532;343,5;-3,4;0
2022-11-08 18:22:04;-36,79982;-73,05899;22,1;28,2;456;0;0;0;1;61;14532;343,5;-3,4;0
2022-11-08 18:22:34;-36,79982;-73,05899;22,1;28,22;456;0;0;0;1;61;14532;343,5;-3,4;0
2022-11-08 18:23:04;-36,79982;-73,05899;22,1;28,24;456;0;0;0;1;61;14532;343,5;-3,5;0
2022-11-08 18:23:34;-36,79982;-73,05899;22,1;28,26;456;0;0;0;1;61;14532;343,5;-3,4;0
2022-11-08 18:24:04;-36,79982;-73,05899;22,1;28,28;456;0;0;0;1;61;14532;343,5;-3,4;0
2022-11-08 18:24:34;-36,79982;-73,05899;22,1;28,3;456;0;0;0;1;61;14532;343,5;-3,4;0
2022-11-08 18:25:04;-36,79982;-73,05899;22,1;28,32;456;0;0;0;1;61;14532;343,5;-3,4;0
2022-11-08 18:25:34;-36,79982;-73,05899;22,1;28,34;456;0;0;0;1;61;14532;343,5;-3,4;0
2022-11-08 18:26:04;-36,79982;-73,05899;22,1;28,36;456;0;0;0;1;61;14532;343,5;-3,4;0
2022-11-08 18:26:34;-36,79982;-73,05899;22,1;28,38;456;0;0;0;1;61;14532;343,5;-3,4;0
2022-11-08 18:27:04;-36,79982;-73,05899;22,1;28,4;456;0;0;0;1;61;14532;343,6;-3,4;0
2022-11-08 18:27:34;-36,79982;-73,05899;22,1;28,42;456;0;0;0;1;61;14532;343,5;-3,4;0
2022-11-08 18:28:04;-36,79982;-73,05899;22,1;28,44;456;0;0;0;1;61;14532;343,5;-3,4;0
2022-11-08 18:28:34;-36,79982;-73,05899;22,1;28,46;456;0;0;0;1;61;14532;343,5;-3,4;0
2022-11-08 18:29:04;-36,79982;-73,05899;22,1;28,49;456;0;0;0;1;61;14532;343,5;-3,4;0
2022-11-08 18:29:34;-36,79982;-73,05899;22,1;28,51;456;0;0;0;1;61;14532;343,5;-3,4;0
2022-11-08 18:30:04;-36,79982;-73,05899;22,1;28,53;456;0;0;0;1;61;14532;343,6;-3,4;0
2022-11-08 18:30:34;-36,79982;-73,05899;22,1;28,55;456;0;0;0;1;61;14532;343,5;-3,4;0
2022-11-08 18:31:04;-36,79982;-73,05899;22,1;28,57;456;0;0;0;1;61;14532;343,6;-3,4;0
2022-11-08 18:31:34;-36,79982;-73,05899;22,1;28,59;456;0;0;0;1;61;14532;343,6;-3,4;0
2022-11-08 18:32:04;-36,79982;-73,05899;22,1;28,61;456;0;0;0;1;61;14532;343,5;-3,4;0
2022-11-08 18:32:34;-36,79982;-73,05899;22,1;28,63;456;0;0;0;1;61;14532;343,5;-3,4;0
2022-11-08 18:33:04;-36,79982;-73,05899;22,1;28,65;456;0;0;0;1;61;14532;343,6;-3,4;0
2022-11-08 18:33:34;-36,79982;-73,05899;22,1;28,67;456;0;0;0;1;61;14532;343,6;-3,5;0
2022-11-08 18:34:04;-36,79982;-73,05899;22,1;28,69;456;0;0;0;1;61;14532;343,6;-3,4;0
2022-11-08 18:34:34;-36,79982;-73,05899;22,1;28,71;456;0;0;0;1;61;14532;343,6;-3,4;0
2022-11-08 18:35:04;-36,79982;-73,05899;22,1;28,73;456;0;0;0;1;61;14532;343,6;-3,4;0
2022-11-08 18:35:34;-36,79982;-73,05899;22,1;28,76;456;0;0;0;1;61;14532;343,6;-3,4;0
2022-11-08 18:36:04;-36,79982;-73,05899;22,1;28,78;456;0;0;0;1;61;14532;343,6;-3,4;0
2022-11-08 18:36:34;-36,79982;-73,05899;22,1;28,8;456;0;0;0;1;61;14532;343,6;-3,4;0
2022-11-08 18:37:04;-36,79982;-73,05899;22,1;28,82;456;0;0;0;1;61;14532;343,6;-3,4;0
2022-11-08 18:37:34;-36,79982;-73,05899;22,1;28,84;456;0;0;0;1;61;14532;343,6;-3,4;0
2022-11-08 18:38:04;-36,79982;-73,05899;22,1;28,86;456;0;0;0;1;61;14532;343,6;-3,4;0
2022-11-08 18:38:34;-36,79982;-73,05899;22,1;28,88;456;0;0;0;1;61;14532;343,6;-3,4;0
2022-11-08 18:39:04;-36,79982;-73,05899;22,1;28,9;456;0;0;0;1;61;14532;343,6;-3,4;0
2022-11-08 18:39:34;-36,79982;-73,05899;22,1;28,92;456;0;0;0;1;61;14532;343,8;-3,4;0
2022-11-08 18:40:04;-36,79982;-73,05899;22,1;28,94;456;0;0;0;1;61;14532;343,6;-3,4;0
2022-11-08 18:40:34;-36,79982;-73,05899;22,1;28,96;456;0;0;0;1;61;14532;343,6;-3,4;0
2022-11-08 18:41:04;-36,79982;-73,05899;22,1;28,98;456;0;0;0;1;61;14532;343,6;-3,4;0
2022-11-08 18:41:34;-36,79982;-73,05899;22,1;29;456;0;0;0;1;61;14532;343,6;-3,4;0
2022-11-08 18:42:04;-36,79982;-73,05899;22,1;29,02;456;0;0;0;1;61;14532;343,6;-3,4;0
2022-11-08 18:42:34;-36,79982;-73,05899;22,1;29,04;456;0;0;0;1;61;14532;343,8;-3,4;0
2022-11-08 18:43:04;-36,79982;-73,05899;22,1;29,06;456;0;0;0;1;61;14532;343,6;-3,4;0
2022-11-08 18:43:34;-36,79982;-73,05899;22,1;29,09;456;0;0;0;1;61;14532;343,8;-3,4;0
2022-11-08 18:44:04;-36,79982;-73,05899;22,1;29,1;456;0;0;0;1;61;14532;343,6;-3,4;0
2022-11-08 18:44:34;-36,79982;-73,05899;22,1;29,13;456;0;0;0;1;61;14532;343,8;-3,4;0
2022-11-08 18:45:04;-36,79982;-73,05899;22,1;29,14;456;0;0;0;1;61;14532;343,8;-3,4;0
2022-11-08 18:45:34;-36,79982;-73,05899;22,1;29,17;456;0;0;0;1;61;14532;343,8;-3,4;0
2022-11-08 18:46:04;-36,79982;-73,05899;22,1;29,18;456;0;0;0;1;61;14532;343,8;-3,4;0
2022-11-08 18:46:34;-36,79982;-73,05899;22,1;29,21;456;0;0;0;1;61;14532;343,8;-3,4;0
2022-11-08 18:47:04;-36,79982;-73,05899;22,1;29,23;456;0;0;0;1;61;14532;343,8;-3,4;0
2022-11-08 18:47:34;-36,79982;-73,05899;22,1;29,25;456;0;0;0;1;61;14532;343,8;-3,4;0
2022-11-08 18:48:04;-36,79982;-73,05899;22,1;29,27;456;0;0;0;1;61;14532;343,8;-3,4;0
2022-11-08 18:48:34;-36,79982;-73,05899;22,1;29,29;456;0;0;0;1;61;14532;343,8;-3,4;0
2022-11-08 18:49:04;-36,79982;-73,05899;22,1;29,31;456;0;0;0;1;61;14532;343,8;-3,3;0
2022-11-08 18:49:34;-36,79982;-73,05899;22,1;29,33;456;0;0;0;1;61;14532;343,8;-3,4;0
2022-11-08 18:50:04;-36,79982;-73,05899;22,1;29,35;456;0;0;0;1;61;14532;343,8;-3,4;0
2022-11-08 18:50:34;-36,79982;-73,05899;22,1;29,37;456;0;0;0;1;61;14532;343,8;-3,4;0
2022-11-08 18:51:04;-36,79982;-73,05899;22,1;29,4;456;0;0;0;1;61;14532;343,8;-3,4;0
2022-11-08 18:51:34;-36,79982;-73,05899;22,1;29,41;456;0;0;0;1;61;14532;343,8;-3,4;0
2022-11-08 18:52:04;-36,79982;-73,05899;22,1;29,43;456;0;0;0;1;61;14532;343,8;-3,4;0
2022-11-08 18:52:34;-36,79982;-73,05899;22,1;29,45;456;0;0;0;1;61;14532;343,8;-3,4;0
2022-11-08 18:53:04;-36,79982;-73,05899;22,1;29,48;456;0;0;0;1;61;14532;343,9;-3,4;0
2022-11-08 18:53:34;-36,79982;-73,05899;22,1;29,5;456;0;0;0;1;61;14532;343,8;-3,4;0
2022-11-08 18:54:04;-36,79982;-73,05899;22,1;29,52;456;0;0;0;1;61;14532;343,8;-3,4;0
2022-11-08 18:54:34;-36,79982;-73,05899;22,1;29,54;456;0;0;0;1;61;14532;343,8;-3,4;0
2022-11-08 18:55:04;-36,79982;-73,05899;22,1;29,56;456;0;0;0;1;61;14532;343,8;-3,4;0
2022-11-08 18:55:34;-36,79982;-73,05899;22,1;29,58;456;0;0;0;1;61;14532;343,8;-3,4;0
2022-11-08 18:56:04;-36,79982;-73,05899;22,1;29,6;456;0;0;0;1;61;14532;343,9;-3,4;0
2022-11-08 18:56:34;-36,79982;-73,05899;22,1;29,62;456;0;0;0;1;61;14532;343,9;-3,4;0
2022-11-08 18:57:04;-36,79982;-73,05899;22,1;29,64;456;0;0;0;1;61;14532;343,8;-3,4;0
2022-11-08 18:57:34;-36,79982;-73,05899;22,1;29,66;456;0;0;0;1;61;14532;343,8;-3,4;0
2022-11-08 18:58:04;-36,79982;-73,05899;22,1;29,68;456;0;0;0;1;61;14532;343,8;-3,4;0
2022-11-08 18:58:34;-36,79982;-73,05899;22,1;29,7;456;0;0;0;1;61;14532;343,8;-3,4;0
2022-11-08 18:59:04;-36,79982;-73,05899;22,1;29,72;456;0;0;0;1;61;14532;343,9;-3,4;0
2022-11-08 18:59:34;-36,79982;-73,05899;22,1;29,74;456;0;0;0;1;61;14532;343,9;-3,4;0
2022-11-08 19:00:04;-36,79982;-73,05899;22,1;29,76;456;0;0;0;1;61;14532;343,8;-3,4;0
2022-11-08 19:00:34;-36,79982;-73,05899;22,1;29,78;456;0;0;0;1;61;14532;343,8;-3,3;0
2022-11-08 19:01:04;-36,79982;-73,05899;22,1;29,81;456;0;0;0;1;61;14532;343,9;-3,4;0
2022-11-08 19:01:34;-36,79982;-73,05899;22,1;29,82;456;0;0;0;1;61;14532;343,9;-3,4;0
2022-11-08 19:02:04;-36,79982;-73,05899;22,1;29,85;456;0;0;0;1;61;14532;343,8;-3,3;0
2022-11-08 19:02:34;-36,79982;-73,05899;22,1;29,86;456;0;0;0;1;61;14532;343,9;-3,3;0
2022-11-08 19:03:04;-36,79982;-73,05899;22,1;29,89;456;0;0;0;1;61;14532;343,8;-3,4;0
2022-11-08 19:03:34;-36,79982;-73,05899;22,1;29,91;456;0;0;0;1;61;14532;343,9;-3,3;0
2022-11-08 19:04:04;-36,79982;-73,05899;22,1;29,93;456;0;0;0;1;61;14532;343,9;-3,4;0
2022-11-08 19:04:34;-36,79982;-73,05899;22,1;29,95;456;0;0;0;1;61;14532;343,9;-3,4;0
2022-11-08 19:05:04;-36,79982;-73,05899;22,1;29,97;456;0;0;0;1;61;14532;343,9;-3,4;0
2022-11-08 19:05:34;-36,79982;-73,05899;22,1;29,99;456;0;0;0;1;61;14532;343,9;-3,4;0
2022-11-08 19:06:04;-36,79982;-73,05899;22,1;30,01;456;0;0;0;1;61;14532;343,9;-3,4;0
2022-11-08 19:06:34;-36,79982;-73,05899;22,1;30,03;456;0;0;0;1;61;14532;343,9;-3,4;0
2022-11-08 19:07:04;-36,79982;-73,05899;22,1;30,05;456;0;0;0;1;61;14532;343,9;-3,4;0
2022-11-08 19:07:34;-36,79982;-73,05899;22,1;30,07;456;0;0;0;1;61;14532;343,9;-3,3;0
2022-11-08 19:08:04;-36,79982;-73,05899;22,1;30,09;456;0;0;0;1;61;14532;343,9;-3,4;0
2022-11-08 19:08:34;-36,79982;-73,05899;22,1;30,11;456;0;0;0;1;61;14532;343,8;-3,3;0
2022-11-08 19:09:04;-36,79982;-73,05899;22,1;30,13;456;0;0;0;1;61;14532;343,9;-3,4;0
2022-11-08 19:09:34;-36,79982;-73,05899;22,1;30,15;456;0;0;0;1;61;14532;343,9;-3,4;0
2022-11-08 19:10:04;-36,79982;-73,05899;22,1;30,17;456;0;0;0;1;61;14532;343,9;-3,3;0
2022-11-08 19:10:34;-36,79982;-73,05899;22,1;30,19;456;0;0;0;1;61;14532;343,9;-3,4;0
2022-11-08 19:11:04;-36,79982;-73,05899;22,1;30,21;456;0;0;0;1;61;14532;343,9;-3,4;0
2022-11-08 19:11:34;-36,79982;-73,05899;22,1;30,24;456;0;0;0;1;61;14532;343,9;-3,4;0
2022-11-08 19:12:04;-36,79982;-73,05899;22,1;30,25;456;0;0;0;1;61;14532;343,9;-3,4;0
2022-11-08 19:12:34;-36,79982;-73,05899;22,1;30,27;456;0;0;0;1;61;14532;343,9;-3,3;0
2022-11-08 19:13:04;-36,79982;-73,05899;22,1;30,29;456;0;0;0;1;61;14532;343,9;-3,3;0
2022-11-08 19:13:34;-36,79982;-73,05899;22,1;30,32;456;0;0;0;1;61;14532;343,9;-3,3;0
2022-11-08 19:14:04;-36,79982;-73,05899;22,1;30,33;456;0;0;0;1;61;14532;343,9;-3,3;0
2022-11-08 19:14:34;-36,79982;-73,05899;22,1;30,35;456;0;0;0;1;61;14532;343,9;-3,4;0
2022-11-08 19:15:04;-36,79982;-73,05899;22,1;30,38;456;0;0;0;1;61;14532;343,9;-3,4;0
2022-11-08 19:15:34;-36,79982;-73,05899;22,1;30,4;456;0;0;0;1;61;14532;343,9;-3,3;0
2022-11-08 19:16:04;-36,79982;-73,05899;22,1;30,42;456;0;0;0;1;61;14532;343,9;-3,4;0
2022-11-08 19:16:34;-36,79982;-73,05899;22,1;30,44;456;0;0;0;1;61;14532;343,9;-3,3;0
2022-11-08 19:17:04;-36,79982;-73,05899;22,1;30,46;456;0;0;0;1;61;14532;343,9;-3,3;0
2022-11-08 19:17:34;-36,79982;-73,05899;22,1;30,48;456;0;0;0;1;61;14532;343,9;-3,3;0
2022-11-08 19:18:04;-36,79982;-73,05899;22,1;30,5;456;0;0;0;1;61;14532;343,9;-3,4;0
2022-11-08 19:18:34;-36,79982;-73,05899;22,1;30,52;456;0;0;0;1;61;14532;343,9;-3,4;0
2022-11-08 19:19:04;-36,79982;-73,05899;22,1;30,54;456;0;0;0;1;61;14532;343,9;-3,4;0
2022-11-08 19:19:34;-36,79982;-73,05899;22,1;30,56;456;0;0;0;1;61;14532;343,9;-3,4;0
2022-11-08 19:20:04;-36,79982;-73,05899;22,1;30,58;456;0;0;0;1;61;14532;343,9;-3,3;0
2022-11-08 19:20:34;-36,79982;-73,05899;22,1;30,6;456;0;0;0;1;61;14532;343,9;-3,3;0
2022-11-08 19:21:04;-36,79982;-73,05899;22,1;30,62;456;0;0;0;1;61;14532;343,9;-3,3;0
2022-11-08 19:21:34;-36,79982;-73,05899;22,1;30,64;456;0;0;0;1;61;14532;343,9;-3,3;0
2022-11-08 19:22:04;-36,79982;-73,05899;22,1;30,66;456;0;0;0;1;61;14532;343,9;-3,4;0
2022-11-08 19:22:34;-36,79982;-73,05899;22,1;30,68;456;0;0;0;1;61;14532;343,9;-3,3;0
2022-11-08 19:23:04;-36,79982;-73,05899;22,1;30,7;456;0;0;0;1;61;14532;343,9;-3,3;0
2022-11-08 19:23:34;-36,79982;-73,05899;22,1;30,72;456;0;0;0;1;61;14532;343,9;-3,3;0
2022-11-08 19:24:04;-36,79982;-73,05899;22,1;30,74;456;0;0;0;1;61;14532;343,9;-3,3;0
2022-11-08 19:24:34;-36,79982;-73,05899;22,1;30,76;456;0;0;0;1;61;14532;343,9;-3,4;0
2022-11-08 19:25:04;-36,79982;-73,05899;22,1;30,78;456;0;0;0;1;61;14532;343,9;-3,4;0
2022-11-08 19:25:34;-36,79982;-73,05899;22,1;30,8;456;0;0;0;1;61;14532;344,1;-3,3;0
2022-11-08 19:26:04;-36,79982;-73,05899;22,1;30,82;456;0;0;0;1;61;14532;344,1;-3,4;0
2022-11-08 19:26:34;-36,79982;-73,05899;22,1;30,84;456;0;0;0;1;61;14532;344,1;-3,4;0
2022-11-08 19:27:04;-36,79982;-73,05899;22,1;30,86;456;0;0;0;1;61;14532;344,1;-3,3;0
2022-11-08 19:27:34;-36,79982;-73,05899;22,1;30,89;456;0;0;0;1;61;14532;344,1;-3,4;0
2022-11-08 19:28:04;-36,79982;-73,05899;22,1;30,9;456;0;0;0;1;61;14532;343,9;-3,4;0
2022-11-08 19:28:34;-36,79982;-73,05899;22,1;30,93;456;0;0;0;1;61;14532;343,9;-3,3;0
2022-11-08 19:29:04;-36,79982;-73,05899;22,1;30,94;456;0;0;0;1;61;14532;344,1;-3,3;0
2022-11-08 19:29:34;-36,79982;-73,05899;22,1;30,97;456;0;0;0;1;61;14532;344,1;-3,4;0
2022-11-08 19:30:04;-36,79982;-73,05899;22,1;30,98;456;0;0;0;1;61;14532;343,9;-3,3;0
2022-11-08 19:30:34;-36,79982;-73,05899;22,1;31,01;456;0;0;0;1;61;14532;344,1;-3,4;0
2022-11-08 19:31:04;-36,79982;-73,05899;22,1;31,02;456;0;0;0;1;61;14532;343,9;-3,3;0
2022-11-08 19:31:34;-36,79982;-73,05899;22,1;31,05;456;0;0;0;1;61;14532;344,1;-3,4;0
2022-11-08 19:32:04;-36,79982;-73,05899;22,1;31,07;456;0;0;0;1;61;14532;343,9;-3,4;0
2022-11-08 19:32:34;-36,79982;-73,05899;22,1;31,09;456;0;0;0;1;61;14532;344,1;-3,3;0
2022-11-08 19:33:04;-36,79982;-73,05899;22,1;31,11;456;0;0;0;1;61;14532;343,9;-3,4;0
2022-11-08 19:33:34;-36,79982;-73,05899;22,1;31,13;456;0;0;0;1;61;14532;344,1;-3,3;0
2022-11-08 19:34:04;-36,79982;-73,05899;22,1;31,15;456;0;0;0;1;61;14532;344,1;-3,4;0
2022-11-08 19:34:34;-36,79982;-73,05899;22,1;31,17;456;0;0;0;1;61;14532;344,1;-3,4;0
2022-11-08 19:35:04;-36,79982;-73,05899;22,1;31,19;456;0;0;0;1;61;14532;344,1;-3,4;0
2022-11-08 19:35:34;-36,79982;-73,05899;22,1;31,21;456;0;0;0;1;61;14532;344,1;-3,4;0
2022-11-08 19:36:04;-36,79982;-73,05899;22,1;31,23;456;0;0;0;1;61;14532;344,1;-3,4;0
2022-11-08 19:36:34;-36,79982;-73,05899;22,1;31,25;456;0;0;0;1;61;14532;344,1;-3,3;0
2022-11-08 19:37:04;-36,79982;-73,05899;22,1;31,27;456;0;0;0;1;61;14532;344,1;-3,4;0
2022-11-08 19:37:34;-36,79982;-73,05899;22,1;31,29;456;0;0;0;1;61;14532;344,1;-3,4;0
2022-11-08 19:38:04;-36,79982;-73,05899;22,1;31,31;456;0;0;0;1;61;14532;344,1;-3,4;0
2022-11-08 19:38:34;-36,79982;-73,05899;22,1;31,33;456;0;0;0;1;61;14532;343,9;-3,4;0
2022-11-08 19:39:04;-36,79982;-73,05899;22,1;31,35;456;0;0;0;1;61;14532;344,1;-3,4;0
2022-11-08 19:39:34;-36,79982;-73,05899;22,1;31,37;456;0;0;0;1;61;14532;344,1;-3,4;0
2022-11-08 19:40:04;-36,79982;-73,05899;22,1;31,39;456;0;0;0;1;61;14532;344,1;-3,4;0
2022-11-08 19:40:34;-36,79982;-73,05899;22,1;31,41;456;0;0;0;1;61;14532;344,1;-3,4;0
2022-11-08 19:41:04;-36,79982;-73,05899;22,1;31,44;456;0;0;0;1;61;14532;344,1;-3,4;0
2022-11-08 19:41:34;-36,79982;-73,05899;22,1;31,45;456;0;0;0;1;61;14532;344,1;-3,4;0
2022-11-08 19:42:04;-36,79982;-73,05899;22,1;31,48;456;0;0;0;1;61;14532;344,1;-3,4;0
2022-11-08 19:42:34;-36,79982;-73,05899;22,1;31,49;456;0;0;0;1;61;14532;344,1;-3,4;0
2022-11-08 19:43:04;-36,79982;-73,05899;22,1;31,52;456;0;0;0;1;61;14532;344,1;-3,3;0
2022-11-08 19:43:34;-36,79982;-73,05899;22,1;31,53;456;0;0;0;1;61;14532;344,1;-3,3;0
2022-11-08 19:44:04;-36,79982;-73,05899;22,1;31,56;456;0;0;0;1;61;14532;344,1;-3,4;0
2022-11-08 19:44:34;-36,79982;-73,05899;22,1;31,58;456;0;0;0;1;61;14532;344,1;-3,4;0
2022-11-08 19:45:04;-36,79982;-73,05899;22,1;31,6;456;0;0;0;1;61;14532;344,1;-3,3;0
2022-11-08 19:45:34;-36,79982;-73,05899;22,1;31,62;456;0;0;0;1;61;14532;344,1;-3,3;0
2022-11-08 19:46:04;-36,79982;-73,05899;22,1;31,64;456;0;0;0;1;61;14532;344,1;-3,4;0
2022-11-08 19:46:34;-36,79982;-73,05899;22,1;31,66;456;0;0;0;1;61;14532;344,1;-3,4;0
2022-11-08 19:47:04;-36,79982;-73,05899;22,1;31,68;456;0;0;0;1;61;14532;344,1;-3,4;0
2022-11-08 19:47:34;-36,79982;-73,05899;22,1;31,7;456;0;0;0;1;61;14532;344,1;-3,4;0
2022-11-08 19:48:04;-36,79982;-73,05899;22,1;31,72;456;0;0;0;1;61;14532;344,1;-3,4;0
2022-11-08 19:48:34;-36,79982;-73,05899;22,1;31,74;456;0;0;0;1;61;14532;344,1;-3,4;0
2022-11-08 19:49:04;-36,79982;-73,05899;22,1;31,76;456;0;0;0;1;61;14532;344,1;-3,4;0
2022-11-08 19:49:34;-36,79982;-73,05899;22,1;31,78;456;0;0;0;1;61;14532;344,1;-3,4;0
2022-11-08 19:50:04;-36,79982;-73,05899;22,1;31,8;456;0;0;0;1;61;14532;344,1;-3,4;0
2022-11-08 19:50:34;-36,79982;-73,05899;22,1;31,82;456;0;0;0;1;61;14532;344,1;-3,4;0
2022-11-08 19:51:04;-36,79982;-73,05899;22,1;31,84;456;0;0;0;1;61;14532;344,1;-3,4;0
2022-11-08 19:51:34;-36,79982;-73,05899;22,1;31,86;456;0;0;0;1;61;14532;344,1;-3,4;0
2022-11-08 19:52:04;-36,79982;-73,05899;22,1;31,88;456;0;0;0;1;61;14532;344,3;-3,4;0
2022-11-08 19:52:34;-36,79982;-73,05899;22,1;31,9;456;0;0;0;1;61;14532;344,1;-3,3;0
2022-11-08 19:53:04;-36,79982;-73,05899;22,1;31,92;456;0;0;0;1;61;14532;344,3;-3,4;0
2022-11-08 19:53:34;-36,79982;-73,05899;22,1;31,95;456;0;0;0;1;61;14532;344,3;-3,4;0
2022-11-08 19:54:04;-36,79982;-73,05899;22,1;31,96;456;0;0;0;1;61;14532;344,1;-3,4;0
2022-11-08 19:54:34;-36,79982;-73,05899;22,1;31,99;456;0;0;0;1;61;14532;344,1;-3,4;0
2022-11-08 19:55:04;-36,79982;-73,05899;22,1;32,01;456;0;0;0;1;61;14532;344,1;-3,4;0
2022-11-08 19:55:34;-36,79982;-73,05899;22,1;32,03;456;0;0;0;1;61;14532;344,1;-3,4;0
2022-11-08 19:56:04;-36,79982;-73,05899;22,1;32,05;456;0;0;0;1;61;14532;344,1;-3,4;0
2022-11-08 19:56:34;-36,79982;-73,05899;22,1;32,07;456;0;0;0;1;61;14532;344,3;-3,4;0
2022-11-08 19:57:04;-36,79982;-73,05899;22,1;32,09;456;0;0;0;1;61;14532;344,3;-3,4;0
2022-11-08 19:57:34;-36,79982;-73,05899;22,1;32,11;456;0;0;0;1;61;14532;344,1;-3,3;0
2022-11-08 19:58:04;-36,79982;-73,05899;22,1;32,13;456;0;0;0;1;61;14532;344,1;-3,4;0
2022-11-08 19:58:34;-36,79982;-73,05899;22,1;32,15;456;0;0;0;1;61;14532;344,1;-3,4;0
2022-11-08 19:59:04;-36,79982;-73,05899;22,1;32,17;456;0;0;0;1;61;14532;344,3;-3,4;0
2022-11-08 19:59:34;-36,79982;-73,05899;22,1;32,19;456;0;0;0;1;61;14532;344,3;-3,3;0
2022-11-08 20:00:04;-36,79982;-73,05899;22,1;32,21;456;0;0;0;1;61;14532;344,1;-3,3;0
2022-11-08 20:00:34;-36,79982;-73,05899;22,1;32,23;456;0;0;0;1;61;14532;344,3;-3,4;0
2022-11-08 20:01:04;-36,79982;-73,05899;22,1;32,25;456;0;0;0;1;61;14532;344,1;-3,4;0
2022-11-08 20:01:34;-36,79982;-73,05899;22,1;32,27;456;0;0;0;1;61;14532;344,1;-3,4;0
2022-11-08 20:02:04;-36,79982;-73,05899;22,1;32,29;456;0;0;0;1;61;14532;344,3;-3,3;0
2022-11-08 20:02:34;-36,79982;-73,05899;22,1;32,31;456;0;0;0;1;61;14532;344,3;-3,3;0
2022-11-08 20:03:04;-36,79982;-73,05899;22,1;32,33;456;0;0;0;1;61;14532;344,1;-3,3;0
2022-11-08 20:03:34;-36,79982;-73,05899;22,1;32,35;456;0;0;0;1;61;14532;344,3;-3,4;0
2022-11-08 20:04:04;-36,79982;-73,05899;22,1;32,37;456;0;0;0;1;61;14532;344,3;-3,3;0
2022-11-08 20:04:34;-36,79982;-73,05899;22,1;32,39;456;0;0;0;1;61;14532;344,1;-3,4;0
2022-11-08 20:05:04;-36,79982;-73,05899;22,1;32,41;456;0;0;0;1;61;14532;344,3;-3,3;0
2022-11-08 20:05:34;-36,79982;-73,05899;22,1;32,43;456;0;0;0;1;61;14532;344,3;-3,3;0
2022-11-08 20:06:04;-36,79982;-73,05899;22,1;32,45;456;0;0;0;1;61;14532;344,3;-3,3;0
2022-11-08 20:06:34;-36,79982;-73,05899;22,1;32,47;456;0;0;0;1;61;14532;344,1;-3,3;0
2022-11-08 20:07:04;-36,79982;-73,05899;22,1;32,5;456;0;0;0;1;61;14532;344,3;-3,3;0
2022-11-08 20:07:34;-36,79982;-73,05899;22,1;32,51;456;0;0;0;1;61;14532;344,3;-3,3;0
2022-11-08 20:08:04;-36,79982;-73,05899;22,1;32,54;456;0;0;0;1;61;14532;344,3;-3,3;0
2022-11-08 20:08:34;-36,79982;-73,05899;22,1;32,55;456;0;0;0;1;61;14532;344,3;-3,3;0
2022-11-08 20:09:04;-36,79982;-73,05899;22,1;32,58;456;0;0;0;1;61;14532;344,3;-3,3;0
2022-11-08 20:09:34;-36,79982;-73,05899;22,1;32,59;456;0;0;0;1;61;14532;344,3;-3,3;0
2022-11-08 20:10:04;-36,79982;-73,05899;22,1;32,62;456;0;0;0;1;61;14532;344,3;-3,3;0
2022-11-08 20:10:34;-36,79982;-73,05899;22,1;32,63;456;0;0;0;1;61;14532;344,3;-3,4;0
2022-11-08 20:11:04;-36,79982;-73,05899;22,1;32,66;456;0;0;0;1;61;14532;344,3;-3,4;0
2022-11-08 20:11:34;-36,79982;-73,05899;22,1;32,68;456;0;0;0;1;61;14532;344,3;-3,4;0
2022-11-08 20:12:04;-36,79982;-73,05899;22,1;32,7;456;0;0;0;1;61;14532;344,3;-3,3;0
2022-11-08 20:12:34;-36,79982;-73,05899;22,1;32,72;456;0;0;0;1;61;14532;344,3;-3,4;0
2022-11-08 20:13:04;-36,79982;-73,05899;22,1;32,74;456;0;0;0;1;61;14532;344,1;-3,4;0
2022-11-08 20:13:34;-36,79982;-73,05899;22,1;32,76;456;0;0;0;1;61;14532;344,3;-3,4;0
2022-11-08 20:14:04;-36,79982;-73,05899;22,1;32,78;456;0;0;0;1;61;14532;344,3;-3,4;0
2022-11-08 20:14:34;-36,79982;-73,05899;22,1;32,8;456;0;0;0;1;61;14532;344,3;-3,3;0
2022-11-08 20:15:04;-36,79982;-73,05899;22,1;32,82;456;0;0;0;1;61;14532;344,3;-3,4;0
2022-11-08 20:15:34;-36,79982;-73,05899;22,1;32,84;456;0;0;0;1;61;14532;344,3;-3,4;0
2022-11-08 20:16:04;-36,79982;-73,05899;22,1;32,86;456;0;0;0;1;61;14532;344,3;-3,4;0
2022-11-08 20:16:34;-36,79982;-73,05899;22,1;32,88;456;0;0;0;1;61;14532;344,3;-3,4;0
2022-11-08 20:17:04;-36,79982;-73,05899;22,1;32,9;456;0;0;0;1;61;14532;344,3;-3,4;0
2022-11-08 20:17:34;-36,79982;-73,05899;22,1;32,92;456;0;0;0;1;61;14532;344,3;-3,4;0
2022-11-08 20:18:04;-36,79982;-73,05899;22,1;32,94;456;0;0;0;1;61;14532;344,3;-3,4;0
2022-11-08 20:18:34;-36,79982;-73,05899;22,1;32,97;456;0;0;0;1;61;14532;344,3;-3,4;0
2022-11-08 20:19:04;-36,79982;-73,05899;22,1;32,99;456;0;0;0;1;61;14532;344,3;-3,4;0
2022-11-08 20:19:34;-36,79982;-73,05899;22,1;33,01;456;0;0;0;1;61;14532;344,3;-3,4;0
2022-11-08 20:20:04;-36,79982;-73,05899;22,1;33,03;456;0;0;0;1;61;14532;344,3;-3,4;0
2022-11-08 20:20:34;-36,79982;-73,05899;22,1;33,05;456;0;0;0;1;61;14532;344,3;-3,3;0
2022-11-08 20:21:04;-36,79982;-73,05899;22,1;33,07;456;0;0;0;1;61;14532;344,3;-3,4;0
2022-11-08 20:21:34;-36,79982;-73,05899;22,1;33,09;456;0;0;0;1;61;14532;344,3;-3,3;0
2022-11-08 20:22:04;-36,79982;-73,05899;22,1;33,11;456;0;0;0;1;61;14532;344,3;-3,4;0
2022-11-08 20:22:34;-36,79982;-73,05899;22,1;33,13;456;0;0;0;1;61;14532;344,3;-3,4;0
2022-11-08 20:23:04;-36,79982;-73,05899;22,1;33,15;456;0;0;0;1;61;14532;344,3;-3,4;0
2022-11-08 20:23:34;-36,79982;-73,05899;22,1;33,17;456;0;0;0;1;61;14532;344,4;-3,4;0
2022-11-08 20:24:04;-36,79982;-73,05899;22,1;33,19;456;0;0;0;1;61;14532;344,3;-3,3;0
2022-11-08 20:24:34;-36,79982;-73,05899;22,1;33,21;456;0;0;0;1;61;14532;344,3;-3,3;0
2022-11-08 20:25:04;-36,79982;-73,05899;22,1;33,23;456;0;0;0;1;61;14532;344,3;-3,4;0
2022-11-08 20:25:34;-36,79982;-73,05899;22,1;33,26;456;0;0;0;1;61;14532;344,3;-3,3;0
2022-11-08 20:26:04;-36,79982;-73,05899;22,1;33,27;456;0;0;0;1;61;14532;344,3;-3,3;0
2022-11-08 20:26:34;-36,79982;-73,05899;22,1;33,29;456;0;0;0;1;61;14532;344,3;-3,3;0
2022-11-08 20:27:04;-36,79982;-73,05899;22,1;33,31;456;0;0;0;1;61;14532;344,3;-3,3;0
2022-11-08 20:27:34;-36,79982;-73,05899;22,1;33,33;456;0;0;0;1;61;14532;344,3;-3,4;0
2022-11-08 20:28:04;-36,79982;-73,05899;22,1;33,35;456;0;0;0;1;61;14532;344,3;-3,4;0
2022-11-08 20:28:34;-36,79982;-73,05899;22,1;33,38;456;0;0;0;1;61;14532;344,3;-3,4;0
2022-11-08 20:29:04;-36,79982;-73,05899;22,1;33,39;456;0;0;0;1;61;14532;344,3;-3,4;0
2022-11-08 20:29:34;-36,79982;-73,05899;22,1;33,42;456;0;0;0;1;61;14532;344,3;-3,3;0
2022-11-08 20:30:04;-36,79982;-73,05899;22,1;33,44;456;0;0;0;1;61;14532;344,3;-3,4;0
2022-11-08 20:30:34;-36,79982;-73,05899;22,1;33,46;456;0;0;0;1;61;14532;344,3;-3,4;0
2022-11-08 20:31:04;-36,79982;-73,05899;22,1;33,48;456;0;0;0;1;61;14532;344,3;-3,4;0
2022-11-08 20:31:34;-36,79982;-73,05899;22,1;33,5;456;0;0;0;1;61;14532;344,3;-3,4;0
2022-11-08 20:32:04;-36,79982;-73,05899;22,1;33,52;456;0;0;0;1;61;14532;344,4;-3,4;0
2022-11-08 20:32:34;-36,79982;-73,05899;22,1;33,54;456;0;0;0;1;61;14532;344,3;-3,3;0
2022-11-08 20:33:04;-36,79982;-73,05899;22,1;33,56;456;0;0;0;1;61;14532;344,3;-3,4;0
2022-11-08 20:33:34;-36,79982;-73,05899;22,1;33,58;456;0;0;0;1;61;14532;344,3;-3,4;0
2022-11-08 20:34:04;-36,79982;-73,05899;22,1;33,6;456;0;0;0;1;61;14532;344,3;-3,3;0
2022-11-08 20:34:34;-36,79982;-73,05899;22,1;33,62;456;0;0;0;1;61;14532;344,3;-3,4;0
2022-11-08 20:35:04;-36,79982;-73,05899;22,1;33,64;456;0;0;0;1;61;14532;344,3;-3,3;0
2022-11-08 20:35:34;-36,79982;-73,05899;22,1;33,66;456;0;0;0;1;61;14532;344,3;-3,4;0
2022-11-08 20:36:04;-36,79982;-73,05899;22,1;33,68;456;0;0;0;1;61;14532;344,3;-3,4;0
2022-11-08 20:36:34;-36,79982;-73,05899;22,1;33,7;456;0;0;0;1;61;14532;344,3;-3,3;0
2022-11-08 20:37:04;-36,79982;-73,05899;22,1;33,72;456;0;0;0;1;61;14532;344,4;-3,3;0
2022-11-08 20:37:34;-36,79982;-73,05899;22,1;33,74;456;0;0;0;1;61;14532;344,3;-3,3;0
2022-11-08 20:38:04;-36,79982;-73,05899;22,1;33,76;456;0;0;0;1;61;14532;344,4;-3,4;0
2022-11-08 20:38:34;-36,79982;-73,05899;22,1;33,78;456;0;0;0;1;61;14532;344,3;-3,4;0
2022-11-08 20:39:04;-36,79982;-73,05899;22,1;33,8;456;0;0;0;1;61;14532;344,3;-3,3;0
2022-11-08 20:39:34;-36,79982;-73,05899;22,1;33,82;456;0;0;0;1;61;14532;344,3;-3,4;0
2022-11-08 20:40:04;-36,79982;-73,05899;22,1;33,84;456;0;0;0;1;61;14532;344,4;-3,4;0
2022-11-08 20:40:34;-36,79982;-73,05899;22,1;33,86;456;0;0;0;1;61;14532;344,4;-3,3;0
2022-11-08 20:41:04;-36,79982;-73,05899;22,1;33,88;456;0;0;0;1;61;14532;344,4;-3,3;0
2022-11-08 20:41:34;-36,79982;-73,05899;22,1;33,91;456;0;0;0;1;61;14532;344,4;-3,4;0
2022-11-08 20:42:04;-36,79982;-73,05899;22,1;33,92;456;0;0;0;1;61;14532;344,3;-3,4;0
2022-11-08 20:42:34;-36,79982;-73,05899;22,1;33,95;456;0;0;0;1;61;14532;344,3;-3,3;0
2022-11-08 20:43:04;-36,79982;-73,05899;22,1;33,96;456;0;0;0;1;61;14532;344,3;-3,4;0
2022-11-08 20:43:34;-36,79982;-73,05899;22,1;33,99;456;0;0;0;1;61;14532;344,3;-3,4;0
2022-11-08 20:44:04;-36,79982;-73,05899;22,1;34;456;0;0;0;1;61;14532;344,4;-3,3;0
2022-11-08 20:44:34;-36,79982;-73,05899;22,1;34,03;456;0;0;0;1;61;14532;344,3;-3,3;0
2022-11-08 20:45:04;-36,79982;-73,05899;22,1;34,05;456;0;0;0;1;61;14532;344,4;-3,4;0
2022-11-08 20:45:34;-36,79982;-73,05899;22,1;34,07;456;0;0;0;1;61;14532;344,3;-3,3;0
2022-11-08 20:46:04;-36,79982;-73,05899;22,1;34,09;456;0;0;0;1;61;14532;344,4;-3,3;0
2022-11-08 20:46:34;-36,79982;-73,05899;22,1;34,11;456;0;0;0;1;61;14532;344,4;-3,3;0
2022-11-08 20:47:04;-36,79982;-73,05899;22,1;34,13;456;0;0;0;1;61;14532;344,4;-3,4;0
2022-11-08 20:47:34;-36,79982;-73,05899;22,1;34,15;456;0;0;0;1;61;14532;344,4;-3,4;0
2022-11-08 20:48:04;-36,79982;-73,05899;22,1;34,17;456;0;0;0;1;61;14532;344,3;-3,4;0
2022-11-08 20:48:34;-36,79982;-73,05899;22,1;34,19;456;0;0;0;1;61;14532;344,4;-3,4;0
2022-11-08 20:49:04;-36,79982;-73,05899;22,1;34,21;456;0;0;0;1;61;14532;344,4;-3,4;0
2022-11-08 20:49:34;-36,79982;-73,05899;22,1;34,23;456;0;0;0;1;61;14532;344,4;-3,4;0
2022-11-08 20:50:04;-36,79982;-73,05899;22,1;34,25;456;0;0;0;1;61;14532;344,4;-3,4;0
2022-11-08 20:50:34;-36,79982;-73,05899;22,1;34,27;456;0;0;0;1;61;14532;344,3;-3,4;0
2022-11-08 20:51:04;-36,79982;-73,05899;22,1;34,29;456;0;0;0;1;61;14532;344,4;-3,4;0
2022-11-08 20:51:34;-36,79982;-73,05899;22,1;34,31;456;0;0;0;1;61;14532;344,4;-3,4;0
2022-11-08 20:52:04;-36,79982;-73,05899;22,1;34,33;456;0;0;0;1;61;14532;344,3;-3,4;0
2022-11-08 20:52:34;-36,79982;-73,05899;22,1;34,35;456;0;0;0;1;61;14532;344,4;-3,4;0
2022-11-08 20:53:04;-36,79982;-73,05899;22,1;34,37;456;0;0;0;1;61;14532;344,4;-3,4;0
2022-11-08 20:53:34;-36,79982;-73,05899;22,1;34,4;456;0;0;0;1;61;14532;344,4;-3,4;0
2022-11-08 20:54:04;-36,79982;-73,05899;22,1;34,42;456;0;0;0;1;61;14532;344,4;-3,4;0
2022-11-08 20:54:34;-36,79982;-73,05899;22,1;34,43;456;0;0;0;1;61;14532;344,4;-3,4;0
2022-11-08 20:55:04;-36,79982;-73,05899;22,1;34,46;456;0;0;0;1;61;14532;344,4;-3,4;0
2022-11-08 20:55:34;-36,79982;-73,05899;22,1;34,48;456;0;0;0;1;61;14532;344,4;-3,4;0
2022-11-08 20:56:04;-36,79982;-73,05899;22,1;34,49;456;0;0;0;1;61;14532;344,4;-3,4;0
2022-11-08 20:56:34;-36,79982;-73,05899;22,1;34,52;456;0;0;0;1;61;14532;344,3;-3,4;0
2022-11-08 20:57:04;-36,79982;-73,05899;22,1;34,54;456;0;0;0;1;61;14532;344,4;-3,3;0
2022-11-08 20:57:34;-36,79982;-73,05899;22,1;34,56;456;0;0;0;1;61;14532;344,4;-3,4;0
2022-11-08 20:58:04;-36,79982;-73,05899;22,1;34,58;456;0;0;0;1;61;14532;344,4;-3,3;0
2022-11-08 20:58:34;-36,79982;-73,05899;22,1;34,6;456;0;0;0;1;61;14532;344,4;-3,4;0
2022-11-08 20:59:04;-36,79982;-73,05899;22,1;34,62;456;0;0;0;1;61;14532;344,4;-3,3;0
2022-11-08 20:59:34;-36,79982;-73,05899;22,1;34,64;456;0;0;0;1;61;14532;344,4;-3,4;0
2022-11-08 21:00:04;-36,79982;-73,05899;22,1;34,66;456;0;0;0;1;61;14532;344,4;-3,4;0
2022-11-08 21:00:34;-36,79982;-73,05899;22,1;34,68;456;0;0;0;1;61;14532;344,4;-3,4;0
2022-11-08 21:01:04;-36,79982;-73,05899;22,1;34,7;456;0;0;0;1;61;14532;344,4;-3,4;0
2022-11-08 21:01:34;-36,79982;-73,05899;22,1;34,72;456;0;0;0;1;61;14532;344,4;-3,4;0
2022-11-08 21:02:04;-36,79982;-73,05899;22,1;34,74;456;0;0;0;1;61;14532;344,4;-3,4;0
2022-11-08 21:02:34;-36,79982;-73,05899;22,1;34,76;456;0;0;0;1;61;14532;344,4;-3,3;0
2022-11-08 21:03:04;-36,79982;-73,05899;22,1;34,79;456;0;0;0;1;61;14532;344,4;-3,4;0
2022-11-08 21:03:34;-36,79982;-73,05899;22,1;34,8;456;0;0;0;1;61;14532;344,4;-3,4;0
2022-11-08 21:04:04;-36,79982;-73,05899;22,1;34,83;456;0;0;0;1;61;14532;344,4;-3,4;0
2022-11-08 21:04:34;-36,79982;-73,05899;22,1;34,84;456;0;0;0;1;61;14532;344,4;-3,4;0
2022-11-08 21:05:04;-36,79982;-73,05899;22,1;34,87;456;0;0;0;1;61;14532;344,4;-3,5;0
2022-11-08 21:05:34;-36,79982;-73,05899;22,1;34,89;456;0;0;0;1;61;14532;344,4;-3,4;0
2022-11-08 21:06:04;-36,79982;-73,05899;22,1;34,91;456;0;0;0;1;61;14532;344,6;-3,4;0
2022-11-08 21:06:34;-36,79982;-73,05899;22,1;34,93;456;0;0;0;1;61;14532;344,4;-3,4;0
2022-11-08 21:07:04;-36,79982;-73,05899;22,1;34,95;456;0;0;0;1;61;14532;344,4;-3,4;0
2022-11-08 21:07:34;-36,79982;-73,05899;22,1;34,97;456;0;0;0;1;61;14532;344,4;-3,4;0
2022-11-08 21:08:04;-36,79982;-73,05899;22,1;34,99;456;0;0;0;1;61;14532;344,4;-3,4;0
2022-11-08 21:08:34;-36,79982;-73,05899;22,1;35,01;456;0;0;0;1;61;14532;344,4;-3,4;0
2022-11-08 21:09:04;-36,79982;-73,05899;22,1;35,03;456;0;0;0;1;61;14532;344,4;-3,4;0
2022-11-08 21:09:34;-36,79982;-73,05899;22,1;35,05;456;0;0;0;1;61;14532;344,4;-3,4;0
2022-11-08 21:10:04;-36,79982;-73,05899;22,1;35,07;456;0;0;0;1;61;14532;344,4;-3,4;0
2022-11-08 21:10:34;-36,79982;-73,05899;22,1;35,09;456;0;0;0;1;61;14532;344,4;-3,4;0
2022-11-08 21:11:04;-36,79982;-73,05899;22,1;35,11;456;0;0;0;1;61;14532;344,4;-3,4;0
2022-11-08 21:11:34;-36,79982;-73,05899;22,1;35,14;456;0;0;0;1;61;14532;344,4;-3,4;0
2022-11-08 21:12:04;-36,79982;-73,05899;22,1;35,16;456;0;0;0;1;61;14532;344,4;-3,4;0
2022-11-08 21:12:34;-36,79982;-73,05899;22,1;35,18;456;0;0;0;1;61;14532;344,4;-3,4;0
2022-11-08 21:13:04;-36,79982;-73,05899;22,1;35,2;456;0;0;0;1;61;14532;344,4;-3,4;0
2022-11-08 21:13:34;-36,79982;-73,05899;22,1;35,22;456;0;0;0;1;61;14532;344,6;-3,4;0
2022-11-08 21:14:04;-36,79982;-73,05899;22,1;35,23;456;0;0;0;1;61;14532;344,4;-3,4;0
2022-11-08 21:14:34;-36,79982;-73,05899;22,1;35,26;456;0;0;0;1;61;14532;344,6;-3,4;0
2022-11-08 21:15:04;-36,79982;-73,05899;22,1;35,28;456;0;0;0;1;61;14532;344,4;-3,4;0
2022-11-08 21:15:34;-36,79982;-73,05899;22,1;35,3;456;0;0;0;1;61;14532;344,4;-3,4;0
2022-11-08 21:16:04;-36,79982;-73,05899;22,1;35,32;456;0;0;0;1;61;14532;344,4;-3,4;0
2022-11-08 21:16:34;-36,79982;-73,05899;22,1;35,34;456;0;0;0;1;61;14532;344,4;-3,4;0
2022-11-08 21:17:04;-36,79982;-73,05899;22,1;35,36;456;0;0;0;1;61;14532;344,4;-3,4;0
2022-11-08 21:17:34;-36,79982;-73,05899;22,1;35,38;456;0;0;0;1;61;14532;344,6;-3,4;0
2022-11-08 21:18:04;-36,79982;-73,05899;22,1;35,4;456;0;0;0;1;61;14532;344,4;-3,4;0
2022-11-08 21:18:34;-36,79982;-73,05899;22,1;35,43;456;0;0;0;1;61;14532;344,6;-3,4;0
2022-11-08 21:19:04;-36,79982;-73,05899;22,1;35,44;456;0;0;0;1;61;14532;344,4;-3,4;0
2022-11-08 21:19:34;-36,79982;-73,05899;22,1;35,46;456;0;0;0;1;61;14532;344,6;-3,4;0
2022-11-08 21:20:04;-36,79982;-73,05899;22,1;35,48;456;0;0;0;1;61;14532;344,4;-3,4;0
2022-11-08 21:20:34;-36,79982;-73,05899;22,1;35,51;456;0;0;0;1;61;14532;344,6;-3,4;0
2022-11-08 21:21:04;-36,79982;-73,05899;22,1;35,52;456;0;0;0;1;61;14532;344,6;-3,4;0
2022-11-08 21:21:34;-36,79982;-73,05899;22,1;35,55;456;0;0;0;1;61;14532;344,4;-3,4;0
2022-11-08 21:22:04;-36,79982;-73,05899;22,1;35,57;456;0;0;0;1;61;14532;344,4;-3,4;0
2022-11-08 21:22:34;-36,79982;-73,05899;22,1;35,59;456;0;0;0;1;61;14532;344,6;-3,4;0
2022-11-08 21:23:04;-36,79982;-73,05899;22,1;35,61;456;0;0;0;1;61;14532;344,6;-3,4;0
2022-11-08 21:23:34;-36,79982;-73,05899;22,1;35,63;456;0;0;0;1;61;14532;344,6;-3,4;0
2022-11-08 21:24:04;-36,79982;-73,05899;22,1;35,65;456;0;0;0;1;61;14532;344,4;-3,4;0
2022-11-08 21:24:34;-36,79982;-73,05899;22,1;35,67;456;0;0;0;1;61;14532;344,6;-3,4;0
2022-11-08 21:25:04;-36,79982;-73,05899;22,1;35,69;456;0;0;0;1;61;14532;344,6;-3,4;0
2022-11-08 21:25:34;-36,79982;-73,05899;22,1;35,71;456;0;0;0;1;61;14532;344,4;-3,4;0
2022-11-08 21:26:04;-36,79982;-73,05899;22,1;35,73;456;0;0;0;1;61;14532;344,6;-3,4;0
2022-11-08 21:26:34;-36,79982;-73,05899;22,1;35,75;456;0;0;0;1;61;14532;344,6;-3,4;0
2022-11-08 21:27:04;-36,79982;-73,05899;22,1;35,78;456;0;0;0;1;61;14532;344,6;-3,4;0
2022-11-08 21:27:34;-36,79982;-73,05899;22,1;35,79;456;0;0;0;1;61;14532;344,4;-3,4;0
2022-11-08 21:28:04;-36,79982;-73,05899;22,1;35,81;456;0;0;0;1;61;14532;344,6;-3,4;0
2022-11-08 21:28:34;-36,79982;-73,05899;22,1;35,83;456;0;0;0;1;61;14532;344,6;-3,4;0
2022-11-08 21:29:04;-36,79982;-73,05899;22,1;35,86;456;0;0;0;1;61;14532;344,6;-3,4;0
2022-11-08 21:29:34;-36,79982;-73,05899;22,1;35,88;456;0;0;0;1;61;14532;344,6;-3,5;0
2022-11-08 21:30:04;-36,79982;-73,05899;22,1;35,9;456;0;0;0;1;61;14532;344,6;-3,4;0
2022-11-08 21:30:34;-36,79982;-73,05899;22,1;35,92;456;0;0;0;1;61;14532;344,6;-3,4;0
2022-11-08 21:31:04;-36,79982;-73,05899;22,1;35,94;456;0;0;0;1;61;14532;344,6;-3,4;0
2022-11-08 21:31:34;-36,79982;-73,05899;22,1;35,96;456;0;0;0;1;61;14532;344,6;-3,4;0
2022-11-08 21:32:04;-36,79982;-73,05899;22,1;35,98;456;0;0;0;1;61;14532;344,6;-3,4;0
2022-11-08 21:32:34;-36,79982;-73,05899;22,1;36;456;0;0;0;1;61;14532;344,6;-3,4;0
2022-11-08 21:33:04;-36,79982;-73,05899;22,1;36,02;456;0;0;0;1;61;14532;344,6;-3,4;0
2022-11-08 21:33:34;-36,79982;-73,05899;22,1;36,04;456;0;0;0;1;61;14532;344,6;-3,4;0
2022-11-08 21:34:04;-36,79982;-73,05899;22,1;36,06;456;0;0;0;1;61;14532;344,4;-3,4;0
2022-11-08 21:34:34;-36,79982;-73,05899;22,1;36,08;456;0;0;0;1;61;14532;344,6;-3,4;0
2022-11-08 21:35:04;-36,79982;-73,05899;22,1;36,11;456;0;0;0;1;61;14532;344,6;-3,4;0
2022-11-08 21:35:34;-36,79982;-73,05899;22,1;36,12;456;0;0;0;1;61;14532;344,4;-3,4;0
2022-11-08 21:36:04;-36,79982;-73,05899;22,1;36,15;456;0;0;0;1;61;14532;344,6;-3,5;0
2022-11-08 21:36:34;-36,79982;-73,05899;22,1;36,17;456;0;0;0;1;61;14532;344,6;-3,4;0
2022-11-08 21:37:04;-36,79982;-73,05899;22,1;36,19;456;0;0;0;1;61;14532;344,4;-3,4;0
2022-11-08 21:37:34;-36,79982;-73,05899;22,1;36,21;456;0;0;0;1;61;14532;344,6;-3,4;0
2022-11-08 21:38:04;-36,79982;-73,05899;22,1;36,23;456;0;0;0;1;61;14532;344,6;-3,4;0
2022-11-08 21:38:34;-36,79982;-73,05899;22,1;36,25;456;0;0;0;1;61;14532;344,6;-3,4;0
2022-11-08 21:39:04;-36,79982;-73,05899;22,1;36,27;456;0;0;0;1;61;14532;344,6;-3,4;0
2022-11-08 21:39:34;-36,79982;-73,05899;22,1;36,29;456;0;0;0;1;61;14532;344,6;-3,4;0
2022-11-08 21:40:04;-36,79982;-73,05899;22,1;36,31;456;0;0;0;1;61;14532;344,6;-3,4;0
2022-11-08 21:40:34;-36,79982;-73,05899;22,1;36,33;456;0;0;0;1;61;14532;344,6;-3,4;0
2022-11-08 21:41:04;-36,79982;-73,05899;22,1;36,35;456;0;0;0;1;61;14532;344,6;-3,4;0
2022-11-08 21:41:34;-36,79982;-73,05899;22,1;36,37;456;0;0;0;1;61;14532;344,6;-3,4;0
2022-11-08 21:42:04;-36,79982;-73,05899;22,1;36,39;456;0;0;0;1;61;14532;344,6;-3,4;0
2022-11-08 21:42:34;-36,79982;-73,05899;22,1;36,41;456;0;0;0;1;61;14532;344,6;-3,4;0
2022-11-08 21:43:04;-36,79982;-73,05899;22,1;36,43;456;0;0;0;1;61;14532;344,6;-3,4;0
2022-11-08 21:43:34;-36,79982;-73,05899;22,1;36,46;456;0;0;0;1;61;14532;344,6;-3,4;0
2022-11-08 21:44:04;-36,79982;-73,05899;22,1;36,48;456;0;0;0;1;61;14532;344,6;-3,4;0
2022-11-08 21:44:34;-36,79982;-73,05899;22,1;36,5;456;0;0;0;1;61;14532;344,6;-3,4;0
2022-11-08 21:45:04;-36,79982;-73,05899;22,1;36,52;456;0;0;0;1;61;14532;344,6;-3,4;0
2022-11-08 21:45:34;-36,79982;-73,05899;22,1;36,54;456;0;0;0;1;61;14532;344,6;-3,4;0
2022-11-08 21:46:04;-36,79982;-73,05899;22,1;36,56;456;0;0;0;1;61;14532;344,6;-3,4;0
2022-11-08 21:46:34;-36,79982;-73,05899;22,1;36,58;456;0;0;0;1;61;14532;344,6;-3,4;0
2022-11-08 21:47:04;-36,79982;-73,05899;22,1;36,6;456;0;0;0;1;61;14532;344,6;-3,4;0
2022-11-08 21:47:34;-36,79982;-73,05899;22,1;36,62;456;0;0;0;1;61;14532;344,6;-3,4;0
2022-11-08 21:48:04;-36,79982;-73,05899;22,1;36,64;456;0;0;0;1;61;14532;344,6;-3,5;0
2022-11-08 21:48:34;-36,79982;-73,05899;22,1;36,66;456;0;0;0;1;61;14532;344,6;-3,4;0
2022-11-08 21:49:04;-36,79982;-73,05899;22,1;36,68;456;0;0;0;1;61;14532;344,6;-3,4;0
2022-11-08 21:49:34;-36,79982;-73,05899;22,1;36,7;456;0;0;0;1;61;14532;344,6;-3,4;0
2022-11-08 21:50:04;-36,79982;-73,05899;22,1;36,72;456;0;0;0;1;61;14532;344,6;-3,4;0
2022-11-08 21:50:34;-36,79982;-73,05899;22,1;36,75;456;0;0;0;1;61;14532;344,6;-3,4;0
2022-11-08 21:51:04;-36,79982;-73,05899;22,1;36,77;456;0;0;0;1;61;14532;344,6;-3,4;0
2022-11-08 21:51:34;-36,79982;-73,05899;22,1;36,79;456;0;0;0;1;61;14532;344,6;-3,5;0
2022-11-08 21:52:04;-36,79982;-73,05899;22,1;36,8;456;0;0;0;1;61;14532;344,6;-3,5;0
2022-11-08 21:52:34;-36,79982;-73,05899;22,1;36,83;456;0;0;0;1;61;14532;344,6;-3,5;0
2022-11-08 21:53:04;-36,79982;-73,05899;22,1;36,85;456;0;0;0;1;61;14532;344,6;-3,4;0
2022-11-08 21:53:34;-36,79982;-73,05899;22,1;36,87;456;0;0;0;1;61;14532;344,6;-3,5;0
2022-11-08 21:54:04;-36,79982;-73,05899;22,1;36,89;456;0;0;0;1;61;14532;344,7;-3,5;0
2022-11-08 21:54:34;-36,79982;-73,05899;22,1;36,91;456;0;0;0;1;61;14532;344,6;-3,4;0
2022-11-08 21:55:04;-36,79982;-73,05899;22,1;36,93;456;0;0;0;1;61;14532;344,6;-3,4;0
2022-11-08 21:55:34;-36,79982;-73,05899;22,1;36,95;456;0;0;0;1;61;14532;344,6;-3,3;0
2022-11-08 21:56:04;-36,79982;-73,05899;22,1;36,97;456;0;0;0;1;61;14532;344,7;-3,4;0
2022-11-08 21:56:34;-36,79982;-73,05899;22,1;37;456;0;0;0;1;61;14532;344,6;-3,4;0
2022-11-08 21:57:04;-36,79982;-73,05899;22,1;37,01;456;0;0;0;1;61;14532;344,6;-3,4;0
2022-11-08 21:57:34;-36,79982;-73,05899;22,1;37,04;456;0;0;0;1;61;14532;344,6;-3,4;0
2022-11-08 21:58:04;-36,79982;-73,05899;22,1;37,05;456;0;0;0;1;61;14532;344,6;-3,4;0
2022-11-08 21:58:34;-36,79982;-73,05899;22,1;37,08;456;0;0;0;1;61;14532;344,6;-3,4;0
2022-11-08 21:59:04;-36,79982;-73,05899;22,1;37,1;456;0;0;0;1;61;14532;344,6;-3,4;0
2022-11-08 21:59:34;-36,79982;-73,05899;22,1;37,12;456;0;0;0;1;61;14532;344,6;-3,4;0
2022-11-08 22:00:04;-36,79982;-73,05899;22,1;37,14;456;0;0;0;1;61;14532;344,6;-3,4;0
2022-11-08 22:00:34;-36,79982;-73,05899;22,1;37,16;456;0;0;0;1;61;14532;344,6;-3,4;0
2022-11-08 22:01:04;-36,79982;-73,05899;22,1;37,18;456;0;0;0;1;61;14532;344,6;-3,5;0
2022-11-08 22:01:34;-36,79982;-73,05899;22,1;37,2;456;0;0;0;1;61;14532;344,7;-3,4;0
2022-11-08 22:02:04;-36,79982;-73,05899;22,1;37,22;456;0;0;0;1;61;14532;344,6;-3,4;0
2022-11-08 22:02:34;-36,79982;-73,05899;22,1;37,24;456;0;0;0;1;61;14532;344,6;-3,4;0
2022-11-08 22:03:04;-36,79982;-73,05899;22,1;37,26;456;0;0;0;1;61;14532;344,7;-3,4;0
2022-11-08 22:03:34;-36,79982;-73,05899;22,1;37,28;456;0;0;0;1;61;14532;344,6;-3,4;0
2022-11-08 22:04:04;-36,79982;-73,05899;22,1;37,31;456;0;0;0;1;61;14532;344,7;-3,4;0
2022-11-08 22:04:34;-36,79982;-73,05899;22,1;37,32;456;0;0;0;1;61;14532;344,6;-3,4;0
2022-11-08 22:05:04;-36,79982;-73,05899;22,1;37,35;456;0;0;0;1;61;14532;344,7;-3,4;0
2022-11-08 22:05:34;-36,79982;-73,05899;22,1;37,37;456;0;0;0;1;61;14532;344,7;-3,4;0
2022-11-08 22:06:04;-36,79982;-73,05899;22,1;37,39;456;0;0;0;1;61;14532;344,7;-3,4;0
2022-11-08 22:06:34;-36,79982;-73,05899;22,1;37,41;456;0;0;0;1;61;14532;344,6;-3,4;0
2022-11-08 22:07:04;-36,79982;-73,05899;22,1;37,43;456;0;0;0;1;61;14532;344,7;-3,4;0
2022-11-08 22:07:34;-36,79982;-73,05899;22,1;37,45;456;0;0;0;1;61;14532;344,6;-3,4;0
2022-11-08 22:08:04;-36,79982;-73,05899;22,1;37,47;456;0;0;0;1;61;14532;344,7;-3,4;0
2022-11-08 22:08:34;-36,79982;-73,05899;22,1;37,49;456;0;0;0;1;61;14532;344,6;-3,4;0
2022-11-08 22:09:04;-36,79982;-73,05899;22,1;37,51;456;0;0;0;1;61;14532;344,7;-3,4;0
2022-11-08 22:09:34;-36,79982;-73,05899;22,1;37,53;456;0;0;0;1;61;14532;344,7;-3,4;0
2022-11-08 22:10:04;-36,79982;-73,05899;22,1;37,55;456;0;0;0;1;61;14532;344,7;-3,4;0
2022-11-08 22:10:34;-36,79982;-73,05899;22,1;37,57;456;0;0;0;1;61;14532;344,7;-3,4;0
2022-11-08 22:11:04;-36,79982;-73,05899;22,1;37,59;456;0;0;0;1;61;14532;344,6;-3,4;0
2022-11-08 22:11:34;-36,79982;-73,05899;22,1;37,61;456;0;0;0;1;61;14532;344,7;-3,4;0
2022-11-08 22:12:04;-36,79982;-73,05899;22,1;37,63;456;0;0;0;1;61;14532;344,6;-3,4;0
2022-11-08 22:12:34;-36,79982;-73,05899;22,1;37,65;456;0;0;0;1;61;14532;344,6;-3,4;0
2022-11-08 22:13:04;-36,79982;-73,05899;22,1;37,68;456;0;0;0;1;61;14532;344,6;-3,4;0
2022-11-08 22:13:34;-36,79982;-73,05899;22,1;37,69;456;0;0;0;1;61;14532;344,7;-3,4;0
2022-11-08 22:14:04;-36,79982;-73,05899;22,1;37,72;456;0;0;0;1;61;14532;344,7;-3,4;0
2022-11-08 22:14:34;-36,79982;-73,05899;22,1;37,74;456;0;0;0;1;61;14532;344,7;-3,4;0
2022-11-08 22:15:04;-36,79982;-73,05899;22,1;37,76;456;0;0;0;1;61;14532;344,7;-3,4;0
2022-11-08 22:15:34;-36,79982;-73,05899;22,1;37,78;456;0;0;0;1;61;14532;344,7;-3,4;0
2022-11-08 22:16:04;-36,79982;-73,05899;22,1;37,8;456;0;0;0;1;61;14532;344,7;-3,5;0
2022-11-08 22:16:34;-36,79982;-73,05899;22,1;37,82;456;0;0;0;1;61;14532;344,7;-3,4;0
2022-11-08 22:17:04;-36,79982;-73,05899;22,1;37,84;456;0;0;0;1;61;14532;344,7;-3,4;0
2022-11-08 22:17:34;-36,79982;-73,05899;22,1;37,86;456;0;0;0;1;61;14532;344,7;-3,4;0
2022-11-08 22:18:04;-36,79982;-73,05899;22,1;37,88;456;0;0;0;1;61;14532;344,7;-3,4;0
2022-11-08 22:18:34;-36,79982;-73,05899;22,1;37,9;456;0;0;0;1;61;14532;344,7;-3,5;0
2022-11-08 22:19:04;-36,79982;-73,05899;22,1;37,92;456;0;0;0;1;61;14532;344,7;-3,4;0
2022-11-08 22:19:34;-36,79982;-73,05899;22,1;37,94;456;0;0;0;1;61;14532;344,7;-3,4;0
2022-11-08 22:20:04;-36,79982;-73,05899;22,1;37,96;456;0;0;0;1;61;14532;344,7;-3,4;0
2022-11-08 22:20:34;-36,79982;-73,05899;22,1;37,99;456;0;0;0;1;61;14532;344,6;-3,4;0
2022-11-08 22:21:04;-36,79982;-73,05899;22,1;38;456;0;0;0;1;61;14532;344,7;-3,4;0
2022-11-08 22:21:34;-36,79982;-73,05899;22,1;38,03;456;0;0;0;1;61;14532;344,7;-3,4;0
2022-11-08 22:22:04;-36,79982;-73,05899;22,1;38,05;456;0;0;0;1;61;14532;344,9;-3,4;0
2022-11-08 22:22:34;-36,79982;-73,05899;22,1;38,07;456;0;0;0;1;61;14532;344,7;-3,4;0
2022-11-08 22:23:04;-36,79982;-73,05899;22,1;38,09;456;0;0;0;1;61;14532;344,7;-3,4;0
2022-11-08 22:23:34;-36,79982;-73,05899;22,1;38,11;456;0;0;0;1;61;14532;344,7;-3,4;0
2022-11-08 22:24:04;-36,79982;-73,05899;22,1;38,13;456;0;0;0;1;61;14532;344,7;-3,4;0
2022-11-08 22:24:34;-36,79982;-73,05899;22,1;38,15;456;0;0;0;1;61;14532;344,7;-3,4;0
2022-11-08 22:25:04;-36,79982;-73,05899;22,1;38,17;456;0;0;0;1;61;14532;344,6;-3,4;0
2022-11-08 22:25:34;-36,79982;-73,05899;22,1;38,19;456;0;0;0;1;61;14532;344,7;-3,4;0
2022-11-08 22:26:04;-36,79982;-73,05899;22,1;38,21;456;0;0;0;1;61;14532;344,7;-3,4;0
2022-11-08 22:26:34;-36,79982;-73,05899;22,1;38,23;456;0;0;0;1;61;14532;344,7;-3,4;0
2022-11-08 22:27:04;-36,79982;-73,05899;22,1;38,25;456;0;0;0;1;61;14532;344,7;-3,4;0
2022-11-08 22:27:34;-36,79982;-73,05899;22,1;38,27;456;0;0;0;1;61;14532;344,7;-3,4;0
2022-11-08 22:28:04;-36,79982;-73,05899;22,1;38,29;456;0;0;0;1;61;14532;344,7;-3,4;0
2022-11-08 22:28:34;-36,79982;-73,05899;22,1;38,32;456;0;0;0;1;61;14532;344,7;-3,4;0
2022-11-08 22:29:04;-36,79982;-73,05899;22,1;38,33;456;0;0;0;1;61;14532;344,7;-3,4;0
2022-11-08 22:29:34;-36,79982;-73,05899;22,1;38,36;456;0;0;0;1;61;14532;344,7;-3,4;0
2022-11-08 22:30:04;-36,79982;-73,05899;22,1;38,37;456;0;0;0;1;61;14532;344,7;-3,3;0
2022-11-08 22:30:34;-36,79982;-73,05899;22,1;38,4;456;0;0;0;1;61;14532;344,7;-3,4;0
2022-11-08 22:31:04;-36,79982;-73,05899;22,1;38,42;456;0;0;0;1;61;14532;344,6;-3,4;0
2022-11-08 22:31:34;-36,79982;-73,05899;22,1;38,44;456;0;0;0;1;61;14532;344,7;-3,4;0
2022-11-08 22:32:04;-36,79982;-73,05899;22,1;38,46;456;0;0;0;1;61;14532;344,7;-3,4;0
2022-11-08 22:32:34;-36,79982;-73,05899;22,1;38,48;456;0;0;0;1;61;14532;344,7;-3,4;0
2022-11-08 22:33:04;-36,79982;-73,05899;22,1;38,5;456;0;0;0;1;61;14532;344,7;-3,4;0
2022-11-08 22:33:34;-36,79982;-73,05899;22,1;38,52;456;0;0;0;1;61;14532;344,7;-3,4;0
2022-11-08 22:34:04;-36,79982;-73,05899;22,1;38,54;456;0;0;0;1;61;14532;344,7;-3,4;0
2022-11-08 22:34:34;-36,79982;-73,05899;22,1;38,56;456;0;0;0;1;61;14532;344,7;-3,4;0
2022-11-08 22:35:04;-36,79982;-73,05899;22,1;38,58;456;0;0;0;1;61;14532;344,7;-3,4;0
2022-11-08 22:35:34;-36,79982;-73,05899;22,1;38,6;456;0;0;0;1;61;14532;344,7;-3,4;0
2022-11-08 22:36:04;-36,79982;-73,05899;22,1;38,62;456;0;0;0;1;61;14532;344,7;-3,4;0
2022-11-08 22:36:34;-36,79982;-73,05899;22,1;38,64;456;0;0;0;1;61;14532;344,7;-3,4;0
2022-11-08 22:37:04;-36,79982;-73,05899;22,1;38,67;456;0;0;0;1;61;14532;344,7;-3,4;0
2022-11-08 22:37:34;-36,79982;-73,05899;22,1;38,68;456;0;0;0;1;61;14532;344,7;-3,4;0
2022-11-08 22:38:04;-36,79982;-73,05899;22,1;38,71;456;0;0;0;1;61;14532;344,7;-3,4;0
2022-11-08 22:38:34;-36,79982;-73,05899;22,1;38,73;456;0;0;0;1;61;14532;344,6;-3,4;0
2022-11-08 22:39:04;-36,79982;-73,05899;22,1;38,75;456;0;0;0;1;61;14532;344,7;-3,4;0
2022-11-08 22:39:34;-36,79982;-73,05899;22,1;38,77;456;0;0;0;1;61;14532;344,7;-3,4;0
2022-11-08 22:40:04;-36,79982;-73,05899;22,1;38,79;456;0;0;0;1;61;14532;344,7;-3,4;0
2022-11-08 22:40:34;-36,79982;-73,05899;22,1;38,81;456;0;0;0;1;61;14532;344,7;-3,4;0
2022-11-08 22:41:04;-36,79982;-73,05899;22,1;38,83;456;0;0;0;1;61;14532;344,7;-3,4;0
2022-11-08 22:41:34;-36,79982;-73,05899;22,1;38,85;456;0;0;0;1;61;14532;344,7;-3,4;0
2022-11-08 22:42:04;-36,79982;-73,05899;22,1;38,87;456;0;0;0;1;61;14532;344,7;-3,4;0
2022-11-08 22:42:34;-36,79982;-73,05899;22,1;38,89;456;0;0;0;1;61;14532;344,7;-3,4;0
2022-11-08 22:43:04;-36,79982;-73,05899;22,1;38,91;456;0;0;0;1;61;14532;344,7;-3,4;0
2022-11-08 22:43:34;-36,79982;-73,05899;22,1;38,93;456;0;0;0;1;61;14532;344,7;-3,4;0
2022-11-08 22:44:04;-36,79982;-73,05899;22,1;38,95;456;0;0;0;1;61;14532;344,7;-3,4;0
2022-11-08 22:44:34;-36,79982;-73,05899;22,1;38,97;456;0;0;0;1;61;14532;344,7;-3,4;0
2022-11-08 22:45:04;-36,79982;-73,05899;22,1;38,99;456;0;0;0;1;61;14532;344,9;-3,3;0
2022-11-08 22:45:34;-36,79982;-73,05899;22,1;39,01;456;0;0;0;1;61;14532;344,7;-3,4;0
2022-11-08 22:46:04;-36,79982;-73,05899;22,1;39,04;456;0;0;0;1;61;14532;344,9;-3,4;0
2022-11-08 22:46:34;-36,79982;-73,05899;22,1;39,05;456;0;0;0;1;61;14532;344,9;-3,4;0
2022-11-08 22:47:04;-36,79982;-73,05899;22,1;39,08;456;0;0;0;1;61;14532;344,7;-3,4;0
2022-11-08 22:47:34;-36,79982;-73,05899;22,1;39,09;456;0;0;0;1;61;14532;344,9;-3,4;0
2022-11-08 22:48:04;-36,79982;-73,05899;22,1;39,12;456;0;0;0;1;61;14532;344,7;-3,4;0
2022-11-08 22:48:34;-36,79982;-73,05899;22,1;39,14;456;0;0;0;1;61;14532;344,7;-3,4;0
2022-11-08 22:49:04;-36,79982;-73,05899;22,1;39,16;456;0;0;0;1;61;14532;344,9;-3,4;0
2022-11-08 22:49:34;-36,79982;-73,05899;22,1;39,18;456;0;0;0;1;61;14532;344,7;-3,4;0
2022-11-08 22:50:04;-36,79982;-73,05899;22,1;39,2;456;0;0;0;1;61;14532;344,7;-3,4;0
2022-11-08 22:50:34;-36,79982;-73,05899;22,1;39,22;456;0;0;0;1;61;14532;344,9;-3,4;0
2022-11-08 22:51:04;-36,79982;-73,05899;22,1;39,24;456;0;0;0;1;61;14532;344,7;-3,4;0
2022-11-08 22:51:34;-36,79982;-73,05899;22,1;39,26;456;0;0;0;1;61;14532;344,9;-3,4;0
2022-11-08 22:52:04;-36,79982;-73,05899;22,1;39,28;456;0;0;0;1;61;14532;344,9;-3,4;0
2022-11-08 22:52:34;-36,79982;-73,05899;22,1;39,31;456;0;0;0;1;61;14532;344,7;-3,4;0
2022-11-08 22:53:04;-36,79982;-73,05899;22,1;39,32;456;0;0;0;1;61;14532;344,9;-3,4;0
2022-11-08 22:53:34;-36,79982;-73,05899;22,1;39,34;456;0;0;0;1;61;14532;344,9;-3,4;0
2022-11-08 22:54:04;-36,79982;-73,05899;22,1;39,36;456;0;0;0;1;61;14532;344,7;-3,4;0
2022-11-08 22:54:34;-36,79982;-73,05899;22,1;39,39;456;0;0;0;1;61;14532;344,7;-3,4;0
2022-11-08 22:55:04;-36,79982;-73,05899;22,1;39,4;456;0;0;0;1;61;14532;344,9;-3,4;0
2022-11-08 22:55:34;-36,79982;-73,05899;22,1;39,43;456;0;0;0;1;61;14532;344,7;-3,4;0
2022-11-08 22:56:04;-36,79982;-73,05899;22,1;39,45;456;0;0;0;1;61;14532;344,9;-3,4;0
2022-11-08 22:56:34;-36,79982;-73,05899;22,1;39,47;456;0;0;0;1;61;14532;344,7;-3,4;0
2022-11-08 22:57:04;-36,79982;-73,05899;22,1;39,49;456;0;0;0;1;61;14532;344,9;-3,4;0
2022-11-08 22:57:34;-36,79982;-73,05899;22,1;39,51;456;0;0;0;1;61;14532;344,9;-3,4;0
2022-11-08 22:58:04;-36,79982;-73,05899;22,1;39,53;456;0;0;0;1;61;14532;344,9;-3,4;0
2022-11-08 22:58:34;-36,79982;-73,05899;22,1;39,55;456;0;0;0;1;61;14532;344,9;-3,4;0
2022-11-08 22:59:04;-36,79982;-73,05899;22,1;39,57;456;0;0;0;1;61;14532;344,9;-3,4;0
2022-11-08 22:59:34;-36,79982;-73,05899;22,1;39,59;456;0;0;0;1;61;14532;344,7;-3,4;0
2022-11-08 23:00:04;-36,79982;-73,05899;22,1;39,61;456;0;0;0;1;61;14532;344,9;-3,4;0
2022-11-08 23:00:34;-36,79982;-73,05899;22,1;39,63;456;0;0;0;1;61;14532;344,9;-3,4;0
2022-11-08 23:01:04;-36,79982;-73,05899;22,1;39,65;456;0;0;0;1;61;14532;344,9;-3,4;0
2022-11-08 23:01:34;-36,79982;-73,05899;22,1;39,67;456;0;0;0;1;61;14532;344,9;-3,4;0
2022-11-08 23:02:04;-36,79982;-73,05899;22,1;39,69;456;0;0;0;1;61;14532;344,7;-3,4;0
2022-11-08 23:02:34;-36,79982;-73,05899;22,1;39,72;456;0;0;0;1;61;14532;344,9;-3,4;0
2022-11-08 23:03:04;-36,79982;-73,05899;22,1;39,73;456;0;0;0;1;61;14532;344,9;-3,4;0
2022-11-08 23:03:34;-36,79982;-73,05899;22,1;39,76;456;0;0;0;1;61;14532;344,9;-3,4;0
2022-11-08 23:04:04;-36,79982;-73,05899;22,1;39,78;456;0;0;0;1;61;14532;344,9;-3,4;0
2022-11-08 23:04:34;-36,79982;-73,05899;22,1;39,8;456;0;0;0;1;61;14532;344,9;-3,4;0
2022-11-08 23:05:04;-36,79982;-73,05899;22,1;39,82;456;0;0;0;1;61;14532;344,9;-3,4;0
2022-11-08 23:05:34;-36,79982;-73,05899;22,1;39,84;456;0;0;0;1;61;14532;344,7;-3,4;0
2022-11-08 23:06:04;-36,79982;-73,05899;22,1;39,86;456;0;0;0;1;61;14532;344,7;-3,4;0
2022-11-08 23:06:34;-36,79982;-73,05899;22,1;39,88;456;0;0;0;1;61;14532;344,9;-3,4;0
2022-11-08 23:07:04;-36,79982;-73,05899;22,1;39,9;456;0;0;0;1;61;14532;344,9;-3,4;0
2022-11-08 23:07:34;-36,79982;-73,05899;22,1;39,92;456;0;0;0;1;61;14532;344,9;-3,4;0
2022-11-08 23:08:04;-36,79982;-73,05899;22,1;39,94;456;0;0;0;1;61;14532;344,9;-3,4;0
2022-11-08 23:08:34;-36,79982;-73,05899;22,1;39,96;456;0;0;0;1;61;14532;344,9;-3,4;0
2022-11-08 23:09:04;-36,79982;-73,05899;22,1;39,99;456;0;0;0;1;61;14532;344,9;-3,4;0
2022-11-08 23:09:34;-36,79982;-73,05899;22,1;40;456;0;0;0;1;61;14532;344,9;-3,5;0
2022-11-08 23:10:04;-36,79982;-73,05899;22,1;40,03;456;0;0;0;1;61;14532;344,9;-3,4;0
2022-11-08 23:10:34;-36,79982;-73,05899;22,1;40,05;456;0;0;0;1;61;14532;344,9;-3,4;0
2022-11-08 23:11:04;-36,79982;-73,05899;22,1;40,07;456;0;0;0;1;61;14532;344,9;-3,4;0
2022-11-08 23:11:34;-36,79982;-73,05899;22,1;40,09;456;0;0;0;1;61;14532;344,9;-3,4;0
2022-11-08 23:12:04;-36,79982;-73,05899;22,1;40,11;456;0;0;0;1;61;14532;344,9;-3,4;0
2022-11-08 23:12:34;-36,79982;-73,05899;22,1;40,13;456;0;0;0;1;61;14532;344,9;-3,4;0
2022-11-08 23:13:04;-36,79982;-73,05899;22,1;40,15;456;0;0;0;1;61;14532;344,9;-3,5;0
2022-11-08 23:13:34;-36,79982;-73,05899;22,1;40,17;456;0;0;0;1;61;14532;344,9;-3,4;0
2022-11-08 23:14:04;-36,79982;-73,05899;22,1;40,19;456;0;0;0;1;61;14532;344,9;-3,4;0
2022-11-08 23:14:34;-36,79982;-73,05899;22,1;40,21;456;0;0;0;1;61;14532;344,9;-3,4;0
2022-11-08 23:15:04;-36,79982;-73,05899;22,1;40,23;456;0;0;0;1;61;14532;344,9;-3,4;0
2022-11-08 23:15:34;-36,79982;-73,05899;22,1;40,25;456;0;0;0;1;61;14532;344,9;-3,4;0
2022-11-08 23:16:04;-36,79982;-73,05899;22,1;40,27;456;0;0;0;1;61;14532;344,9;-3,4;0
2022-11-08 23:16:34;-36,79982;-73,05899;22,1;40,29;456;0;0;0;1;61;14532;344,9;-3,4;0
2022-11-08 23:17:04;-36,79982;-73,05899;22,1;40,31;456;0;0;0;1;61;14532;344,9;-3,5;0
2022-11-08 23:17:34;-36,79982;-73,05899;22,1;40,33;456;0;0;0;1;61;14532;344,9;-3,5;0
2022-11-08 23:18:04;-36,79982;-73,05899;22,1;40,36;456;0;0;0;1;61;14532;344,9;-3,5;0
2022-11-08 23:18:34;-36,79982;-73,05899;22,1;40,38;456;0;0;0;1;61;14532;344,9;-3,4;0
2022-11-08 23:19:04;-36,79982;-73,05899;22,1;40,4;456;0;0;0;1;61;14532;344,9;-3,5;0
2022-11-08 23:19:34;-36,79982;-73,05899;22,1;40,42;456;0;0;0;1;61;14532;344,9;-3,5;0
2022-11-08 23:20:04;-36,79982;-73,05899;22,1;40,44;456;0;0;0;1;61;14532;344,9;-3,4;0
2022-11-08 23:20:34;-36,79982;-73,05899;22,1;40,46;456;0;0;0;1;61;14532;344,9;-3,5;0
2022-11-08 23:21:04;-36,79982;-73,05899;22,1;40,48;456;0;0;0;1;61;14532;344,9;-3,4;0
2022-11-08 23:21:34;-36,79982;-73,05899;22,1;40,5;456;0;0;0;1;61;14532;344,9;-3,4;0
2022-11-08 23:22:04;-36,79982;-73,05899;22,1;40,52;456;0;0;0;1;61;14532;344,9;-3,4;0
2022-11-08 23:22:34;-36,79982;-73,05899;22,1;40,54;456;0;0;0;1;61;14532;344,9;-3,4;0
2022-11-08 23:23:04;-36,79982;-73,05899;22,1;40,56;456;0;0;0;1;61;14532;344,9;-3,4;0
2022-11-08 23:23:34;-36,79982;-73,05899;22,1;40,58;456;0;0;0;1;61;14532;344,9;-3,4;0
2022-11-08 23:24:04;-36,79982;-73,05899;22,1;40,61;456;0;0;0;1;61;14532;344,9;-3,4;0
2022-11-08 23:24:34;-36,79982;-73,05899;22,1;40,63;456;0;0;0;1;61;14532;344,9;-3,4;0
2022-11-08 23:25:04;-36,79982;-73,05899;22,1;40,65;456;0;0;0;1;61;14532;344,9;-3,4;0
2022-11-08 23:25:34;-36,79982;-73,05899;22,1;40,67;456;0;0;0;1;61;14532;344,9;-3,4;0
2022-11-08 23:26:04;-36,79982;-73,05899;22,1;40,69;456;0;0;0;1;61;14532;344,9;-3,4;0
2022-11-08 23:26:34;-36,79982;-73,05899;22,1;40,71;456;0;0;0;1;61;14532;344,9;-3,4;0
2022-11-08 23:27:04;-36,79982;-73,05899;22,1;40,73;456;0;0;0;1;61;14532;344,9;-3,4;0
2022-11-08 23:27:34;-36,79982;-73,05899;22,1;40,75;456;0;0;0;1;61;14532;344,9;-3,4;0
2022-11-08 23:28:04;-36,79982;-73,05899;22,1;40,77;456;0;0;0;1;61;14532;344,9;-3,4;0
2022-11-08 23:28:34;-36,79982;-73,05899;22,1;40,79;456;0;0;0;1;61;14532;344,9;-3,5;0
2022-11-08 23:29:04;-36,79982;-73,05899;22,1;40,81;456;0;0;0;1;61;14532;344,9;-3,5;0
2022-11-08 23:29:34;-36,79982;-73,05899;22,1;40,83;456;0;0;0;1;61;14532;344,9;-3,5;0
2022-11-08 23:30:04;-36,79982;-73,05899;22,1;40,85;456;0;0;0;1;61;14532;344,9;-3,4;0
2022-11-08 23:30:34;-36,79982;-73,05899;22,1;40,88;456;0;0;0;1;61;14532;344,9;-3,4;0
2022-11-08 23:31:04;-36,79982;-73,05899;22,1;40,89;456;0;0;0;1;61;14532;344,9;-3,4;0
2022-11-08 23:31:34;-36,79982;-73,05899;22,1;40,92;456;0;0;0;1;61;14532;344,9;-3,4;0
2022-11-08 23:32:04;-36,79982;-73,05899;22,1;40,94;456;0;0;0;1;61;14532;344,9;-3,4;0
2022-11-08 23:32:34;-36,79982;-73,05899;22,1;40,96;456;0;0;0;1;61;14532;344,9;-3,4;0
2022-11-08 23:33:04;-36,79982;-73,05899;22,1;40,98;456;0;0;0;1;61;14532;344,9;-3,4;0
2022-11-08 23:33:34;-36,79982;-73,05899;22,1;41;456;0;0;0;1;61;14532;344,9;-3,4;0
2022-11-08 23:34:04;-36,79982;-73,05899;22,1;41,02;456;0;0;0;1;61;14532;344,9;-3,4;0
2022-11-08 23:34:34;-36,79982;-73,05899;22,1;41,04;456;0;0;0;1;61;14532;344,9;-3,4;0
2022-11-08 23:35:04;-36,79982;-73,05899;22,1;41,06;456;0;0;0;1;61;14532;344,9;-3,5;0
2022-11-08 23:35:34;-36,79982;-73,05899;22,1;41,08;456;0;0;0;1;61;14532;344,9;-3,4;0
2022-11-08 23:36:04;-36,79982;-73,05899;22,1;41,1;456;0;0;0;1;61;14532;344,9;-3,4;0
2022-11-08 23:36:34;-36,79982;-73,05899;22,1;41,12;456;0;0;0;1;61;14532;344,9;-3,4;0
2022-11-08 23:37:04;-36,79982;-73,05899;22,1;41,14;456;0;0;0;1;61;14532;344,9;-3,4;0
2022-11-08 23:37:34;-36,79982;-73,05899;22,1;41,16;456;0;0;0;1;61;14532;344,9;-3,4;0
2022-11-08 23:38:04;-36,79982;-73,05899;22,1;41,18;456;0;0;0;1;61;14532;345;-3,4;0
2022-11-08 23:38:34;-36,79982;-73,05899;22,1;41,21;456;0;0;0;1;61;14532;344,9;-3,4;0
2022-11-08 23:39:04;-36,79982;-73,05899;22,1;41,22;456;0;0;0;1;61;14532;344,9;-3,4;0
2022-11-08 23:39:34;-36,79982;-73,05899;22,1;41,25;456;0;0;0;1;61;14532;344,9;-3,4;0
2022-11-08 23:40:04;-36,79982;-73,05899;22,1;41,27;456;0;0;0;1;61;14532;344,9;-3,4;0
2022-11-08 23:40:34;-36,79982;-73,05899;22,1;41,29;456;0;0;0;1;61;14532;344,9;-3,4;0
2022-11-08 23:41:04;-36,79982;-73,05899;22,1;41,3;456;0;0;0;1;61;14532;344,9;-3,4;0
2022-11-08 23:41:34;-36,79982;-73,05899;22,1;41,33;456;0;0;0;1;61;14532;344,9;-3,4;0
2022-11-08 23:42:04;-36,79982;-73,05899;22,1;41,35;456;0;0;0;1;61;14532;344,9;-3,4;0
2022-11-08 23:42:34;-36,79982;-73,05899;22,1;41,37;456;0;0;0;1;61;14532;345;-3,5;0
2022-11-08 23:43:04;-36,79982;-73,05899;22,1;41,39;456;0;0;0;1;61;14532;344,9;-3,5;0
2022-11-08 23:43:34;-36,79982;-73,05899;22,1;41,41;456;0;0;0;1;61;14532;344,9;-3,4;0
2022-11-08 23:44:04;-36,79982;-73,05899;22,1;41,43;456;0;0;0;1;61;14532;344,9;-3,5;0
2022-11-08 23:44:34;-36,79982;-73,05899;22,1;41,45;456;0;0;0;1;61;14532;344,9;-3,4;0
2022-11-08 23:45:04;-36,79982;-73,05899;22,1;41,47;456;0;0;0;1;61;14532;344,9;-3,4;0
2022-11-08 23:45:34;-36,79982;-73,05899;22,1;41,5;456;0;0;0;1;61;14532;345;-3,4;0
2022-11-08 23:46:04;-36,79982;-73,05899;22,1;41,52;456;0;0;0;1;61;14532;345;-3,4;0
2022-11-08 23:46:34;-36,79982;-73,05899;22,1;41,53;456;0;0;0;1;61;14532;344,9;-3,4;0
2022-11-08 23:47:04;-36,79982;-73,05899;22,1;41,56;456;0;0;0;1;61;14532;344,9;-3,4;0
2022-11-08 23:47:34;-36,79982;-73,05899;22,1;41,58;456;0;0;0;1;61;14532;344,9;-3,4;0
2022-11-08 23:48:04;-36,79982;-73,05899;22,1;41,6;456;0;0;0;1;61;14532;345;-3,4;0
2022-11-08 23:48:34;-36,79982;-73,05899;22,1;41,62;456;0;0;0;1;61;14532;345;-3,4;0
2022-11-08 23:49:04;-36,79982;-73,05899;22,1;41,64;456;0;0;0;1;61;14532;345;-3,5;0
2022-11-08 23:49:34;-36,79982;-73,05899;22,1;41,66;456;0;0;0;1;61;14532;345;-3,4;0
2022-11-08 23:50:04;-36,79982;-73,05899;22,1;41,68;456;0;0;0;1;61;14532;345;-3,4;0
2022-11-08 23:50:34;-36,79982;-73,05899;22,1;41,7;456;0;0;0;1;61;14532;344,9;-3,4;0
2022-11-08 23:51:04;-36,79982;-73,05899;22,1;41,73;456;0;0;0;1;61;14532;345;-3,5;0
2022-11-08 23:51:34;-36,79982;-73,05899;22,1;41,74;456;0;0;0;1;61;14532;344,9;-3,4;0
2022-11-08 23:52:04;-36,79982;-73,05899;22,1;41,77;456;0;0;0;1;61;14532;345;-3,5;0
2022-11-08 23:52:34;-36,79982;-73,05899;22,1;41,79;456;0;0;0;1;61;14532;345;-3,5;0
2022-11-08 23:53:04;-36,79982;-73,05899;22,1;41,81;456;0;0;0;1;61;14532;345;-3,4;0
2022-11-08 23:53:34;-36,79982;-73,05899;22,1;41,83;456;0;0;0;1;61;14532;345;-3,4;0
2022-11-08 23:54:04;-36,79982;-73,05899;22,1;41,85;456;0;0;0;1;61;14532;345;-3,4;0
2022-11-08 23:54:34;-36,79982;-73,05899;22,1;41,87;456;0;0;0;1;61;14532;345;-3,4;0
2022-11-08 23:55:04;-36,79982;-73,05899;22,1;41,89;456;0;0;0;1;61;14532;345;-3,4;0
2022-11-08 23:55:34;-36,79982;-73,05899;22,1;41,91;456;0;0;0;1;61;14532;345;-3,4;0
2022-11-08 23:56:04;-36,79982;-73,05899;22,1;41,93;456;0;0;0;1;61;14532;345;-3,5;0
2022-11-08 23:56:34;-36,79982;-73,05899;22,1;41,95;456;0;0;0;1;61;14532;345;-3,4;0
2022-11-08 23:57:04;-36,79982;-73,05899;22,1;41,97;456;0;0;0;1;61;14532;345,2;-3,4;0
2022-11-08 23:57:34;-36,79982;-73,05899;22,1;41,99;456;0;0;0;1;61;14532;344,9;-3,4;0
2022-11-08 23:58:04;-36,79982;-73,05899;22,1;42,02;456;0;0;0;1;61;14532;345;-3,3;0
2022-11-08 23:58:34;-36,79982;-73,05899;22,1;42,03;456;0;0;0;1;61;14532;345;-3,3;0
2022-11-08 23:59:04;-36,79982;-73,05899;22,1;42,05;456;0;0;0;1;61;14532;345;-3,3;0
2022-11-08 23:59:34;-36,79982;-73,05899;22,1;42,08;456;0;0;0;1;61;14532;344,9;-3,2;0
