fecha_hora;lat;lon;altitud;SOC;odometro;vel;AC;calefaccion;cargando;km_restantes;carga_bat_aux;voltaje;corriente;rpm
2022-11-04 10:02:47;-36,79632;-73,08105;19,2;52,76;107;0;0;0;0;119;12391;342,2;0;0
2022-11-04 10:03:17;-36,79632;-73,08105;19,2;52,76;107;0;0;0;0;119;14405;341,8;2,3;51
2022-11-04 10:03:47;-36,79632;-73,08105;13,7;52,73;107;9;0;0;0;119;14532;341,4;2,5;538
2022-11-04 10:04:14;-36,79632;-73,08105;12,5;52,7;107;4;0;0;0;119;14532;341,4;1;179
2022-11-04 10:04:44;-36,79683;-73,08066;12;52,64;107;21;0;0;0;119;14532;336,8;33,7;1350
2022-11-04 10:05:14;-36,79673;-73,08089;10,4;52,63;107;0;0;0;0;119;14532;341;0,8;0
2022-11-04 10:05:47;-36,79673;-73,08089;10,4;52,62;107;0;0;0;0;119;14532;341,1;0,8;0
2022-11-04 10:06:17;-36,79655;-73,08094;10,4;52,62;107;0;0;0;0;118;14532;341,3;0,6;0
2022-11-04 10:23:41;-36,79655;-73,08094;11,5;52,61;107;0;0;0;0;118;12391;342,1;0;0
2022-11-04 10:24:11;-36,79655;-73,08094;11,5;52,61;107;0;0;0;0;118;14405;341,8;1,4;0
2022-11-04 10:24:41;-36,79655;-73,08094;11,5;52,59;107;3;0;0;0;118;14405;340,8;6,3;260
2022-11-04 10:25:17;-36,79655;-73,08094;11,5;52,56;107;0;0;0;0;118;14405;341;1,9;0
2022-11-04 10:25:41;-36,79655;-73,08094;9,9;52,51;107;14;0;0;0;118;14405;336,9;26,8;882
2022-11-04 10:26:11;-36,79743;-73,08115;11,9;52,39;107;19;0;0;0;118;14405;341,8;-13,5;1009
2022-11-04 10:26:41;-36,80169;-73,0786;10,1;52,1;108;62;0;0;0;117;14405;337,7;4,9;3791
2022-11-04 10:27:11;-36,80169;-73,0786;10,1;52,06;108;44;0;0;0;117;14405;328,3;79,9;2740
2022-11-04 10:27:41;-36,80536;-73,07535;13,2;51,86;108;42;0;0;0;117;14405;340,8;-56,6;2451
2022-11-04 10:28:11;-36,80802;-73,07109;13,9;51,8;109;22;0;0;0;116;14405;340,5;-18,4;1220
2022-11-04 10:28:41;-36,80802;-73,07109;14,3;51,67;109;15;0;0;0;116;14405;338,6;0;862
2022-11-04 10:29:11;-36,80945;-73,06742;11,7;51,52;109;42;0;0;0;116;14405;329,7;61,1;2568
2022-11-04 10:29:41;-36,80705;-73,07015;14,2;51,46;110;20;0;0;0;116;14532;340,2;-18,2;1125
2022-11-04 10:30:11;-36,80705;-73,07015;12;51,42;110;0;0;0;0;116;14405;338,6;1,2;0
2022-11-04 10:30:41;-36,80652;-73,07168;12,2;51,41;110;1;0;0;0;116;14405;338,6;4,5;162
2022-11-04 10:31:11;-36,80682;-73,07197;14,3;51,38;110;0;0;0;0;116;14405;339,3;1,3;0
2022-11-04 10:31:41;-36,80682;-73,07197;14,3;51,37;110;0;0;0;0;116;14405;339,3;1,2;0
2022-11-04 10:32:11;-36,80682;-73,07197;14,3;51,36;110;0;0;0;0;116;14405;339,6;1;0
2022-11-04 10:32:41;-36,80682;-73,07197;14,3;51,35;110;0;0;0;0;116;14405;339,6;1,2;0
2022-11-04 10:33:11;-36,80682;-73,07197;18,4;51,3;110;12;0;0;0;115;14405;337,7;13,8;770
2022-11-04 10:35:44;-36,80665;-73,07252;17,8;51,3;110;0;0;0;0;115;12526;340,3;0;0
2022-11-04 10:40:53;-36,80665;-73,07252;14,1;51,26;110;14;0;0;0;115;12931;340,2;-2,8;809
2022-11-04 10:40:53;-36,80609;-73,07226;14,1;51,25;110;4;0;0;0;115;12931;339,6;3,2;222
2022-11-04 10:41:47;-36,80609;-73,07226;14,1;51,23;110;6;0;0;0;115;12796;339,3;6,5;418
2022-11-04 10:41:47;-36,80609;-73,07226;14,1;51,21;110;4;0;0;0;115;12796;339,6;2,6;273
2022-11-04 10:41:53;-36,80697;-73,07096;14,1;51,15;110;0;0;0;0;115;12796;339,6;1,3;0
2022-11-04 10:41:53;-36,80697;-73,07096;14,1;50,96;110;53;0;0;0;115;12796;331;54,3;3220
2022-11-04 10:41:53;-36,80779;-73,06895;14,1;50,87;111;20;0;0;0;114;12796;333,3;24,9;1218
2022-11-04 10:41:56;-36,80796;-73,0652;14,1;50,75;111;18;0;0;0;114;12796;340,3;-11,5;1011
2022-11-04 10:42:38;-36,80784;-73,0632;14,1;50,75;111;0;0;0;0;114;12391;340,2;0;0
2022-11-04 10:43:05;-36,80784;-73,0632;17;50,68;111;32;0;0;0;114;14532;333;41;1972
2022-11-04 10:43:38;-36,80659;-73,06288;17,7;50,59;111;39;0;0;0;114;14405;330;67;2370
2022-11-04 10:44:08;-36,80659;-73,06288;8,7;50,43;112;56;0;0;0;114;14405;333;34,9;3459
2022-11-04 10:44:35;-36,80659;-73,06771;7,2;50,34;112;44;0;0;0;113;14405;328,2;84,4;2700
2022-11-04 10:45:08;-36,80529;-73,07311;9,3;50,28;112;10;0;0;0;113;14405;338,3;2;636
2022-11-04 10:45:35;-36,80529;-73,07311;4,6;50,17;113;31;0;0;0;113;14405;343,2;-39,1;1766
2022-11-04 10:46:08;-36,80438;-73,07666;4,9;50;113;52;0;0;0;112;14405;336,8;5,3;3165
2022-11-04 10:46:35;-36,80208;-73,07313;6,7;50,04;113;9;0;0;0;113;14405;337,8;5,4;538
2022-11-04 10:47:08;-36,80208;-73,07313;5,9;49,92;113;43;0;0;0;113;14405;340,8;47,6;2536
2022-11-04 10:47:35;-36,801;-73,07147;4,8;49,89;113;13;0;0;0;112;14405;339,1;-2,5;724
2022-11-04 10:48:05;-36,79913;-73,06979;7,7;49,55;114;70;0;0;0;112;14405;326,3;81;4342
2022-11-04 10:48:38;-36,79913;-73,06979;9,2;49,53;114;37;0;0;0;112;14405;338,8;19;2208
2022-11-04 10:49:05;-36,7941;-73,06884;7,1;49,42;114;39;0;0;0;112;14405;317,7;172,9;2567
2022-11-04 10:49:38;-36,7946;-73,06805;19,6;49,11;115;45;0;0;0;111;14405;335,7;-2,9;2699
2022-11-04 10:50:08;-36,7946;-73,06805;15,7;49,06;115;46;0;0;0;111;14405;348;-88,6;2656
2022-11-04 10:50:35;-36,79486;-73,06559;20,8;48,97;115;21;0;0;0;111;14405;334,6;27,1;1281
2022-11-04 10:51:05;-36,79571;-73,06575;12,8;48,81;116;63;0;0;0;110;14405;341,6;-64,6;3801
2022-11-04 10:51:35;-36,79571;-73,06575;9,2;48,81;116;30;0;0;0;110;14405;334,4;43,9;1827
2022-11-04 10:52:08;-36,79213;-73,06954;2,5;48,72;116;41;0;0;0;110;14405;342,4;-17,8;2403
2022-11-04 10:52:35;-36,79308;-73,06749;9,4;48,71;116;23;0;0;0;110;14405;341,6;-27,5;1301
2022-11-04 10:53:08;-36,79308;-73,06749;8,7;48,62;117;24;0;0;0;110;14405;328,9;77,8;1578
2022-11-04 10:53:35;-36,79238;-73,06468;6,1;48,56;117;12;0;0;0;109;14405;338,8;-0,8;626
2022-11-04 10:54:05;-36,7909;-73,06383;9;48,53;117;2;0;0;0;109;14405;338,8;1,8;148
2022-11-04 11:10:11;-36,79093;-73,0639;14,2;48,51;117;0;0;0;0;109;14405;340,3;1,5;0
2022-11-04 11:10:14;-36,79093;-73,0639;15,3;48,51;117;2;0;0;0;109;14405;339,9;1,8;133
2022-11-04 11:10:14;-36,79092;-73,06388;15,3;48,49;117;12;0;0;0;109;14405;337,1;23,3;794
2022-11-04 11:10:17;-36,79092;-73,06388;16;48,42;117;21;0;0;0;109;14405;341,1;-13,5;1195
2022-11-04 11:10:17;-36,78999;-73,06303;16;48,4;117;2;0;0;0;109;14405;339,6;1,3;167
2022-11-04 11:10:20;-36,78965;-73,06402;16,7;48,38;117;0;0;0;0;109;14405;339,7;0,8;0
2022-11-04 11:10:23;-36,78965;-73,06402;16,7;48,23;117;49;0;0;0;108;14405;334,7;74,3;2959
2022-11-04 11:10:23;-36,78994;-73,06275;16,7;48,29;117;0;0;0;0;109;14405;339,7;0,8;0
2022-11-04 11:10:26;-36,79034;-73,06163;16,7;48,16;118;43;0;0;0;108;14405;342,7;-4,4;2524
2022-11-04 11:10:26;-36,79034;-73,06163;16,7;48,17;118;21;0;0;0;108;14405;334,2;48;1306
2022-11-04 11:10:26;-36,78923;-73,05769;16,7;48,07;118;36;0;0;0;108;14405;337,4;10,6;2158
2022-11-04 11:10:29;-36,7876;-73,05465;16,7;47,9;118;50;0;0;0;108;14405;334,7;-2;3010
2022-11-04 11:10:29;-36,7876;-73,05465;16,7;47,69;119;51;0;0;0;108;14405;320,7;128;3194
2022-11-04 11:10:32;-36,78215;-73,05317;16,7;47,58;119;21;0;0;0;107;14405;341,3;-26,5;1150
2022-11-04 11:10:32;-36,78036;-73,04929;16,7;47,42;119;44;0;0;0;107;14405;329,2;72,6;2647
2022-11-04 11:10:32;-36,78036;-73,04929;16,7;47,31;120;3;0;0;0;107;14405;338;1,2;137
2022-11-04 11:10:35;-36,78056;-73,0464;17,1;47,11;120;57;0;0;0;106;14405;330,8;79;3517
2022-11-04 11:10:35;-36,78061;-73,04208;17,1;47,05;120;28;0;0;0;106;14405;342,1;-39,4;1377
2022-11-04 11:10:41;-36,78061;-73,04208;19,1;46,88;120;4;0;0;0;105;14405;337,7;1,3;55
2022-11-04 11:10:44;-36,78139;-73,04066;19,9;46,85;120;24;0;0;0;105;14405;341,9;-28,4;1403
2022-11-04 11:10:44;-36,78124;-73,04183;19,9;46,86;120;20;0;0;0;105;14405;336,1;23,5;1242
2022-11-04 11:10:47;-36,78124;-73,04183;20,5;46,76;120;23;0;1;0;105;14405;322,1;136,7;2003
2022-11-04 11:11:11;-36,78251;-73,04189;33;46,56;121;28;0;1;0;105;14405;339,4;-24,4;1517
2022-11-04 11:11:41;-36,78225;-73,04069;31,9;46,53;121;30;0;1;0;105;14405;343,8;-47;1676
2022-11-04 11:12:11;-36,78225;-73,04069;18,9;46,54;121;27;0;1;0;105;14405;342,8;-35,6;1401
2022-11-04 11:12:41;-36,78114;-73,0418;11,1;46,49;121;20;0;1;0;105;14405;338,9;-2,1;1153
2022-11-04 11:13:11;-36,77948;-73,04066;8,6;46,47;121;0;0;1;0;104;14405;339,3;1,2;0
2022-11-04 11:13:41;-36,77948;-73,04066;10,8;46,43;121;11;0;1;0;104;14405;338,9;2,2;541
2022-11-04 11:14:11;-36,77981;-73,04108;11,8;46,39;121;0;0;1;0;104;14405;339,3;0,7;0
2022-11-04 11:14:41;-36,77983;-73,04111;11,8;46,39;121;0;0;1;0;104;14532;339,7;0,7;0
2022-11-04 11:15:11;-36,77983;-73,04111;11,8;46,38;121;5;0;1;0;104;14532;339,7;1,1;342
2022-11-04 11:19:02;-36,77983;-73,04111;11,8;46,38;121;0;0;0;0;104;12526;340,3;0;0
2022-11-04 11:19:32;-36,77983;-73,04111;12,7;46,31;121;17;0;0;0;104;14405;335,2;37,7;1108
2022-11-04 11:20:02;-36,78052;-73,04298;12,3;46,2;122;21;0;0;0;104;14405;341,6;-13,7;1101
2022-11-04 11:20:32;-36,78052;-73,04298;6,5;46,1;122;14;0;0;0;104;14405;340,7;-3,8;939
2022-11-04 11:21:02;-36,78037;-73,04787;2,8;46,08;122;18;0;0;0;104;14405;332,2;62,6;1333
2022-11-04 11:21:32;-36,78074;-73,05107;4,2;46,03;122;16;0;0;0;104;14405;336,4;25;1021
2022-11-04 11:22:02;-36,78074;-73,05107;6,7;45,72;123;65;0;0;0;103;14405;340,7;-81,1;3858
2022-11-04 11:22:32;-36,78351;-73,05444;9,4;45,33;123;84;0;0;0;102;14405;339,4;-15,3;5175
2022-11-04 11:23:02;-36,7886;-73,05568;4,8;45,47;123;34;0;0;0;103;14405;338,3;11,2;2032
2022-11-04 11:23:32;-36,7886;-73,05568;8,5;45,42;124;31;0;0;0;102;14405;339,6;-12,2;1808
2022-11-04 11:24:02;-36,7894;-73,05841;10,4;45,33;124;26;0;0;0;102;14532;338,2;5,9;1488
2022-11-04 11:24:32;-36,79025;-73,06132;10,8;45,29;124;24;0;0;0;102;14532;340,2;1,3;1371
2022-11-04 11:25:02;-36,79025;-73,06132;12,5;45,29;124;0;0;0;0;102;14405;339,3;1,3;0
2022-11-04 11:25:32;-36,79008;-73,06214;12,5;45,27;124;0;0;0;0;102;14405;339,6;1,3;0
2022-11-04 11:26:02;-36,79008;-73,06214;12,5;45,22;124;28;0;0;0;102;14405;326,1;102,3;1916
2022-11-04 11:26:32;-36,79008;-73,06214;13,3;44,91;125;46;0;0;0;101;14405;349,9;-101,3;2432
2022-11-04 11:27:02;-36,7949;-73,06586;12,5;44,73;125;50;0;0;0;101;14405;332,2;33,3;3027
2022-11-04 11:27:32;-36,79652;-73,06412;29,9;44,39;125;54;0;0;0;100;14405;331,4;64,8;3340
2022-11-04 11:28:02;-36,79652;-73,06412;24,3;44,19;126;72;0;0;0;100;14405;328,6;66,3;4578
2022-11-04 11:28:32;-36,79952;-73,05805;21,7;43,92;126;80;0;0;0;99;14405;326,9;17,8;4993
2022-11-04 11:29:02;-36,79899;-73,04764;29,5;43,67;127;72;0;0;0;99;14405;330,3;55,1;4485
2022-11-04 11:29:32;-36,79899;-73,04764;13,7;43,64;128;61;0;0;0;99;14405;308,3;-510,5;4032
2022-11-04 11:30:02;-36,80406;-73,0397;21,2;43,2;128;76;0;1;0;98;14405;316,4;194;4882
2022-11-04 11:30:32;-36,80926;-73,03002;3,4;42,69;129;109;0;1;0;97;14405;324,7;66,5;6835
2022-11-04 11:31:02;-36,80926;-73,03002;10,1;42,57;130;77;0;1;0;96;14405;333,5;31,5;4780
2022-11-04 11:31:32;-36,81523;-73,02015;12,2;42,25;130;83;0;1;0;95;14405;347,8;-100;4982
2022-11-04 11:32:02;-36,81852;-73,01026;11,8;42,2;131;63;0;1;0;95;14405;351,6;-116,6;3596
2022-11-04 11:32:32;-36,81852;-73,01026;10;42,16;131;0;0;1;0;95;14405;338,8;1,2;0
2022-11-04 11:33:02;-36,82136;-73,00815;9,9;42,08;131;32;0;1;0;95;14405;330,2;67,1;2048
2022-11-04 11:33:32;-36,82405;-73,00884;13,3;42,01;132;31;0;1;0;95;14532;339,9;-39,4;1731
2022-11-04 11:34:02;-36,82405;-73,00884;10,4;41,97;132;25;0;1;0;95;14405;337,8;7,5;1484
2022-11-04 11:34:32;-36,82565;-73,00732;8,1;41,87;132;34;0;1;0;95;14405;337,8;10,3;2004
2022-11-04 11:35:02;-36,82846;-73,0062;9,2;41,82;132;29;0;1;0;95;14405;333;50,1;1899
2022-11-04 11:35:32;-36,82846;-73,0062;10,5;41,64;133;43;0;1;0;94;14405;340;-24,8;2517
2022-11-04 11:36:02;-36,83204;-73,00571;10,8;41,64;133;13;0;1;0;94;14405;338,9;1,6;312
2022-11-04 11:36:32;-36,833;-73,00504;13,3;41,58;133;9;0;1;0;94;14532;338,8;1,7;489
2022-11-04 11:37:02;-36,833;-73,00504;13,7;41,58;133;0;0;1;0;94;14405;339,3;1,2;0
2022-11-04 11:37:32;-36,83294;-73,0046;13,7;41,57;133;0;0;1;0;94;14405;339,4;1,2;0
2022-11-04 11:38:02;-36,83294;-73,0046;13,7;41,57;133;0;0;1;0;94;14405;339,6;1,2;0
2022-11-04 11:38:32;-36,83294;-73,0046;13,7;41,55;133;0;0;1;0;94;14405;339,6;1,3;0
2022-11-04 11:39:02;-36,83294;-73,0046;13,7;41,55;133;0;0;1;0;94;14405;339,6;1,2;0
2022-11-04 11:39:32;-36,83308;-73,00382;14,5;41,5;133;3;0;1;0;94;14405;337,1;16,8;369
2022-11-04 11:40:02;-36,83308;-73,00382;11,1;41,37;133;31;0;1;0;93;14405;335,2;32,4;1924
2022-11-04 11:40:32;-36,8351;-73,00164;11,9;41,37;133;0;0;1;0;93;14405;339,1;4,4;109
2022-11-04 11:41:02;-36,83607;-73,00104;13,8;41,28;133;31;0;1;0;93;14405;337,1;14,9;1868
2022-11-04 11:41:32;-36,83607;-73,00104;14,8;41,24;134;18;0;1;0;93;14405;333,9;77,6;1255
2022-11-04 11:42:02;-36,83654;-73,00325;16,1;41,15;134;27;0;1;0;93;14405;328,5;94,3;1772
2022-11-04 11:42:32;-36,83608;-73,00537;42,5;40,77;134;24;0;1;0;92;14532;337,2;-8,7;1297
2022-11-04 11:43:02;-36,83608;-73,00537;49,9;40,67;134;0;0;1;0;92;14405;338,3;1,2;0
2022-11-04 11:43:32;-36,83651;-73,00612;50,9;40,63;134;4;0;1;0;92;14405;338,2;3,8;191
2022-11-04 11:44:02;-36,83655;-73,00628;50,9;40,62;134;0;0;1;0;92;14405;339,3;0,9;0
2022-11-04 11:44:32;-36,83655;-73,00628;50,9;40,61;134;0;0;1;0;92;14405;339,6;1,2;0
2022-11-04 11:45:02;-36,83655;-73,00628;55;40,51;134;18;0;1;0;91;14532;332,2;57,5;1087
2022-11-04 11:45:32;-36,8368;-73,00839;74,8;40,25;134;7;0;1;0;91;14405;337,7;1,1;341
2022-11-04 11:46:02;-36,8368;-73,00839;74,9;40,24;134;0;0;1;0;91;14532;338,8;2;61
2022-11-04 11:46:32;-36,83682;-73,00876;74,7;40,22;134;13;0;1;0;91;14405;336,6;23,1;841
2022-11-04 11:47:02;-36,83705;-73,0095;74;40,22;134;3;0;1;0;91;14532;339,3;3,2;217
2022-11-04 11:47:32;-36,83705;-73,0095;74;40,2;134;4;0;1;0;91;14405;339,3;3,3;269
2022-11-04 11:48:02;-36,83705;-73,0095;74;40,17;134;4;0;1;0;91;14405;339,4;2,6;241
2022-11-04 11:48:32;-36,83703;-73,00941;80,1;40,16;134;3;0;1;0;91;14405;339,6;1,5;210
2022-11-04 11:49:02;-36,83703;-73,00941;80,1;40,14;134;0;0;1;0;91;14405;339,7;1,5;0
2022-11-04 11:49:32;-36,837;-73,00937;79,3;40,13;135;18;0;1;0;91;14532;340,8;-5,2;1151
2022-11-04 11:50:02;-36,83676;-73,00744;63,2;40,22;135;16;0;1;0;91;14532;341,8;-6,5;913
2022-11-04 11:50:32;-36,83676;-73,00744;59,2;40,22;135;0;0;1;0;91;14405;340,3;1,2;0
2022-11-04 11:51:02;-36,83664;-73,00669;59,2;40,21;135;0;0;1;0;91;14405;340,2;1,4;0
2022-11-04 11:51:32;-36,83651;-73,00602;47;40,24;135;18;0;1;0;91;14532;341;7,5;1118
2022-11-04 11:52:02;-36,83651;-73,00602;18,1;40,43;135;21;0;1;0;91;14405;344,7;-17,5;1130
2022-11-04 11:52:32;-36,83618;-73,00319;19,3;40,31;135;35;0;1;0;91;14405;336,3;32,7;2120
2022-11-04 11:53:02;-36,83489;-73,00501;16,7;40,31;135;28;0;1;0;91;14532;337,1;19,4;1720
2022-11-04 11:53:32;-36,83489;-73,00501;15,7;40,28;136;15;0;1;0;91;14405;339,7;6;896
2022-11-04 11:54:02;-36,83301;-73,00505;15,3;40,27;136;2;0;1;0;91;14405;339,7;4,8;205
2022-11-04 11:54:32;-36,83295;-73,00463;18,6;40,25;136;0;0;1;0;91;14405;340,2;1,2;0
2022-11-04 11:59:56;-36,83295;-73,00463;18,6;40,24;136;0;0;1;0;91;12391;340,8;6,4;0
2022-11-04 12:00:23;-36,83295;-73,00463;19,1;40,22;136;17;0;1;0;91;14405;341;-3,2;944
2022-11-04 12:00:53;-36,83311;-73,00378;17,7;40,16;136;19;0;1;0;91;14405;333,8;57,3;1287
2022-11-04 12:01:23;-36,83311;-73,00378;11,1;40,12;136;0;0;1;0;91;14405;340;1,3;0
2022-11-04 12:01:53;-36,83333;-73,00526;13,4;40,1;136;0;0;1;0;91;14405;340,2;2;0
2022-11-04 12:02:23;-36,8332;-73,00546;12,7;40,04;136;24;0;1;0;91;14405;331,6;85,9;1559
2022-11-04 12:02:53;-36,8332;-73,00546;16,1;39,96;136;0;0;1;0;90;14405;339,7;1,7;0
2022-11-04 12:03:23;-36,83092;-73,00579;15,8;39,82;136;32;0;1;0;90;14405;345,2;-54,3;1786
2022-11-04 12:03:53;-36,82733;-73,0063;15,2;39,71;137;37;0;1;0;90;14405;346,6;-65;2013
2022-11-04 12:04:23;-36,82733;-73,0063;15,3;39,59;137;42;0;1;0;90;14405;336,3;15,3;2564
2022-11-04 12:04:53;-36,8245;-73,00849;12,5;39,58;137;22;0;1;0;90;14405;341,9;-18;1182
2022-11-04 12:05:23;-36,82073;-73,00813;14,1;39,45;138;25;0;1;0;89;14405;341,4;-15,9;1435
2022-11-04 12:05:53;-36,82073;-73,00813;15,1;38,94;138;87;0;1;0;88;14405;329,9;61,6;5406
2022-11-04 12:06:23;-36,82008;-73,00272;17,2;38,99;139;6;0;1;0;88;14405;339,9;1,4;218
2022-11-04 12:06:53;-36,82093;-72,99578;18,8;38,59;139;73;0;1;0;87;14405;327,5;54;4531
2022-11-04 12:07:23;-36,82093;-72,99578;15,9;37,76;140;116;0;1;0;86;14405;320,8;122;7228
2022-11-04 12:07:53;-36,819;-73,0068;18,1;37,51;140;100;0;1;0;85;14405;311,1;-581,8;6325
2022-11-04 12:08:23;-36,81582;-73,01892;17;37,21;141;88;0;1;0;84;14405;339,1;-28,3;5392
2022-11-04 12:08:53;-36,81582;-73,01892;15,2;37,36;142;11;0;1;0;84;14405;337,1;18,1;749
2022-11-04 12:09:23;-36,81582;-73,01892;16,1;37,2;142;44;0;1;0;84;14405;339,3;-48;2580
2022-11-04 12:09:53;-36,80818;-73,02483;14,3;37,09;142;22;0;1;0;84;14405;334,4;45;1404
2022-11-04 12:10:23;-36,80818;-73,02483;17,3;37,07;142;0;0;1;0;84;14532;338,3;4,9;0
2022-11-04 12:10:53;-36,80898;-73,02406;18,9;37,05;142;3;0;1;0;84;14532;339,1;1,1;180
2022-11-04 12:14:44;-36,809;-73,02411;21,2;37,04;142;0;0;0;0;84;12526;340,2;2,4;0
2022-11-04 12:15:14;-36,809;-73,02411;21,2;37,04;142;0;0;0;0;84;14405;339,9;2,6;0
2022-11-04 12:15:44;-36,809;-73,02411;21,2;36,96;142;33;0;1;0;83;14405;337,5;25;2000
2022-11-04 12:16:14;-36,80784;-73,02422;22,6;36,78;143;54;0;1;0;83;14405;325,8;115,4;3429
2022-11-04 12:16:44;-36,80784;-73,02422;18,2;36,79;143;9;0;1;0;83;14532;337,1;1,6;613
2022-11-04 12:17:14;-36,80428;-73,02461;18,4;36,74;143;0;0;1;0;83;14405;339,6;1,5;0
2022-11-04 12:17:44;-36,8036;-73,0249;18,4;36,74;143;0;0;1;0;83;14405;339,7;1,2;0
2022-11-04 12:18:14;-36,8036;-73,0249;17,1;36,28;143;82;0;1;0;82;14405;333,9;16,9;5059
2022-11-04 12:18:44;-36,8073;-73,02438;18,9;36,35;144;39;0;1;0;82;14532;343,3;-41,8;2275
2022-11-04 12:19:14;-36,80971;-73,02884;17,3;36,08;144;70;0;1;0;82;14405;319,7;172,8;4446
2022-11-04 12:19:44;-36,80971;-73,02884;30;35,58;145;77;0;1;0;80;14532;334,9;10;4782
2022-11-04 12:20:14;-36,80547;-73,03764;22;35,42;146;82;0;1;0;80;14532;334,9;13,4;5086
2022-11-04 12:20:44;-36,79917;-73,04501;38,1;34,91;146;92;0;1;0;79;14532;320,2;128,6;5817
2022-11-04 12:21:14;-36,79917;-73,04501;29,9;34,89;147;58;0;1;0;79;14405;332,8;79,3;3613
2022-11-04 12:21:44;-36,79945;-73,05614;32,3;34,83;147;37;0;1;0;79;14405;337,5;31,9;2223
2022-11-04 12:22:14;-36,79762;-73,06155;33,9;34,69;148;30;0;1;0;78;14532;343,5;-49,8;1654
2022-11-04 12:22:44;-36,79762;-73,06155;26,2;34,68;148;39;0;1;0;79;14532;340,2;-21,6;2308
2022-11-04 12:23:14;-36,79551;-73,06623;19,2;34,58;149;18;0;1;0;78;14405;341,1;-13,3;925
2022-11-04 12:23:44;-36,79203;-73,06971;16,8;34,56;149;0;0;1;0;78;14405;339,3;1,4;0
2022-11-04 12:24:14;-36,79203;-73,06971;12,9;34,54;149;0;0;1;0;78;14405;339,3;1,8;0
2022-11-04 12:24:44;-36,79234;-73,06933;11,6;34,35;149;49;0;1;0;78;14532;330,5;70;3053
2022-11-04 12:25:14;-36,79304;-73,06514;15,3;34,35;149;0;0;1;0;78;14405;339,3;1,2;0
2022-11-04 12:25:44;-36,79304;-73,06514;16,2;34,3;149;20;0;1;0;78;14405;337,7;10,2;1167
2022-11-04 12:26:14;-36,79168;-73,06389;15,5;34,25;149;0;0;1;0;77;14405;339,3;1,3;0
2022-11-04 13:10:08;-36,79083;-73,06389;14,9;34,22;149;0;0;1;0;77;12661;341,3;0,5;0
2022-11-04 13:10:38;-36,79083;-73,06389;16,9;34,2;149;0;0;1;0;77;14270;340,7;3,7;0
2022-11-04 13:11:08;-36,79096;-73,06364;18,1;34,08;150;40;0;1;0;77;14405;338,2;39,7;2428
2022-11-04 13:11:38;-36,79014;-73,06269;18,9;34,05;150;29;0;1;0;77;14405;329,6;89,4;1847
2022-11-04 13:12:08;-36,79014;-73,06269;19;33,97;150;20;0;1;0;77;14405;339,4;7,8;1159
2022-11-04 13:12:38;-36,79253;-73,06408;19,6;33,77;150;37;0;1;0;76;14405;348;-82,8;2087
2022-11-04 13:13:08;-36,79535;-73,06732;23,5;33,61;151;25;0;1;0;76;14405;337,5;14,9;1454
2022-11-04 13:13:38;-36,79535;-73,06732;29,9;33,46;151;31;0;1;0;76;14405;336,4;29,7;1834
2022-11-04 13:14:08;-36,79648;-73,0644;35,9;33,36;151;30;0;1;0;76;14405;335,7;30;1821
2022-11-04 13:14:38;-36,79849;-73,06022;39,2;33,21;151;34;0;1;0;75;14405;346,9;-78,2;1912
2022-11-04 13:15:08;-36,79849;-73,06022;30;33,23;152;20;0;1;0;75;14405;341,3;-16,5;1130
2022-11-04 13:15:38;-36,80017;-73,05767;25,6;33,18;152;17;0;1;0;75;14405;341,1;-12,2;929
2022-11-04 13:16:08;-36,80248;-73,05595;21,9;33,07;152;34;0;1;0;75;14405;340,8;6,8;1997
2022-11-04 13:16:38;-36,80248;-73,05595;22,2;33,06;152;20;0;1;0;75;14405;340,2;1,5;1165
2022-11-04 13:17:08;-36,8033;-73,05543;22,1;33,06;152;0;0;1;0;75;14405;339,9;1,3;0
2022-11-04 13:17:38;-36,8034;-73,05549;22,1;33,05;152;0;0;1;0;75;14405;340;1,4;0
2022-11-04 13:18:08;-36,8034;-73,05549;21,2;33,04;152;0;0;1;0;75;14405;340,2;1,3;0
2022-11-04 13:18:38;-36,80378;-73,05576;21,2;33,04;152;0;0;1;0;75;14405;340,2;1,3;0
2022-11-04 13:19:08;-36,80409;-73,05536;33,6;33;152;0;0;1;0;75;14405;340;1,5;0
2022-11-04 13:19:38;-36,80409;-73,05536;33,6;32,99;152;0;0;1;0;75;14405;340,3;1,5;0
2022-11-04 13:20:08;-36,80409;-73,05493;36,3;32,94;152;0;0;1;0;75;14405;340;1,5;0
2022-11-04 13:20:38;-36,80409;-73,05492;36,3;32,94;152;0;0;0;0;72;14405;340;3,4;0
2022-11-04 13:21:08;-36,80409;-73,05492;34,6;32,86;152;0;0;1;0;74;14405;339,9;1,3;0
2022-11-04 13:21:38;-36,8033;-73,05509;34,2;32,83;152;0;0;1;0;74;14405;339,9;1,3;0
2022-11-04 13:22:08;-36,80209;-73,05612;28,9;32,67;153;45;0;1;0;74;14405;346,3;-80;2403
2022-11-04 13:22:38;-36,80209;-73,05612;17,6;32,69;153;12;0;1;0;74;14405;340,5;0,5;677
2022-11-04 13:23:08;-36,80377;-73,05858;14,7;32,57;153;40;0;1;0;74;14532;345;-26,1;2231
2022-11-04 13:23:38;-36,80429;-73,06295;15,5;32,5;153;34;0;1;0;74;14405;344,4;-19,5;1877
2022-11-04 13:24:08;-36,80429;-73,06295;16,8;32,35;154;37;0;1;0;73;14405;345;-62,7;1859
2022-11-04 13:24:38;-36,80628;-73,06571;22,4;32,28;154;0;0;1;0;73;14405;338,9;1,5;0
2022-11-04 13:25:08;-36,80658;-73,06658;18,3;32,22;154;22;0;1;0;73;14532;339,9;-22,4;1264
2022-11-04 13:25:41;-36,80658;-73,06658;17,2;32,04;154;42;0;1;0;73;14405;345,7;-53,8;2332
2022-11-04 13:26:08;-36,80566;-73,07211;13,1;31,93;154;39;0;1;0;72;14405;334,6;35,4;2370
2022-11-04 13:26:38;-36,80553;-73,07503;13,7;31,8;155;55;0;1;0;72;14532;326,6;116;3546
2022-11-04 13:27:08;-36,80553;-73,07503;15,8;31,74;155;45;0;1;0;72;14405;339,9;-15,8;2675
2022-11-04 13:27:38;-36,80159;-73,07866;16,2;31,57;155;47;0;1;0;71;14405;346,1;-85,7;2622
2022-11-04 13:28:08;-36,79787;-73,08095;14,9;31,53;156;38;0;1;0;71;14405;338,8;-6,4;2246
2022-11-04 13:28:38;-36,79787;-73,08095;14,9;31,49;156;36;0;1;0;71;14405;343,3;-9;2020
2022-11-04 13:29:08;-36,79646;-73,08035;19,4;31,48;156;0;0;1;0;71;14405;339,3;1,1;0
2022-11-04 13:29:38;-36,79653;-73,08041;19,4;31,47;156;5;0;1;0;71;14405;337,1;23,5;525
2022-11-04 13:30:08;-36,79653;-73,08041;17;31,43;156;0;0;1;0;71;14405;339,6;1,1;0
2022-11-04 13:30:38;-36,79657;-73,08104;17;31,42;156;0;0;1;0;71;14405;339,7;1,1;0
2022-11-04 13:31:08;-36,79657;-73,08104;17;31,42;156;0;0;1;0;71;14405;339,9;1,2;0
2022-11-04 13:31:38;-36,79657;-73,08104;17;31,41;156;0;0;1;0;71;14405;339,9;1,3;0
2022-11-04 13:32:08;-36,79657;-73,08104;17;31,39;156;0;0;1;0;71;14405;339,7;1,1;0
2022-11-04 13:39:50;-36,79655;-73,08092;17,7;31,36;156;0;0;1;0;71;14532;340,5;1,2;0
2022-11-04 13:40:20;-36,79655;-73,08092;17,7;31,34;156;12;0;1;0;71;14532;339,3;12,7;795
2022-11-04 13:40:50;-36,79655;-73,08092;19,3;31,33;156;4;0;1;0;71;14532;340,3;1;135
2022-11-04 13:41:20;-36,79625;-73,08123;18,8;31,31;156;0;0;1;0;71;14532;340,3;2,4;0
2022-11-04 14:52:38;-36,79627;-73,08119;18,8;31,29;156;0;0;0;0;71;12661;341,4;0;0
2022-11-04 14:53:08;-36,79627;-73,08119;18,8;31,27;156;0;0;0;0;71;14405;341,3;1,5;0
2022-11-04 14:53:38;-36,79627;-73,08119;18,8;31,26;156;1;0;0;0;71;14532;341,1;3,7;105
2022-11-04 14:54:08;-36,79627;-73,08119;13,4;31,22;156;11;0;0;0;71;14532;341;0,5;630
2022-11-04 14:54:38;-36,79667;-73,08111;11,3;31,22;156;0;0;0;0;71;14532;341,1;0,7;0
2022-11-04 14:55:08;-36,79669;-73,08091;11,3;31,21;156;0;0;0;0;71;14532;341;1,2;0
2022-11-04 14:55:38;-36,79669;-73,08091;11,3;31,2;156;0;0;0;0;71;14532;341,1;0,6;0
2022-11-04 14:56:08;-36,79669;-73,08091;11,3;31,2;156;0;0;0;0;71;14532;341,3;0,6;0
2022-11-04 14:56:38;-36,79669;-73,08091;11,3;31,19;156;0;0;0;0;71;14532;341,3;0,6;0
2022-11-04 14:57:08;-36,79669;-73,08091;11,3;31,19;156;0;0;0;0;71;14532;341,3;1;0
2022-11-04 14:57:38;-36,79669;-73,08091;11,3;31,19;156;0;0;0;0;71;14532;341,3;0,6;0
2022-11-04 14:58:08;-36,79669;-73,08091;11,3;31,18;156;0;0;0;0;71;14532;341,1;0,6;0
2022-11-04 14:58:38;-36,79669;-73,08091;11,3;31,18;156;0;0;0;0;71;14532;341,3;0,6;0
2022-11-04 14:59:08;-36,79669;-73,08091;11,3;31,18;156;0;0;0;0;71;14532;341,3;0,6;0
2022-11-04 14:59:38;-36,79669;-73,08091;11,3;31,17;156;0;0;0;0;71;14532;341,3;0,6;0
2022-11-04 15:00:08;-36,79669;-73,08091;11,3;31,17;156;0;0;0;0;71;14532;341,1;0,5;0
2022-11-04 15:00:38;-36,79669;-73,08091;11,3;31,16;156;6;0;0;0;71;14532;341,1;1;388
2022-11-04 15:01:08;-36,79669;-73,08091;11,3;31,16;156;0;0;0;0;71;14532;341,3;0,7;0
2022-11-04 15:01:38;-36,79669;-73,08091;11,3;31,15;156;0;0;0;0;71;14532;341,1;0,8;0
2022-11-04 15:02:08;-36,79669;-73,08091;11,3;31,15;156;0;0;0;0;71;14532;341,3;0,6;0
2022-11-04 15:02:38;-36,79669;-73,08091;11,3;31,15;156;0;0;0;0;71;14532;341,3;0,6;0
2022-11-04 15:03:08;-36,79669;-73,08091;11,8;31,11;156;0;0;0;0;71;14532;340,8;0,7;0
2022-11-04 15:03:38;-36,79688;-73,08135;10,8;30,92;157;45;0;0;0;71;14532;348;-103,3;2259
2022-11-04 15:04:08;-36,80067;-73,07926;7,1;30,62;157;69;0;0;0;70;14532;339,9;24;4244
2022-11-04 15:04:38;-36,80067;-73,07926;9;30,69;157;13;0;0;0;70;14532;330,2;72,7;1236
2022-11-04 15:05:08;-36,80412;-73,07703;14,4;30,49;158;44;0;0;0;69;14532;328,2;11,9;2797
2022-11-04 15:05:38;-36,80721;-73,07244;17,1;30,43;158;28;0;0;0;69;14532;336,6;0;1631
2022-11-04 15:06:08;-36,80721;-73,07244;17,3;30,33;158;37;0;0;0;69;14532;320,2;-608;2615
2022-11-04 15:06:38;-36,8086;-73,07033;18,9;30,24;158;7;0;0;0;69;14532;339,1;1;284
2022-11-04 15:07:08;-36,81081;-73,06717;16,5;30,14;159;33;0;0;0;69;14532;343,6;1,9;1853
2022-11-04 15:07:38;-36,81081;-73,06717;13,7;30,08;159;39;0;0;0;68;14532;340,3;-0,4;2271
2022-11-04 15:08:08;-36,81384;-73,06538;13,4;29,97;159;42;0;0;0;68;14532;345,8;-73;2249
2022-11-04 15:08:38;-36,81679;-73,06222;16;29,75;160;52;0;0;0;67;14532;346,4;-36,8;2936
2022-11-04 15:09:08;-36,81679;-73,06222;16,8;29,76;160;0;0;0;0;68;14532;338,8;0,7;0
2022-11-04 15:09:38;-36,81891;-73,06096;16,8;29,76;160;0;0;0;0;67;14532;339,4;0,5;0
2022-11-04 15:10:08;-36,81891;-73,06096;16,8;29,76;160;0;0;0;0;67;14532;339,6;0,5;0
2022-11-04 15:10:38;-36,81891;-73,06096;16,8;29,75;160;0;0;0;0;67;14532;339,7;0,8;0
2022-11-04 15:11:08;-36,81891;-73,06096;16,8;29,74;160;0;0;0;0;67;14405;339,6;1,5;0
2022-11-04 15:11:38;-36,81891;-73,06096;16,8;29,72;160;0;0;0;0;67;14405;339,6;2,2;0
2022-11-04 15:20:44;-36,81892;-73,06097;31,9;29,71;160;0;0;0;0;67;12526;340,8;0;0
2022-11-04 15:21:14;-36,81892;-73,06097;25,9;29,7;160;7;0;0;0;67;14405;338,8;13,5;586
2022-11-04 15:21:44;-36,81882;-73,06097;23,7;29,59;160;32;0;0;0;67;14532;344,7;-53,2;1722
2022-11-04 15:22:14;-36,81704;-73,06214;18,8;29,52;160;31;0;0;0;67;14405;344,1;-52,2;1707
2022-11-04 15:22:44;-36,81704;-73,06214;20,2;29,53;160;0;0;0;0;67;14532;340,2;0,8;0
2022-11-04 15:23:14;-36,81568;-73,06145;20,2;29,52;160;1;0;0;0;67;14532;340;0,8;69
2022-11-04 15:23:44;-36,81568;-73,06145;20,2;29,52;160;0;0;0;0;67;14532;340,2;0,6;0
2022-11-04 15:24:14;-36,81568;-73,06145;20,2;29,5;160;1;0;0;0;67;14532;339,3;3,8;144
2022-11-04 15:24:44;-36,81568;-73,06145;16,3;29,17;160;60;0;0;0;66;14532;334,7;30,3;3660
2022-11-04 15:25:14;-36,81254;-73,06624;17,6;29,06;161;41;0;0;0;66;14532;338,2;-1,6;2400
2022-11-04 15:25:44;-36,81254;-73,06624;14,4;29;161;39;0;0;0;66;14532;346,1;-79,1;2061
2022-11-04 15:26:14;-36,80983;-73,06792;14,1;28,69;161;56;0;0;0;65;14532;346,6;-104,4;3196
2022-11-04 15:26:44;-36,8064;-73,07334;10,9;28,4;162;71;0;0;0;64;14532;334,6;20,9;4385
2022-11-04 15:27:14;-36,8064;-73,07334;5,6;28,42;162;44;0;0;0;64;14532;335;18,3;2641
2022-11-04 15:27:44;-36,80273;-73,07797;8,7;28,31;163;44;0;0;0;64;14532;337,7;-29,2;2577
2022-11-04 15:28:14;-36,79911;-73,08016;9,7;28,3;163;31;0;0;0;64;14532;337,2;7,6;1842
2022-11-04 15:28:44;-36,79911;-73,08016;8,9;28,28;163;4;0;0;0;64;14405;338,8;0,9;275
2022-11-04 15:29:14;-36,79691;-73,08129;6,9;28,27;163;5;0;0;0;64;14532;338,9;0,8;191
2022-11-04 15:40:08;-36,79658;-73,08095;6,9;28,26;163;0;0;0;0;64;12526;340,3;1,2;0
2022-11-04 15:40:29;-36,79658;-73,08095;6,9;28,26;163;0;0;0;0;64;14405;340,2;1,4;0
2022-11-04 15:40:59;-36,79658;-73,08095;8,4;28,24;163;8;0;0;0;64;14405;339,7;5;518
2022-11-04 15:41:29;-36,79658;-73,08095;10,6;28,22;163;4;0;0;0;64;14532;340;1,2;258
2022-11-04 15:41:59;-36,79627;-73,08114;10,6;28,21;163;0;0;0;0;64;14532;340,2;1;0
2022-11-04 17:01:08;-36,79627;-73,08114;10,6;28,21;163;0;0;0;0;64;12661;341,1;0;0
2022-11-04 17:01:38;-36,79627;-73,08114;9,2;28,19;163;13;0;0;0;64;14532;340,8;-0,1;717
2022-11-04 17:02:08;-36,79672;-73,08066;8,2;28,16;163;0;0;0;0;64;14532;340,7;0,6;0
2022-11-04 17:02:56;-36,79659;-73,08053;8,2;28,16;163;0;0;0;0;64;12796;341;1,9;0
2022-11-04 17:03:26;-36,79659;-73,08053;8,2;28,15;163;0;0;0;0;64;14405;340,8;1,3;0
2022-11-04 17:03:56;-36,79659;-73,08052;6,7;28,12;163;10;0;0;0;64;14532;340,5;1,2;606
2022-11-04 17:04:26;-36,79659;-73,08052;7,2;28,1;163;2;0;0;0;64;14532;340,5;1;104
2022-11-04 17:04:56;-36,79664;-73,08062;-3,2;28,08;163;0;0;0;0;64;14532;340,5;1,3;0
2022-11-04 17:08:23;-36,7965;-73,08052;-3,2;28,08;163;0;0;0;0;64;12526;341;0;0
2022-11-04 17:08:53;-36,7965;-73,08052;7,5;28,07;163;1;0;0;0;63;14405;340,8;1,3;81
2022-11-04 17:10:02;-36,79648;-73,08051;7,5;28,07;163;0;0;0;1;63;12796;341;0;0
2022-11-04 17:10:32;-36,79648;-73,08051;7,5;28,07;163;0;0;0;1;63;14532;341,6;-3,2;0
2022-11-04 17:11:02;-36,79648;-73,08051;7,5;28,09;163;0;0;0;1;63;14532;341,8;-3,2;0
2022-11-04 17:12:08;-36,79648;-73,08051;7,5;28,11;163;0;0;0;1;63;12931;341,3;0;0
2022-11-04 17:12:38;-36,79648;-73,08051;7,5;28,12;163;0;0;0;1;63;14532;341,8;-3,2;0
2022-11-04 17:13:08;-36,79648;-73,08051;7,5;28,14;163;0;0;0;1;63;14532;341,9;-3,2;0
2022-11-04 17:13:38;-36,79648;-73,08051;7,5;28,16;163;0;0;0;1;63;14532;342,1;-3,2;0
2022-11-04 17:14:08;-36,79648;-73,08051;7,5;28,18;163;0;0;0;1;63;14532;342,1;-3,1;0
2022-11-04 17:14:38;-36,79648;-73,08051;7,5;28,2;163;0;0;0;1;63;14532;342,1;-3,2;0
2022-11-04 17:15:08;-36,79648;-73,08051;7,5;28,22;163;0;0;0;1;63;14532;342,1;-3,2;0
2022-11-04 17:15:38;-36,79648;-73,08051;7,5;28,24;163;0;0;0;1;63;14532;342,2;-3,2;0
2022-11-04 17:16:08;-36,79648;-73,08051;7,5;28,25;163;0;0;0;1;63;14532;342,2;-3,2;0
2022-11-04 17:16:38;-36,79648;-73,08051;7,5;28,27;163;0;0;0;1;63;14532;342,2;-3,2;0
2022-11-04 17:17:08;-36,79648;-73,08051;7,5;28,29;163;0;0;0;1;63;14532;342,2;-3,2;0
2022-11-04 17:17:38;-36,79648;-73,08051;7,5;28,31;163;0;0;0;1;63;14532;342,2;-3,2;0
2022-11-04 17:18:08;-36,79648;-73,08051;7,5;28,33;163;0;0;0;1;63;14532;342,2;-3,2;0
2022-11-04 17:18:38;-36,79648;-73,08051;7,5;28,35;163;0;0;0;1;63;14532;342,4;-3,2;0
2022-11-04 17:19:08;-36,79648;-73,08051;7,5;28,37;163;0;0;0;1;63;14532;342,4;-3,2;0
2022-11-04 17:19:38;-36,79648;-73,08051;7,5;28,39;163;0;0;0;1;63;14532;342,4;-3,2;0
2022-11-04 17:20:08;-36,79648;-73,08051;7,5;28,41;163;0;0;0;1;63;14532;342,4;-3,2;0
2022-11-04 17:20:38;-36,79648;-73,08051;7,5;28,42;163;0;0;0;1;63;14532;342,5;-3,2;0
2022-11-04 17:21:08;-36,79648;-73,08051;7,5;28,45;163;0;0;0;1;63;14532;342,4;-3,2;0
2022-11-04 17:21:38;-36,79648;-73,08051;7,5;28,47;163;0;0;0;1;63;14532;342,5;-3,2;0
2022-11-04 17:22:08;-36,79648;-73,08051;7,5;28,49;163;0;0;0;1;63;14532;342,5;-3,2;0
2022-11-04 17:22:38;-36,79648;-73,08051;7,5;28,51;163;0;0;0;1;63;14532;342,5;-3,2;0
2022-11-04 17:23:08;-36,79648;-73,08051;7,5;28,53;163;0;0;0;1;63;14532;342,5;-3,2;0
2022-11-04 17:23:38;-36,79648;-73,08051;7,5;28,54;163;0;0;0;1;63;14532;342,5;-3,2;0
2022-11-04 17:24:08;-36,79648;-73,08051;7,5;28,56;163;0;0;0;1;63;14532;342,7;-3,2;0
2022-11-04 17:24:38;-36,79648;-73,08051;7,5;28,58;163;0;0;0;1;63;14532;342,7;-3,2;0
2022-11-04 17:25:08;-36,79648;-73,08051;7,5;28,6;163;0;0;0;1;63;14532;342,7;-3,2;0
2022-11-04 17:25:38;-36,79648;-73,08051;7,5;28,62;163;0;0;0;1;63;14532;342,7;-3,3;0
2022-11-04 17:26:08;-36,79648;-73,08051;7,5;28,64;163;0;0;0;1;63;14532;342,7;-3,3;0
2022-11-04 17:26:38;-36,79648;-73,08051;7,5;28,66;163;0;0;0;1;63;14532;342,7;-3,2;0
2022-11-04 17:27:08;-36,79648;-73,08051;7,5;28,68;163;0;0;0;1;63;14532;342,7;-3,2;0
2022-11-04 17:27:38;-36,79648;-73,08051;7,5;28,7;163;0;0;0;1;63;14532;342,7;-3,2;0
2022-11-04 17:28:08;-36,79648;-73,08051;7,5;28,72;163;0;0;0;1;63;14532;342,7;-3,2;0
2022-11-04 17:28:38;-36,79648;-73,08051;7,5;28,74;163;0;0;0;1;63;14532;342,8;-3,2;0
2022-11-04 17:29:08;-36,79648;-73,08051;7,5;28,76;163;0;0;0;1;63;14532;342,8;-3,2;0
2022-11-04 17:29:38;-36,79648;-73,08051;7,5;28,78;163;0;0;0;1;63;14532;342,8;-3,2;0
2022-11-04 17:30:08;-36,79648;-73,08051;7,5;28,8;163;0;0;0;1;63;14532;342,8;-3,2;0
2022-11-04 17:30:38;-36,79648;-73,08051;7,5;28,82;163;0;0;0;1;63;14532;342,8;-3,2;0
2022-11-04 17:31:08;-36,79648;-73,08051;7,5;28,84;163;0;0;0;1;63;14532;342,8;-3,2;0
2022-11-04 17:31:38;-36,79648;-73,08051;7,5;28,85;163;0;0;0;1;63;14532;342,8;-3,2;0
2022-11-04 17:32:08;-36,79648;-73,08051;7,5;28,88;163;0;0;0;1;63;14532;342,8;-3,2;0
2022-11-04 17:32:38;-36,79648;-73,08051;7,5;28,89;163;0;0;0;1;63;14532;342,8;-3,2;0
2022-11-04 17:33:08;-36,79648;-73,08051;7,5;28,91;163;0;0;0;1;63;14532;342,8;-3,2;0
2022-11-04 17:33:38;-36,79648;-73,08051;7,5;28,93;163;0;0;0;1;63;14532;342,8;-3,3;0
2022-11-04 17:34:08;-36,79648;-73,08051;7,5;28,95;163;0;0;0;1;63;14532;343;-3,2;0
2022-11-04 17:34:38;-36,79648;-73,08051;7,5;28,97;163;0;0;0;1;63;14532;343;-3,2;0
2022-11-04 17:35:08;-36,79648;-73,08051;7,5;28,99;163;0;0;0;1;63;14532;343;-3,2;0
2022-11-04 17:35:38;-36,79648;-73,08051;7,5;29,01;163;0;0;0;1;63;14532;343;-3,2;0
2022-11-04 17:36:08;-36,79648;-73,08051;7,5;29,03;163;0;0;0;1;63;14532;342,8;-3,2;0
2022-11-04 17:36:38;-36,79648;-73,08051;7,5;29,05;163;0;0;0;1;63;14532;343;-3,2;0
2022-11-04 17:37:08;-36,79648;-73,08051;7,5;29,06;163;0;0;0;1;63;14532;343;-3,2;0
2022-11-04 17:37:38;-36,79648;-73,08051;7,5;29,09;163;0;0;0;1;63;14532;343;-3,3;0
2022-11-04 17:38:08;-36,79648;-73,08051;7,5;29,11;163;0;0;0;1;63;14532;343;-3,2;0
2022-11-04 17:38:38;-36,79648;-73,08051;7,5;29,13;163;0;0;0;1;63;14532;343;-3,2;0
2022-11-04 17:39:08;-36,79648;-73,08051;7,5;29,14;163;0;0;0;1;63;14532;343;-3,2;0
2022-11-04 17:39:38;-36,79648;-73,08051;7,5;29,16;163;0;0;0;1;63;14532;343;-3,2;0
2022-11-04 17:40:08;-36,79648;-73,08051;7,5;29,18;163;0;0;0;1;63;14532;343,2;-3,2;0
2022-11-04 17:40:38;-36,79648;-73,08051;7,5;29,2;163;0;0;0;1;63;14532;343;-3,2;0
2022-11-04 17:41:08;-36,79648;-73,08051;7,5;29,22;163;0;0;0;1;63;14532;343;-3,3;0
2022-11-04 17:41:38;-36,79648;-73,08051;7,5;29,24;163;0;0;0;1;63;14532;343,2;-3,3;0
2022-11-04 17:42:08;-36,79648;-73,08051;7,5;29,26;163;0;0;0;1;63;14532;343,2;-3,2;0
2022-11-04 17:42:38;-36,79648;-73,08051;7,5;29,28;163;0;0;0;1;63;14532;343;-3,2;0
2022-11-04 17:43:08;-36,79648;-73,08051;7,5;29,3;163;0;0;0;1;63;14532;343,2;-3,2;0
2022-11-04 17:43:38;-36,79648;-73,08051;7,5;29,32;163;0;0;0;1;63;14532;343,2;-3,3;0
2022-11-04 17:44:08;-36,79648;-73,08051;7,5;29,34;163;0;0;0;1;63;14532;343,2;-3,3;0
2022-11-04 17:44:38;-36,79648;-73,08051;7,5;29,36;163;0;0;0;1;63;14532;343,2;-3,3;0
2022-11-04 17:45:08;-36,79648;-73,08051;7,5;29,38;163;0;0;0;1;63;14532;343,2;-3,2;0
2022-11-04 17:45:38;-36,79648;-73,08051;7,5;29,4;163;0;0;0;1;63;14532;343,3;-3,3;0
2022-11-04 17:46:08;-36,79648;-73,08051;7,5;29,42;163;0;0;0;1;63;14532;343,2;-3,2;0
2022-11-04 17:46:38;-36,79648;-73,08051;7,5;29,43;163;0;0;0;1;63;14532;343,2;-3,2;0
2022-11-04 17:47:08;-36,79648;-73,08051;7,5;29,46;163;0;0;0;1;63;14532;343,2;-3,2;0
2022-11-04 17:47:38;-36,79648;-73,08051;7,5;29,47;163;0;0;0;1;63;14532;343,2;-3,2;0
2022-11-04 17:48:08;-36,79648;-73,08051;7,5;29,49;163;0;0;0;1;63;14532;343,3;-3,2;0
2022-11-04 17:48:38;-36,79648;-73,08051;7,5;29,52;163;0;0;0;1;63;14532;343,2;-3,2;0
2022-11-04 17:49:08;-36,79648;-73,08051;7,5;29,53;163;0;0;0;1;63;14532;343,3;-3,2;0
2022-11-04 17:49:38;-36,79648;-73,08051;7,5;29,55;163;0;0;0;1;63;14532;343,2;-3,2;0
2022-11-04 17:50:08;-36,79648;-73,08051;7,5;29,57;163;0;0;0;1;63;14532;343,3;-3,2;0
2022-11-04 17:50:38;-36,79648;-73,08051;7,5;29,59;163;0;0;0;1;63;14532;343,3;-3,2;0
2022-11-04 17:51:08;-36,79648;-73,08051;7,5;29,61;163;0;0;0;1;63;14532;343,3;-3,2;0
2022-11-04 17:51:38;-36,79648;-73,08051;7,5;29,63;163;0;0;0;1;63;14532;343,3;-3,2;0
2022-11-04 17:52:08;-36,79648;-73,08051;7,5;29,65;163;0;0;0;1;63;14532;343,3;-3,2;0
2022-11-04 17:52:38;-36,79648;-73,08051;7,5;29,67;163;0;0;0;1;63;14532;343,3;-3,2;0
2022-11-04 17:53:08;-36,79648;-73,08051;7,5;29,69;163;0;0;0;1;63;14532;343,3;-3,2;0
2022-11-04 17:53:38;-36,79648;-73,08051;7,5;29,71;163;0;0;0;1;63;14532;343,3;-3,2;0
2022-11-04 17:54:08;-36,79648;-73,08051;7,5;29,73;163;0;0;0;1;63;14532;343,3;-3,2;0
2022-11-04 17:54:38;-36,79648;-73,08051;7,5;29,74;163;0;0;0;1;63;14532;343,3;-3,2;0
2022-11-04 17:55:08;-36,79648;-73,08051;7,5;29,77;163;0;0;0;1;63;14532;343,5;-3,3;0
2022-11-04 17:55:38;-36,79648;-73,08051;7,5;29,78;163;0;0;0;1;63;14532;343,5;-3,2;0
2022-11-04 17:56:08;-36,79648;-73,08051;7,5;29,8;163;0;0;0;1;63;14532;343,5;-3,2;0
2022-11-04 17:56:38;-36,79648;-73,08051;7,5;29,82;163;0;0;0;1;63;14532;343,5;-3,2;0
2022-11-04 17:57:08;-36,79648;-73,08051;7,5;29,84;163;0;0;0;1;63;14532;343,5;-3,2;0
2022-11-04 17:57:38;-36,79648;-73,08051;7,5;29,86;163;0;0;0;1;63;14532;343,5;-3,2;0
2022-11-04 17:58:08;-36,79648;-73,08051;7,5;29,88;163;0;0;0;1;63;14532;343,5;-3,2;0
2022-11-04 17:58:38;-36,79648;-73,08051;7,5;29,9;163;0;0;0;1;63;14532;343,5;-3,2;0
2022-11-04 17:59:08;-36,79648;-73,08051;7,5;29,92;163;0;0;0;1;63;14532;343,5;-3,2;0
2022-11-04 17:59:38;-36,79648;-73,08051;7,5;29,94;163;0;0;0;1;63;14532;343,5;-3,3;0
2022-11-04 18:00:08;-36,79648;-73,08051;7,5;29,96;163;0;0;0;1;63;14532;343,5;-3,2;0
2022-11-04 18:00:38;-36,79648;-73,08051;7,5;29,98;163;0;0;0;1;63;14532;343,5;-3,2;0
2022-11-04 18:01:08;-36,79648;-73,08051;7,5;29,99;163;0;0;0;1;63;14532;343,5;-3,2;0
2022-11-04 18:01:38;-36,79648;-73,08051;7,5;30,02;163;0;0;0;1;63;14532;343,5;-3,2;0
2022-11-04 18:02:08;-36,79648;-73,08051;7,5;30,03;163;0;0;0;1;63;14532;343,5;-3,2;0
2022-11-04 18:02:38;-36,79648;-73,08051;7,5;30,06;163;0;0;0;1;63;14532;343,5;-3,3;0
2022-11-04 18:03:08;-36,79648;-73,08051;7,5;30,07;163;0;0;0;1;63;14532;343,5;-3,2;0
2022-11-04 18:03:38;-36,79648;-73,08051;7,5;30,1;163;0;0;0;1;63;14532;343,5;-3,2;0
2022-11-04 18:04:08;-36,79648;-73,08051;7,5;30,11;163;0;0;0;1;63;14532;343,5;-3,2;0
2022-11-04 18:04:38;-36,79648;-73,08051;7,5;30,13;163;0;0;0;1;63;14532;343,6;-3,2;0
2022-11-04 18:05:08;-36,79648;-73,08051;7,5;30,15;163;0;0;0;1;63;14532;343,6;-3,2;0
2022-11-04 18:05:38;-36,79648;-73,08051;7,5;30,17;163;0;0;0;1;63;14532;343,5;-3,2;0
2022-11-04 18:06:08;-36,79648;-73,08051;7,5;30,19;163;0;0;0;1;63;14532;343,6;-3,3;0
2022-11-04 18:06:38;-36,79648;-73,08051;7,5;30,21;163;0;0;0;1;63;14532;343,6;-3,2;0
2022-11-04 18:07:08;-36,79648;-73,08051;7,5;30,23;163;0;0;0;1;63;14532;343,6;-3,2;0
2022-11-04 18:07:38;-36,79648;-73,08051;7,5;30,25;163;0;0;0;1;63;14532;343,6;-3,3;0
2022-11-04 18:08:08;-36,79648;-73,08051;7,5;30,27;163;0;0;0;1;63;14532;343,6;-3,2;0
2022-11-04 18:08:38;-36,79648;-73,08051;7,5;30,29;163;0;0;0;1;63;14532;343,6;-3,2;0
2022-11-04 18:09:08;-36,79648;-73,08051;7,5;30,31;163;0;0;0;1;63;14532;343,6;-3,2;0
2022-11-04 18:09:38;-36,79648;-73,08051;7,5;30,33;163;0;0;0;1;63;14532;343,6;-3,2;0
2022-11-04 18:10:08;-36,79648;-73,08051;7,5;30,35;163;0;0;0;1;63;14532;343,6;-3,2;0
2022-11-04 18:10:38;-36,79648;-73,08051;7,5;30,36;163;0;0;0;1;63;14532;343,6;-3,2;0
2022-11-04 18:11:08;-36,79648;-73,08051;7,5;30,39;163;0;0;0;1;63;14532;343,6;-3,2;0
2022-11-04 18:11:38;-36,79648;-73,08051;7,5;30,41;163;0;0;0;1;63;14532;343,6;-3,2;0
2022-11-04 18:12:08;-36,79648;-73,08051;7,5;30,42;163;0;0;0;1;63;14532;343,6;-3,2;0
2022-11-04 18:12:38;-36,79648;-73,08051;7,5;30,44;163;0;0;0;1;63;14532;343,8;-3,2;0
2022-11-04 18:13:08;-36,79648;-73,08051;7,5;30,46;163;0;0;0;1;63;14532;343,6;-3,2;0
2022-11-04 18:13:38;-36,79648;-73,08051;7,5;30,48;163;0;0;0;1;63;14532;343,8;-3,2;0
2022-11-04 18:14:08;-36,79648;-73,08051;7,5;30,5;163;0;0;0;1;63;14532;343,8;-3,2;0
2022-11-04 18:14:38;-36,79648;-73,08051;7,5;30,52;163;0;0;0;1;63;14532;343,8;-3,2;0
2022-11-04 18:15:08;-36,79648;-73,08051;7,5;30,54;163;0;0;0;1;63;14532;343,8;-3,2;0
2022-11-04 18:15:38;-36,79648;-73,08051;7,5;30,56;163;0;0;0;1;63;14532;343,8;-3,2;0
2022-11-04 18:16:08;-36,79648;-73,08051;7,5;30,58;163;0;0;0;1;63;14532;343,3;0,3;0
2022-11-04 18:17:17;-36,79648;-73,08051;23;30,58;163;0;0;0;0;70;13065;343;0;0
2022-11-04 18:18:02;-36,79648;-73,08045;23;30,57;163;0;0;0;1;69;12931;342,8;0;0
2022-11-04 18:18:32;-36,79648;-73,08045;23;30,59;163;0;0;0;1;69;14532;343,5;-3,2;0
2022-11-04 18:18:59;-36,79648;-73,08045;23;30,61;163;0;0;0;1;69;14532;343,5;-3,2;0
2022-11-04 18:19:32;-36,79648;-73,08045;23;30,62;163;0;0;0;1;69;14532;343,6;-3,2;0
2022-11-04 18:19:59;-36,79648;-73,08045;23;30,65;163;0;0;0;1;69;14532;343,6;-3,2;0
2022-11-04 18:20:32;-36,79648;-73,08045;23;30,66;163;0;0;0;1;69;14532;343,6;-3,2;0
2022-11-04 18:21:02;-36,79648;-73,08045;23;30,68;163;0;0;0;1;69;14532;343,6;-3,2;0
2022-11-04 18:21:29;-36,79648;-73,08045;23;30,7;163;0;0;0;1;69;14532;343,8;-3,2;0
2022-11-04 18:22:02;-36,79648;-73,08045;23;30,72;163;0;0;0;1;69;14532;343,8;-3,2;0
2022-11-04 18:22:32;-36,79648;-73,08045;23;30,74;163;0;0;0;1;69;14532;343,8;-3,2;0
2022-11-04 18:22:59;-36,79648;-73,08045;23;30,76;163;0;0;0;1;69;14532;343,6;-3,2;0
2022-11-04 18:23:32;-36,79648;-73,08045;23;30,78;163;0;0;0;1;69;14532;343,8;-3,2;0
2022-11-04 18:24:02;-36,79648;-73,08045;23;30,8;163;0;0;0;1;69;14532;343,8;-3,2;0
2022-11-04 18:24:29;-36,79648;-73,08045;23;30,82;163;0;0;0;1;69;14532;343,8;-3,2;0
2022-11-04 18:25:02;-36,79648;-73,08045;23;30,84;163;0;0;0;1;69;14532;343,8;-3,2;0
2022-11-04 18:25:32;-36,79648;-73,08045;23;30,86;163;0;0;0;1;69;14532;343,8;-3,2;0
2022-11-04 18:25:59;-36,79648;-73,08045;23;30,87;163;0;0;0;1;69;14532;343,6;-3,2;0
2022-11-04 18:26:32;-36,79648;-73,08045;23;30,89;163;0;0;0;1;69;14532;343,8;-3,2;0
2022-11-04 18:26:59;-36,79648;-73,08045;23;30,91;163;0;0;0;1;69;14532;343,8;-3,2;0
2022-11-04 18:27:32;-36,79648;-73,08045;23;30,93;163;0;0;0;1;69;14532;343,9;-3,2;0
2022-11-04 18:28:02;-36,79648;-73,08045;23;30,95;163;0;0;0;1;69;14532;343,8;-3,2;0
2022-11-04 18:28:29;-36,79648;-73,08045;23;30,97;163;0;0;0;1;69;14532;343,8;-3,2;0
2022-11-04 18:29:02;-36,79648;-73,08045;23;30,99;163;0;0;0;1;69;14532;343,9;-3,2;0
2022-11-04 18:29:29;-36,79648;-73,08045;23;31,01;163;0;0;0;1;69;14532;343,9;-3,2;0
2022-11-04 18:30:02;-36,79648;-73,08045;23;31,03;163;0;0;0;1;69;14532;343,9;-3,2;0
2022-11-04 18:30:32;-36,79648;-73,08045;23;31,05;163;0;0;0;1;69;14532;343,9;-3,2;0
2022-11-04 18:31:02;-36,79648;-73,08045;23;31,07;163;0;0;0;1;69;14532;343,9;-3,2;0
2022-11-04 18:31:32;-36,79648;-73,08045;23;31,09;163;0;0;0;1;69;14532;343,8;-3,2;0
2022-11-04 18:32:02;-36,79648;-73,08045;23;31,11;163;0;0;0;1;69;14532;343,9;-3,2;0
2022-11-04 18:32:29;-36,79648;-73,08045;23;31,12;163;0;0;0;1;69;14532;343,8;-3,2;0
2022-11-04 18:33:02;-36,79648;-73,08045;23;31,15;163;0;0;0;1;69;14532;343,9;-3,2;0
2022-11-04 18:33:32;-36,79648;-73,08045;23;31,17;163;0;0;0;1;69;14532;343,9;-3,2;0
2022-11-04 18:33:59;-36,79648;-73,08045;23;31,18;163;0;0;0;1;69;14532;343,9;-3,2;0
2022-11-04 18:34:32;-36,79648;-73,08045;23;31,2;163;0;0;0;1;69;14532;343,9;-3,2;0
2022-11-04 18:34:59;-36,79648;-73,08045;23;31,22;163;0;0;0;1;69;14532;343,9;-3,2;0
2022-11-04 18:35:29;-36,79648;-73,08045;23;31,25;163;0;0;0;1;69;14532;343,9;-3,2;0
2022-11-04 18:36:02;-36,79648;-73,08045;23;31,26;163;0;0;0;1;69;14532;343,9;-3,2;0
2022-11-04 18:36:29;-36,79648;-73,08045;23;31,28;163;0;0;0;1;69;14532;343,9;-3,2;0
2022-11-04 18:37:02;-36,79648;-73,08045;23;31,3;163;0;0;0;1;69;14532;343,9;-3,2;0
2022-11-04 18:37:32;-36,79648;-73,08045;23;31,32;163;0;0;0;1;69;14532;343,9;-3,2;0
2022-11-04 18:38:02;-36,79648;-73,08045;23;31,34;163;0;0;0;1;69;14532;343,9;-3,2;0
2022-11-04 18:38:32;-36,79648;-73,08045;23;31,36;163;0;0;0;1;69;14532;343,9;-3,2;0
2022-11-04 18:38:59;-36,79648;-73,08045;23;31,38;163;0;0;0;1;69;14532;343,9;-3,2;0
2022-11-04 18:39:32;-36,79648;-73,08045;23;31,4;163;0;0;0;1;69;14532;343,9;-3,2;0
2022-11-04 18:40:02;-36,79648;-73,08045;23;31,42;163;0;0;0;1;69;14532;343,9;-3,2;0
2022-11-04 18:40:32;-36,79648;-73,08045;23;31,44;163;0;0;0;1;69;14532;344,1;-3,2;0
2022-11-04 18:40:59;-36,79648;-73,08045;23;31,45;163;0;0;0;1;69;14532;343,9;-3,2;0
2022-11-04 18:41:32;-36,79648;-73,08045;23;31,47;163;0;0;0;1;69;14532;343,9;-3,2;0
2022-11-04 18:42:02;-36,79648;-73,08045;23;31,49;163;0;0;0;1;69;14532;343,9;-3,2;0
2022-11-04 18:42:32;-36,79648;-73,08045;23;31,51;163;0;0;0;1;69;14532;343,9;-3,2;0
2022-11-04 18:42:59;-36,79648;-73,08045;23;31,53;163;0;0;0;1;69;14532;343,9;-3,2;0
2022-11-04 18:43:29;-36,79648;-73,08045;23;31,55;163;0;0;0;1;69;14532;343,9;-3,2;0
2022-11-04 18:44:02;-36,79648;-73,08045;23;31,57;163;0;0;0;1;69;14532;344,1;-3,2;0
2022-11-04 18:44:32;-36,79648;-73,08045;23;31,59;163;0;0;0;1;69;14532;343,9;-3,2;0
2022-11-04 18:44:59;-36,79648;-73,08045;23;31,61;163;0;0;0;1;69;14532;343,9;-3,2;0
2022-11-04 18:45:29;-36,79648;-73,08045;23;31,63;163;0;0;0;1;69;14532;344,1;-3,2;0
2022-11-04 18:46:02;-36,79648;-73,08045;23;31,65;163;0;0;0;1;69;14532;343,9;-3,2;0
2022-11-04 18:46:32;-36,79648;-73,08045;23;31,67;163;0;0;0;1;69;14532;344,1;-3,2;0
2022-11-04 18:46:59;-36,79648;-73,08045;23;31,68;163;0;0;0;1;69;14532;343,9;-3,2;0
2022-11-04 18:47:29;-36,79648;-73,08045;23;31,71;163;0;0;0;1;69;14532;344,1;-3,2;0
2022-11-04 18:48:02;-36,79648;-73,08045;23;31,72;163;0;0;0;1;69;14532;343,9;-3,2;0
2022-11-04 18:48:32;-36,79648;-73,08045;23;31,74;163;0;0;0;1;69;14532;343,9;-3,2;0
2022-11-04 18:48:59;-36,79648;-73,08045;23;31,76;163;0;0;0;1;69;14532;344,1;-3,2;0
2022-11-04 18:49:32;-36,79648;-73,08045;23;31,78;163;0;0;0;1;69;14532;343,9;-3,2;0
2022-11-04 18:50:02;-36,79648;-73,08045;23;31,8;163;0;0;0;1;69;14532;344,1;-3,2;0
2022-11-04 18:50:29;-36,79648;-73,08045;23;31,82;163;0;0;0;1;69;14532;344,1;-3,2;0
2022-11-04 18:50:59;-36,79648;-73,08045;23;31,84;163;0;0;0;1;69;14532;344,1;-3,2;0
2022-11-04 18:51:32;-36,79648;-73,08045;23;31,86;163;0;0;0;1;69;14532;344,1;-3,2;0
2022-11-04 18:52:02;-36,79648;-73,08045;23;31,88;163;0;0;0;1;69;14532;344,1;-3,2;0
2022-11-04 18:52:29;-36,79648;-73,08045;23;31,9;163;0;0;0;1;69;14532;343,9;-3,2;0
2022-11-04 18:52:59;-36,79648;-73,08045;23;31,92;163;0;0;0;1;69;14532;344,1;-3,2;0
2022-11-04 18:53:32;-36,79648;-73,08045;23;31,93;163;0;0;0;1;69;14532;343,9;-3,2;0
2022-11-04 18:54:02;-36,79648;-73,08045;23;31,96;163;0;0;0;1;69;14532;343,9;-3,2;0
2022-11-04 18:54:32;-36,79648;-73,08045;23;31,97;163;0;0;0;1;69;14532;344,1;-3,2;0
2022-11-04 18:54:59;-36,79648;-73,08045;23;32;163;0;0;0;1;69;14532;344,1;-3,2;0
2022-11-04 18:55:29;-36,79648;-73,08045;23;32,01;163;0;0;0;1;69;14532;344,1;-3,2;0
2022-11-04 18:55:59;-36,79648;-73,08045;23;32,03;163;0;0;0;1;69;14532;344,1;-3,2;0
2022-11-04 18:56:29;-36,79648;-73,08045;23;32,06;163;0;0;0;1;69;14532;344,1;-3,2;0
2022-11-04 18:56:59;-36,79648;-73,08045;23;32,07;163;0;0;0;1;69;14532;344,1;-3,2;0
2022-11-04 18:57:29;-36,79648;-73,08045;23;32,09;163;0;0;0;1;69;14532;344,1;-3,2;0
2022-11-04 18:57:59;-36,79648;-73,08045;23;32,11;163;0;0;0;1;69;14532;344,1;-3,2;0
2022-11-04 18:58:32;-36,79648;-73,08045;23;32,13;163;0;0;0;1;69;14532;344,1;-3,2;0
2022-11-04 18:58:59;-36,79648;-73,08045;23;32,15;163;0;0;0;1;69;14532;344,1;-3,2;0
2022-11-04 18:59:32;-36,79648;-73,08045;23;32,17;163;0;0;0;1;69;14532;344,1;-3,2;0
2022-11-04 18:59:59;-36,79648;-73,08045;23;32,18;163;0;0;0;1;69;14532;344,1;-3,2;0
2022-11-04 19:00:29;-36,79648;-73,08045;23;32,21;163;0;0;0;1;69;14532;344,1;-3,2;0
2022-11-04 19:01:02;-36,79648;-73,08045;23;32,23;163;0;0;0;1;69;14532;344,1;-3,2;0
2022-11-04 19:01:29;-36,79648;-73,08045;23;32,24;163;0;0;0;1;69;14532;344,1;-3,2;0
2022-11-04 19:01:59;-36,79648;-73,08045;23;32,27;163;0;0;0;1;69;14532;344,1;-3,2;0
2022-11-04 19:02:32;-36,79648;-73,08045;23;32,28;163;0;0;0;1;69;14532;344,1;-3,2;0
2022-11-04 19:03:02;-36,79648;-73,08045;23;32,3;163;0;0;0;1;69;14532;344,1;-3,2;0
2022-11-04 19:03:29;-36,79648;-73,08045;23;32,32;163;0;0;0;1;69;14532;344,1;-3,1;0
2022-11-04 19:04:02;-36,79648;-73,08045;23;32,34;163;0;0;0;1;69;14532;344,3;-3,2;0
2022-11-04 19:04:29;-36,79648;-73,08045;23;32,36;163;0;0;0;1;69;14532;344,3;-3,2;0
2022-11-04 19:04:59;-36,79648;-73,08045;23;32,38;163;0;0;0;1;69;14532;344,1;-3,2;0
2022-11-04 19:05:32;-36,79648;-73,08045;23;32,4;163;0;0;0;1;69;14532;344,3;-3,2;0
2022-11-04 19:05:59;-36,79648;-73,08045;23;32,42;163;0;0;0;1;69;14532;344,1;-3,2;0
2022-11-04 19:06:29;-36,79648;-73,08045;23;32,44;163;0;0;0;1;69;14532;344,1;-3,2;0
2022-11-04 19:07:02;-36,79648;-73,08045;23;32,46;163;0;0;0;1;69;14532;344,1;-3,2;0
2022-11-04 19:07:32;-36,79648;-73,08045;23;32,48;163;0;0;0;1;69;14532;344,1;-3,2;0
2022-11-04 19:07:59;-36,79648;-73,08045;23;32,5;163;0;0;0;1;69;14532;344,1;-3,2;0
2022-11-04 19:08:29;-36,79648;-73,08045;23;32,52;163;0;0;0;1;69;14532;344,1;-3,2;0
2022-11-04 19:09:02;-36,79648;-73,08045;23;32,53;163;0;0;0;1;69;14532;344,1;-3,2;0
2022-11-04 19:09:29;-36,79648;-73,08045;23;32,56;163;0;0;0;1;69;14532;344,3;-3,2;0
2022-11-04 19:09:59;-36,79648;-73,08045;23;32,57;163;0;0;0;1;69;14532;344,1;-3,3;0
2022-11-04 19:10:29;-36,79648;-73,08045;23;32,6;163;0;0;0;1;69;14532;344,1;-3,2;0
2022-11-04 19:10:59;-36,79648;-73,08045;23;32,61;163;0;0;0;1;69;14532;344,3;-3,3;0
2022-11-04 19:11:29;-36,79648;-73,08045;23;32,64;163;0;0;0;1;69;14532;344,3;-3,3;0
2022-11-04 19:12:02;-36,79648;-73,08045;23;32,65;163;0;0;0;1;69;14532;344,3;-3,3;0
2022-11-04 19:12:29;-36,79648;-73,08045;23;32,67;163;0;0;0;1;69;14532;344,3;-3,2;0
2022-11-04 19:12:59;-36,79648;-73,08045;23;32,69;163;0;0;0;1;69;14532;344,3;-3,2;0
2022-11-04 19:13:29;-36,79648;-73,08045;23;32,71;163;0;0;0;1;69;14532;344,3;-3,2;0
2022-11-04 19:14:02;-36,79648;-73,08045;23;32,73;163;0;0;0;1;69;14532;344,1;-3,2;0
2022-11-04 19:14:29;-36,79648;-73,08045;23;32,75;163;0;0;0;1;69;14532;344,3;-3,3;0
2022-11-04 19:14:59;-36,79648;-73,08045;23;32,77;163;0;0;0;1;69;14532;344,3;-3,2;0
2022-11-04 19:15:32;-36,79648;-73,08045;23;32,79;163;0;0;0;1;69;14532;344,3;-3,2;0
2022-11-04 19:15:59;-36,79648;-73,08045;23;32,81;163;0;0;0;1;69;14532;344,3;-3,2;0
2022-11-04 19:16:29;-36,79648;-73,08045;23;32,83;163;0;0;0;1;69;14532;344,3;-3,2;0
2022-11-04 19:17:02;-36,79648;-73,08045;23;32,85;163;0;0;0;1;69;14532;344,3;-3,3;0
2022-11-04 19:17:29;-36,79648;-73,08045;23;32,86;163;0;0;0;1;69;14532;344,3;-3,2;0
2022-11-04 19:17:59;-36,79648;-73,08045;23;32,89;163;0;0;0;1;69;14532;344,3;-3,2;0
2022-11-04 19:18:29;-36,79648;-73,08045;23;32,9;163;0;0;0;1;69;14532;344,3;-3,2;0
2022-11-04 19:19:02;-36,79648;-73,08045;23;32,92;163;0;0;0;1;69;14532;344,3;-3,2;0
2022-11-04 19:19:32;-36,79648;-73,08045;23;32,94;163;0;0;0;1;69;14532;344,3;-3,2;0
2022-11-04 19:19:59;-36,79648;-73,08045;23;32,96;163;0;0;0;1;69;14532;344,3;-3,2;0
2022-11-04 19:20:29;-36,79648;-73,08045;23;32,98;163;0;0;0;1;69;14532;344,3;-3,2;0
2022-11-04 19:21:02;-36,79648;-73,08045;23;33;163;0;0;0;1;69;14532;344,3;-3,2;0
2022-11-04 19:21:32;-36,79648;-73,08045;23;33,03;163;0;0;0;1;69;14532;344,3;-3,2;0
2022-11-04 19:22:02;-36,79648;-73,08045;23;33,04;163;0;0;0;1;69;14532;344,3;-3,3;0
2022-11-04 19:22:32;-36,79648;-73,08045;23;33,06;163;0;0;0;1;69;14532;344,3;-3,2;0
2022-11-04 19:23:02;-36,79648;-73,08045;23;33,08;163;0;0;0;1;69;14532;344,1;-3,3;0
2022-11-04 19:23:32;-36,79648;-73,08045;23;33,1;163;0;0;0;1;69;14532;344,3;-3,3;0
2022-11-04 19:23:59;-36,79648;-73,08045;23;33,12;163;0;0;0;1;69;14532;344,3;-3,2;0
2022-11-04 19:24:29;-36,79648;-73,08045;23;33,14;163;0;0;0;1;69;14532;344,3;-3,2;0
2022-11-04 19:24:59;-36,79648;-73,08045;23;33,16;163;0;0;0;1;69;14532;344,3;-3,2;0
2022-11-04 19:25:32;-36,79648;-73,08045;23;33,18;163;0;0;0;1;69;14532;344,3;-3,2;0
2022-11-04 19:25:59;-36,79648;-73,08045;23;33,2;163;0;0;0;1;69;14532;344,4;-3,2;0
2022-11-04 19:26:29;-36,79648;-73,08045;23;33,22;163;0;0;0;1;69;14532;344,3;-3,2;0
2022-11-04 19:26:59;-36,79648;-73,08045;23;33,24;163;0;0;0;1;69;14532;344,3;-3,3;0
2022-11-04 19:27:29;-36,79648;-73,08045;23;33,26;163;0;0;0;1;69;14532;344,3;-3,3;0
2022-11-04 19:28:02;-36,79648;-73,08045;23;33,28;163;0;0;0;1;69;14532;344,3;-3,3;0
2022-11-04 19:28:32;-36,79648;-73,08045;23;33,29;163;0;0;0;1;69;14532;344,3;-3,2;0
2022-11-04 19:28:59;-36,79648;-73,08045;23;33,31;163;0;0;0;1;69;14532;344,3;-3,3;0
2022-11-04 19:29:29;-36,79648;-73,08045;23;33,33;163;0;0;0;1;69;14532;344,3;-3,2;0
2022-11-04 19:29:59;-36,79648;-73,08045;23;33,35;163;0;0;0;1;69;14532;344,3;-3,3;0
2022-11-04 19:30:29;-36,79648;-73,08045;23;33,37;163;0;0;0;1;69;14532;344,3;-3,3;0
2022-11-04 19:30:59;-36,79648;-73,08045;23;33,39;163;0;0;0;1;69;14532;344,3;-3,3;0
2022-11-04 19:31:29;-36,79648;-73,08045;23;33,41;163;0;0;0;1;69;14532;344,3;-3,3;0
2022-11-04 19:31:59;-36,79648;-73,08045;23;33,43;163;0;0;0;1;69;14532;344,3;-3,2;0
2022-11-04 19:32:29;-36,79648;-73,08045;23;33,45;163;0;0;0;1;69;14532;344,3;-3,3;0
2022-11-04 19:32:59;-36,79648;-73,08045;23;33,47;163;0;0;0;1;69;14532;344,3;-3,2;0
2022-11-04 19:33:32;-36,79648;-73,08045;23;33,49;163;0;0;0;1;69;14532;344,3;-3,2;0
2022-11-04 19:33:59;-36,79648;-73,08045;23;33,51;163;0;0;0;1;69;14532;344,3;-3,2;0
2022-11-04 19:34:29;-36,79648;-73,08045;23;33,53;163;0;0;0;1;69;14532;344,3;-3,2;0
2022-11-04 19:34:59;-36,79648;-73,08045;23;33,55;163;0;0;0;1;69;14532;344,3;-3,3;0
2022-11-04 19:35:32;-36,79648;-73,08045;23;33,57;163;0;0;0;1;69;14532;344,3;-3,3;0
2022-11-04 19:35:59;-36,79648;-73,08045;23;33,59;163;0;0;0;1;69;14532;344,3;-3,3;0
2022-11-04 19:36:29;-36,79648;-73,08045;23;33,61;163;0;0;0;1;69;14532;344,3;-3,3;0
2022-11-04 19:36:59;-36,79648;-73,08045;23;33,63;163;0;0;0;1;69;14532;344,3;-3,2;0
2022-11-04 19:37:29;-36,79648;-73,08045;23;33,65;163;0;0;0;1;69;14532;344,3;-3,3;0
2022-11-04 19:37:59;-36,79648;-73,08045;23;33,66;163;0;0;0;1;69;14532;344,4;-3,2;0
2022-11-04 19:38:29;-36,79648;-73,08045;23;33,68;163;0;0;0;1;69;14532;344,4;-3,2;0
2022-11-04 19:38:59;-36,79648;-73,08045;23;33,7;163;0;0;0;1;69;14532;344,4;-3,2;0
2022-11-04 19:39:29;-36,79648;-73,08045;23;33,72;163;0;0;0;1;69;14532;344,4;-3,2;0
2022-11-04 19:39:59;-36,79648;-73,08045;23;33,75;163;0;0;0;1;69;14532;344,4;-3,2;0
2022-11-04 19:40:32;-36,79648;-73,08045;23;33,76;163;0;0;0;1;69;14532;344,4;-3,2;0
2022-11-04 19:40:59;-36,79648;-73,08045;23;33,78;163;0;0;0;1;69;14532;344,4;-3,2;0
2022-11-04 19:41:29;-36,79648;-73,08045;23;33,8;163;0;0;0;1;69;14532;344,4;-3,3;0
2022-11-04 19:41:59;-36,79648;-73,08045;23;33,82;163;0;0;0;1;69;14532;344,3;-3,2;0
2022-11-04 19:42:29;-36,79648;-73,08045;23;33,84;163;0;0;0;1;69;14532;344,3;-3,2;0
2022-11-04 19:42:59;-36,79648;-73,08045;23;33,86;163;0;0;0;1;69;14532;344,4;-3,2;0
2022-11-04 19:43:29;-36,79648;-73,08045;23;33,88;163;0;0;0;1;69;14532;344,4;-3,2;0
2022-11-04 19:43:59;-36,79648;-73,08045;23;33,9;163;0;0;0;1;69;14532;344,4;-3,2;0
2022-11-04 19:44:29;-36,79648;-73,08045;23;33,92;163;0;0;0;1;69;14532;344,3;-3,2;0
2022-11-04 19:44:59;-36,79648;-73,08045;23;33,94;163;0;0;0;1;69;14532;344,4;-3,2;0
2022-11-04 19:45:29;-36,79648;-73,08045;23;33,96;163;0;0;0;1;69;14532;344,4;-3,2;0
2022-11-04 19:45:59;-36,79648;-73,08045;23;33,97;163;0;0;0;1;69;14532;344,4;-3,2;0
2022-11-04 19:46:29;-36,79648;-73,08045;23;34;163;0;0;0;1;69;14532;344,4;-3,2;0
2022-11-04 19:47:02;-36,79648;-73,08045;23;34,01;163;0;0;0;1;69;14532;344,3;-3,2;0
2022-11-04 19:47:32;-36,79648;-73,08045;23;34,04;163;0;0;0;1;69;14532;344,4;-3,2;0
2022-11-04 19:47:59;-36,79648;-73,08045;23;34,05;163;0;0;0;1;69;14532;344,3;-3,3;0
2022-11-04 19:48:29;-36,79648;-73,08045;23;34,07;163;0;0;0;1;69;14532;344,4;-3,2;0
2022-11-04 19:48:59;-36,79648;-73,08045;23;34,09;163;0;0;0;1;69;14532;344,4;-3,2;0
2022-11-04 19:49:29;-36,79648;-73,08045;23;34,11;163;0;0;0;1;69;14532;344,4;-3,2;0
2022-11-04 19:49:59;-36,79648;-73,08045;23;34,13;163;0;0;0;1;69;14532;344,4;-3,2;0
2022-11-04 19:50:29;-36,79648;-73,08045;23;34,15;163;0;0;0;1;69;14532;344,4;-3,2;0
2022-11-04 19:50:59;-36,79648;-73,08045;23;34,17;163;0;0;0;1;69;14532;344,4;-3,2;0
2022-11-04 19:51:29;-36,79648;-73,08045;23;34,19;163;0;0;0;1;69;14532;344,4;-3,2;0
2022-11-04 19:51:59;-36,79648;-73,08045;23;34,21;163;0;0;0;1;69;14532;344,4;-3,2;0
2022-11-04 19:52:29;-36,79648;-73,08045;23;34,23;163;0;0;0;1;69;14532;344,4;-3,2;0
2022-11-04 19:52:59;-36,79648;-73,08045;23;34,25;163;0;0;0;1;69;14532;344,4;-3,2;0
2022-11-04 19:53:29;-36,79648;-73,08045;23;34,26;163;0;0;0;1;69;14532;344,4;-3,3;0
2022-11-04 19:53:59;-36,79648;-73,08045;23;34,29;163;0;0;0;1;69;14532;344,4;-3,1;0
2022-11-04 19:54:29;-36,79648;-73,08045;23;34,3;163;0;0;0;1;69;14532;344,4;-3,2;0
2022-11-04 19:54:59;-36,79648;-73,08045;23;34,33;163;0;0;0;1;69;14532;344,4;-3,3;0
2022-11-04 19:55:29;-36,79648;-73,08045;23;34,34;163;0;0;0;1;69;14532;344,4;-3,2;0
2022-11-04 19:55:59;-36,79648;-73,08045;23;34,36;163;0;0;0;1;69;14532;344,4;-3,2;0
2022-11-04 19:56:29;-36,79648;-73,08045;23;34,38;163;0;0;0;1;69;14532;344,4;-3,2;0
2022-11-04 19:56:59;-36,79648;-73,08045;23;34,4;163;0;0;0;1;69;14532;344,4;-3,2;0
2022-11-04 19:57:29;-36,79648;-73,08045;23;34,42;163;0;0;0;1;69;14532;344,4;-3,2;0
2022-11-04 19:57:59;-36,79648;-73,08045;23;34,44;163;0;0;0;1;69;14532;344,4;-3,2;0
2022-11-04 19:58:29;-36,79648;-73,08045;23;34,46;163;0;0;0;1;69;14532;344,4;-3,2;0
2022-11-04 19:58:59;-36,79648;-73,08045;23;34,48;163;0;0;0;1;69;14532;344,4;-3,3;0
2022-11-04 19:59:29;-36,79648;-73,08045;23;34,5;163;0;0;0;1;69;14532;344,6;-3,3;0
2022-11-04 19:59:59;-36,79648;-73,08045;23;34,52;163;0;0;0;1;69;14532;344,4;-3,2;0
2022-11-04 20:00:29;-36,79648;-73,08045;23;34,54;163;0;0;0;1;69;14532;344,4;-3,2;0
2022-11-04 20:00:59;-36,79648;-73,08045;23;34,56;163;0;0;0;1;69;14532;344,4;-3,3;0
2022-11-04 20:01:29;-36,79648;-73,08045;23;34,58;163;0;0;0;1;69;14532;344,4;-3,2;0
2022-11-04 20:01:59;-36,79648;-73,08045;23;34,6;163;0;0;0;1;69;14532;344,6;-3,2;0
2022-11-04 20:02:29;-36,79648;-73,08045;23;34,61;163;0;0;0;1;69;14532;344,4;-3,2;0
2022-11-04 20:02:59;-36,79648;-73,08045;23;34,63;163;0;0;0;1;69;14532;344,4;-3,2;0
2022-11-04 20:03:29;-36,79648;-73,08045;23;34,65;163;0;0;0;1;69;14532;344,4;-3,2;0
2022-11-04 20:03:59;-36,79648;-73,08045;23;34,68;163;0;0;0;1;69;14532;344,4;-3,2;0
2022-11-04 20:04:29;-36,79648;-73,08045;23;34,69;163;0;0;0;1;69;14532;344,4;-3,2;0
2022-11-04 20:04:59;-36,79648;-73,08045;23;34,71;163;0;0;0;1;69;14532;344,4;-3,2;0
2022-11-04 20:05:29;-36,79648;-73,08045;23;34,73;163;0;0;0;1;69;14532;344,6;-3,2;0
2022-11-04 20:05:59;-36,79648;-73,08045;23;34,75;163;0;0;0;1;69;14532;344,4;-3,2;0
2022-11-04 20:06:29;-36,79648;-73,08045;23;34,77;163;0;0;0;1;69;14532;344,6;-3,2;0
2022-11-04 20:06:59;-36,79648;-73,08045;23;34,79;163;0;0;0;1;69;14532;344,4;-3,2;0
2022-11-04 20:07:29;-36,79648;-73,08045;23;34,81;163;0;0;0;1;69;14532;344,4;-3,2;0
2022-11-04 20:07:59;-36,79648;-73,08045;23;34,83;163;0;0;0;1;69;14532;344,4;-3,2;0
2022-11-04 20:08:29;-36,79648;-73,08045;23;34,85;163;0;0;0;1;69;14532;344,6;-3,2;0
2022-11-04 20:08:59;-36,79648;-73,08045;23;34,87;163;0;0;0;1;69;14532;344,4;-3,2;0
2022-11-04 20:09:29;-36,79648;-73,08045;23;34,89;163;0;0;0;1;69;14532;344,6;-3,2;0
2022-11-04 20:09:59;-36,79648;-73,08045;23;34,9;163;0;0;0;1;69;14532;344,4;-3,2;0
2022-11-04 20:10:29;-36,79648;-73,08045;23;34,93;163;0;0;0;1;69;14532;344,4;-3,3;0
2022-11-04 20:10:59;-36,79648;-73,08045;23;34,94;163;0;0;0;1;69;14532;344,4;-3,2;0
2022-11-04 20:11:29;-36,79648;-73,08045;23;34,97;163;0;0;0;1;69;14532;344,4;-3,2;0
2022-11-04 20:11:59;-36,79648;-73,08045;23;34,98;163;0;0;0;1;69;14532;344,4;-3,3;0
2022-11-04 20:12:29;-36,79648;-73,08045;23;35;163;0;0;0;1;69;14532;344,4;-3,3;0
2022-11-04 20:12:59;-36,79648;-73,08045;23;35,02;163;0;0;0;1;69;14532;344,6;-3,2;0
2022-11-04 20:13:29;-36,79648;-73,08045;23;35,04;163;0;0;0;1;69;14532;344,6;-3,3;0
2022-11-04 20:13:59;-36,79648;-73,08045;23;35,06;163;0;0;0;1;69;14532;344,6;-3,2;0
2022-11-04 20:14:29;-36,79648;-73,08045;23;35,08;163;0;0;0;1;69;14532;344,4;-3,3;0
2022-11-04 20:14:59;-36,79648;-73,08045;23;35,1;163;0;0;0;1;69;14532;344,6;-3,3;0
2022-11-04 20:15:29;-36,79648;-73,08045;23;35,12;163;0;0;0;1;69;14532;344,6;-3,3;0
2022-11-04 20:15:59;-36,79648;-73,08045;23;35,14;163;0;0;0;1;69;14532;344,6;-3,3;0
2022-11-04 20:16:29;-36,79648;-73,08045;23;35,16;163;0;0;0;1;69;14532;344,6;-3,3;0
2022-11-04 20:16:59;-36,79648;-73,08045;23;35,18;163;0;0;0;1;69;14532;344,4;-3,2;0
2022-11-04 20:17:29;-36,79648;-73,08045;23;35,2;163;0;0;0;1;69;14532;344,4;-3,2;0
2022-11-04 20:17:59;-36,79648;-73,08045;23;35,22;163;0;0;0;1;69;14532;344,6;-3,2;0
2022-11-04 20:18:29;-36,79648;-73,08045;23;35,24;163;0;0;0;1;69;14532;344,4;-3,3;0
2022-11-04 20:18:59;-36,79648;-73,08045;23;35,26;163;0;0;0;1;69;14532;344,6;-3,2;0
2022-11-04 20:19:29;-36,79648;-73,08045;23;35,28;163;0;0;0;1;69;14532;344,6;-3,3;0
2022-11-04 20:19:59;-36,79648;-73,08045;23;35,3;163;0;0;0;1;69;14532;344,6;-3,2;0
2022-11-04 20:20:29;-36,79648;-73,08045;23;35,32;163;0;0;0;1;69;14532;344,6;-3,3;0
2022-11-04 20:20:59;-36,79648;-73,08045;23;35,34;163;0;0;0;1;69;14532;344,6;-3,3;0
2022-11-04 20:21:29;-36,79648;-73,08045;23;35,36;163;0;0;0;1;69;14532;344,6;-3,2;0
2022-11-04 20:21:59;-36,79648;-73,08045;23;35,38;163;0;0;0;1;69;14532;344,6;-3,2;0
2022-11-04 20:22:29;-36,79648;-73,08045;23;35,4;163;0;0;0;1;69;14532;344,6;-3,3;0
2022-11-04 20:22:59;-36,79648;-73,08045;23;35,42;163;0;0;0;1;69;14532;344,6;-3,3;0
2022-11-04 20:23:29;-36,79648;-73,08045;23;35,44;163;0;0;0;1;69;14532;344,6;-3,3;0
2022-11-04 20:23:59;-36,79648;-73,08045;23;35,46;163;0;0;0;1;69;14532;344,6;-3,2;0
2022-11-04 20:24:29;-36,79648;-73,08045;23;35,48;163;0;0;0;1;69;14532;344,6;-3,2;0
2022-11-04 20:24:59;-36,79648;-73,08045;23;35,49;163;0;0;0;1;69;14532;344,6;-3,2;0
2022-11-04 20:25:29;-36,79648;-73,08045;23;35,51;163;0;0;0;1;69;14532;344,4;-3,2;0
2022-11-04 20:25:59;-36,79648;-73,08045;23;35,53;163;0;0;0;1;69;14532;344,6;-3,2;0
2022-11-04 20:26:29;-36,79648;-73,08045;23;35,55;163;0;0;0;1;69;14532;344,6;-3,3;0
2022-11-04 20:26:59;-36,79648;-73,08045;23;35,57;163;0;0;0;1;69;14532;344,6;-3,3;0
2022-11-04 20:27:29;-36,79648;-73,08045;23;35,59;163;0;0;0;1;69;14532;344,6;-3,3;0
2022-11-04 20:27:59;-36,79648;-73,08045;23;35,61;163;0;0;0;1;69;14532;344,6;-3,3;0
2022-11-04 20:28:29;-36,79648;-73,08045;23;35,63;163;0;0;0;1;69;14532;344,6;-3,2;0
2022-11-04 20:28:59;-36,79648;-73,08045;23;35,65;163;0;0;0;1;69;14532;344,6;-3,2;0
2022-11-04 20:29:29;-36,79648;-73,08045;23;35,67;163;0;0;0;1;69;14532;344,6;-3,2;0
2022-11-04 20:29:59;-36,79648;-73,08045;23;35,69;163;0;0;0;1;69;14532;344,6;-3,3;0
2022-11-04 20:30:29;-36,79648;-73,08045;23;35,71;163;0;0;0;1;69;14532;344,6;-3,3;0
2022-11-04 20:30:59;-36,79648;-73,08045;23;35,73;163;0;0;0;1;69;14532;344,6;-3,2;0
2022-11-04 20:31:29;-36,79648;-73,08045;23;35,75;163;0;0;0;1;69;14532;344,6;-3,3;0
2022-11-04 20:31:59;-36,79648;-73,08045;23;35,77;163;0;0;0;1;69;14532;344,6;-3,3;0
2022-11-04 20:32:29;-36,79648;-73,08045;23;35,79;163;0;0;0;1;69;14532;344,6;-3,2;0
2022-11-04 20:32:59;-36,79648;-73,08045;23;35,81;163;0;0;0;1;69;14532;344,6;-3,2;0
2022-11-04 20:33:29;-36,79648;-73,08045;23;35,83;163;0;0;0;1;69;14532;344,6;-3,2;0
2022-11-04 20:33:59;-36,79648;-73,08045;23;35,85;163;0;0;0;1;69;14532;344,6;-3,2;0
2022-11-04 20:34:29;-36,79648;-73,08045;23;35,86;163;0;0;0;1;69;14532;344,6;-3,2;0
2022-11-04 20:34:59;-36,79648;-73,08045;23;35,89;163;0;0;0;1;69;14532;344,6;-3,2;0
2022-11-04 20:35:29;-36,79648;-73,08045;23;35,9;163;0;0;0;1;69;14532;344,6;-3,2;0
2022-11-04 20:35:59;-36,79648;-73,08045;23;35,92;163;0;0;0;1;69;14532;344,7;-3,2;0
2022-11-04 20:36:29;-36,79648;-73,08045;23;35,94;163;0;0;0;1;69;14532;344,6;-3,2;0
2022-11-04 20:36:59;-36,79648;-73,08045;23;35,96;163;0;0;0;1;69;14532;344,6;-3,2;0
2022-11-04 20:37:29;-36,79648;-73,08045;23;35,98;163;0;0;0;1;69;14532;344,6;-3,2;0
2022-11-04 20:37:59;-36,79648;-73,08045;23;36;163;0;0;0;1;69;14532;344,6;-3,2;0
2022-11-04 20:38:29;-36,79648;-73,08045;23;36,02;163;0;0;0;1;69;14532;344,6;-3,2;0
2022-11-04 20:38:59;-36,79648;-73,08045;23;36,04;163;0;0;0;1;69;14532;344,6;-3,2;0
2022-11-04 20:39:29;-36,79648;-73,08045;23;36,06;163;0;0;0;1;69;14532;344,7;-3,2;0
2022-11-04 20:39:59;-36,79648;-73,08045;23;36,08;163;0;0;0;1;69;14532;344,6;-3,2;0
2022-11-04 20:40:29;-36,79648;-73,08045;23;36,1;163;0;0;0;1;69;14532;344,6;-3,2;0
2022-11-04 20:40:59;-36,79648;-73,08045;23;36,12;163;0;0;0;1;69;14532;344,6;-3,2;0
2022-11-04 20:41:29;-36,79648;-73,08045;23;36,13;163;0;0;0;1;69;14532;344,6;-3,2;0
2022-11-04 20:41:59;-36,79648;-73,08045;23;36,15;163;0;0;0;1;69;14532;344,6;-3,2;0
2022-11-04 20:42:29;-36,79648;-73,08045;23;36,17;163;0;0;0;1;69;14532;344,7;-3,2;0
2022-11-04 20:42:59;-36,79648;-73,08045;23;36,19;163;0;0;0;1;69;14532;344,6;-3,2;0
2022-11-04 20:43:29;-36,79648;-73,08045;23;36,21;163;0;0;0;1;69;14532;344,6;-3,2;0
2022-11-04 20:43:59;-36,79648;-73,08045;23;36,23;163;0;0;0;1;69;14532;344,6;-3,2;0
2022-11-04 20:44:29;-36,79648;-73,08045;23;36,25;163;0;0;0;1;69;14532;344,6;-3,2;0
2022-11-04 20:44:59;-36,79648;-73,08045;23;36,27;163;0;0;0;1;69;14532;344,6;-3,2;0
2022-11-04 20:45:29;-36,79648;-73,08045;23;36,29;163;0;0;0;1;69;14532;344,6;-3,2;0
2022-11-04 20:45:59;-36,79648;-73,08045;23;36,31;163;0;0;0;1;69;14532;344,6;-3,2;0
2022-11-04 20:46:29;-36,79648;-73,08045;23;36,33;163;0;0;0;1;69;14532;344,6;-3,2;0
2022-11-04 20:46:59;-36,79648;-73,08045;23;36,35;163;0;0;0;1;69;14532;344,7;-3,2;0
2022-11-04 20:47:29;-36,79648;-73,08045;23;36,37;163;0;0;0;1;69;14532;344,6;-3,2;0
2022-11-04 20:47:59;-36,79648;-73,08045;23;36,38;163;0;0;0;1;69;14532;344,6;-3,2;0
2022-11-04 20:48:29;-36,79648;-73,08045;23;36,41;163;0;0;0;1;69;14532;344,7;-3,2;0
2022-11-04 20:48:59;-36,79648;-73,08045;23;36,42;163;0;0;0;1;69;14532;344,7;-3,3;0
2022-11-04 20:49:29;-36,79648;-73,08045;23;36,45;163;0;0;0;1;69;14532;344,7;-3,2;0
2022-11-04 20:49:59;-36,79648;-73,08045;23;36,46;163;0;0;0;1;69;14532;344,7;-3,2;0
2022-11-04 20:50:29;-36,79648;-73,08045;23;36,48;163;0;0;0;1;69;14532;344,7;-3,2;0
2022-11-04 20:50:59;-36,79648;-73,08045;23;36,5;163;0;0;0;1;69;14532;344,7;-3,3;0
2022-11-04 20:51:29;-36,79648;-73,08045;23;36,52;163;0;0;0;1;69;14532;344,7;-3,2;0
2022-11-04 20:51:59;-36,79648;-73,08045;23;36,54;163;0;0;0;1;69;14532;344,6;-3,2;0
2022-11-04 20:52:29;-36,79648;-73,08045;23;36,56;163;0;0;0;1;69;14532;344,7;-3,2;0
2022-11-04 20:52:59;-36,79648;-73,08045;23;36,58;163;0;0;0;1;69;14532;344,7;-3,2;0
2022-11-04 20:53:29;-36,79648;-73,08045;23;36,6;163;0;0;0;1;69;14532;344,7;-3,3;0
2022-11-04 20:53:59;-36,79648;-73,08045;23;36,62;163;0;0;0;1;69;14532;344,7;-3,3;0
2022-11-04 20:54:29;-36,79648;-73,08045;23;36,64;163;0;0;0;1;69;14532;344,7;-3,3;0
2022-11-04 20:54:59;-36,79648;-73,08045;23;36,66;163;0;0;0;1;69;14532;344,7;-3,2;0
2022-11-04 20:55:29;-36,79648;-73,08045;23;36,68;163;0;0;0;1;69;14532;344,7;-3,3;0
2022-11-04 20:55:59;-36,79648;-73,08045;23;36,7;163;0;0;0;1;69;14532;344,7;-3,2;0
2022-11-04 20:56:29;-36,79648;-73,08045;23;36,72;163;0;0;0;1;69;14532;344,7;-3,3;0
2022-11-04 20:56:59;-36,79648;-73,08045;23;36,74;163;0;0;0;1;69;14532;344,7;-3,2;0
2022-11-04 20:57:29;-36,79648;-73,08045;23;36,75;163;0;0;0;1;69;14532;344,7;-3,2;0
2022-11-04 20:57:59;-36,79648;-73,08045;23;36,78;163;0;0;0;1;69;14532;344,7;-3,2;0
2022-11-04 20:58:29;-36,79648;-73,08045;23;36,8;163;0;0;0;1;69;14532;344,7;-3,2;0
2022-11-04 20:58:59;-36,79648;-73,08045;23;36,82;163;0;0;0;1;69;14532;344,7;-3,3;0
2022-11-04 20:59:29;-36,79648;-73,08045;23;36,84;163;0;0;0;1;69;14532;344,7;-3,3;0
2022-11-04 20:59:59;-36,79648;-73,08045;23;36,85;163;0;0;0;1;69;14532;344,7;-3,3;0
2022-11-04 21:00:29;-36,79648;-73,08045;23;36,88;163;0;0;0;1;69;14532;344,7;-3,2;0
2022-11-04 21:00:59;-36,79648;-73,08045;23;36,89;163;0;0;0;1;69;14532;344,7;-3,2;0
2022-11-04 21:01:29;-36,79648;-73,08045;23;36,92;163;0;0;0;1;69;14532;344,7;-3,2;0
2022-11-04 21:01:59;-36,79648;-73,08045;23;36,93;163;0;0;0;1;69;14532;344,7;-3,2;0
2022-11-04 21:02:29;-36,79648;-73,08045;23;36,95;163;0;0;0;1;69;14532;344,7;-3,2;0
2022-11-04 21:02:59;-36,79648;-73,08045;23;36,97;163;0;0;0;1;69;14532;344,7;-3,3;0
2022-11-04 21:03:29;-36,79648;-73,08045;23;36,99;163;0;0;0;1;69;14532;344,9;-3,3;0
2022-11-04 21:03:59;-36,79648;-73,08045;23;37,01;163;0;0;0;1;69;14532;344,7;-3,3;0
2022-11-04 21:04:29;-36,79648;-73,08045;23;37,03;163;0;0;0;1;69;14532;344,9;-3,3;0
2022-11-04 21:04:59;-36,79648;-73,08045;23;37,05;163;0;0;0;1;69;14532;344,7;-3,3;0
2022-11-04 21:05:29;-36,79648;-73,08045;23;37,07;163;0;0;0;1;69;14532;344,7;-3,3;0
2022-11-04 21:05:59;-36,79648;-73,08045;23;37,09;163;0;0;0;1;69;14532;344,7;-3,3;0
2022-11-04 21:06:29;-36,79648;-73,08045;23;37,11;163;0;0;0;1;69;14532;344,7;-3,2;0
2022-11-04 21:06:59;-36,79648;-73,08045;23;37,13;163;0;0;0;1;69;14532;344,7;-3,3;0
2022-11-04 21:07:29;-36,79648;-73,08045;23;37,15;163;0;0;0;1;69;14532;344,7;-3,3;0
2022-11-04 21:07:59;-36,79648;-73,08045;23;37,17;163;0;0;0;1;69;14532;344,7;-3,3;0
2022-11-04 21:08:29;-36,79648;-73,08045;23;37,19;163;0;0;0;1;69;14532;344,7;-3,3;0
2022-11-04 21:08:59;-36,79648;-73,08045;23;37,21;163;0;0;0;1;69;14532;344,7;-3,3;0
2022-11-04 21:09:29;-36,79648;-73,08045;23;37,23;163;0;0;0;1;69;14532;344,7;-3,3;0
2022-11-04 21:09:59;-36,79648;-73,08045;23;37,25;163;0;0;0;1;69;14532;344,7;-3,3;0
2022-11-04 21:10:29;-36,79648;-73,08045;23;37,27;163;0;0;0;1;69;14532;344,7;-3,3;0
2022-11-04 21:10:59;-36,79648;-73,08045;23;37,29;163;0;0;0;1;69;14532;344,7;-3,3;0
2022-11-04 21:11:29;-36,79648;-73,08045;23;37,31;163;0;0;0;1;69;14532;344,9;-3,3;0
2022-11-04 21:11:59;-36,79648;-73,08045;23;37,33;163;0;0;0;1;69;14532;344,7;-3,3;0
2022-11-04 21:12:29;-36,79648;-73,08045;23;37,35;163;0;0;0;1;69;14532;344,9;-3,2;0
2022-11-04 21:12:59;-36,79648;-73,08045;23;37,37;163;0;0;0;1;69;14532;344,7;-3,2;0
2022-11-04 21:13:29;-36,79648;-73,08045;23;37,39;163;0;0;0;1;69;14532;344,7;-3,2;0
2022-11-04 21:13:59;-36,79648;-73,08045;23;37,41;163;0;0;0;1;69;14532;344,7;-3,2;0
2022-11-04 21:14:29;-36,79648;-73,08045;23;37,43;163;0;0;0;1;69;14532;344,7;-3,2;0
2022-11-04 21:14:59;-36,79648;-73,08045;23;37,45;163;0;0;0;1;69;14532;344,7;-3,2;0
2022-11-04 21:15:29;-36,79648;-73,08045;23;37,47;163;0;0;0;1;69;14532;344,9;-3,2;0
2022-11-04 21:15:59;-36,79648;-73,08045;23;37,49;163;0;0;0;1;69;14532;344,9;-3,3;0
2022-11-04 21:16:29;-36,79648;-73,08045;23;37,51;163;0;0;0;1;69;14532;344,9;-3,2;0
2022-11-04 21:16:59;-36,79648;-73,08045;23;37,52;163;0;0;0;1;69;14532;344,7;-3,3;0
2022-11-04 21:17:29;-36,79648;-73,08045;23;37,55;163;0;0;0;1;69;14532;344,7;-3,3;0
2022-11-04 21:17:59;-36,79648;-73,08045;23;37,56;163;0;0;0;1;69;14532;344,9;-3,3;0
2022-11-04 21:18:29;-36,79648;-73,08045;23;37,58;163;0;0;0;1;69;14532;344,7;-3,3;0
2022-11-04 21:18:59;-36,79648;-73,08045;23;37,6;163;0;0;0;1;69;14532;344,9;-3,3;0
2022-11-04 21:19:29;-36,79648;-73,08045;23;37,62;163;0;0;0;1;69;14532;344,9;-3,3;0
2022-11-04 21:19:59;-36,79648;-73,08045;23;37,64;163;0;0;0;1;69;14532;344,9;-3,3;0
2022-11-04 21:20:29;-36,79648;-73,08045;23;37,66;163;0;0;0;1;69;14532;344,9;-3,3;0
2022-11-04 21:20:59;-36,79648;-73,08045;23;37,68;163;0;0;0;1;69;14532;344,7;-3,3;0
2022-11-04 21:21:29;-36,79648;-73,08045;23;37,7;163;0;0;0;1;69;14532;344,9;-3,3;0
2022-11-04 21:21:59;-36,79648;-73,08045;23;37,72;163;0;0;0;1;69;14532;344,7;-3,3;0
2022-11-04 21:22:29;-36,79648;-73,08045;23;37,74;163;0;0;0;1;69;14532;344,9;-3,3;0
2022-11-04 21:22:59;-36,79648;-73,08045;23;37,76;163;0;0;0;1;69;14532;344,9;-3,3;0
2022-11-04 21:23:29;-36,79648;-73,08045;23;37,78;163;0;0;0;1;69;14532;344,9;-3,3;0
2022-11-04 21:23:59;-36,79648;-73,08045;23;37,81;163;0;0;0;1;69;14532;344,9;-3,3;0
2022-11-04 21:24:29;-36,79648;-73,08045;23;37,82;163;0;0;0;1;69;14532;344,9;-3,3;0
2022-11-04 21:24:59;-36,79648;-73,08045;23;37,84;163;0;0;0;1;69;14532;344,9;-3,3;0
2022-11-04 21:25:29;-36,79648;-73,08045;23;37,86;163;0;0;0;1;69;14532;344,9;-3,3;0
2022-11-04 21:25:59;-36,79648;-73,08045;23;37,88;163;0;0;0;1;69;14532;344,9;-3,3;0
2022-11-04 21:26:29;-36,79648;-73,08045;23;37,9;163;0;0;0;1;69;14532;344,9;-3,3;0
2022-11-04 21:26:59;-36,79648;-73,08045;23;37,92;163;0;0;0;1;69;14532;344,7;-3,3;0
2022-11-04 21:27:29;-36,79648;-73,08045;23;37,94;163;0;0;0;1;69;14532;344,9;-3,3;0
2022-11-04 21:27:59;-36,79648;-73,08045;23;37,96;163;0;0;0;1;69;14532;344,9;-3,3;0
2022-11-04 21:28:29;-36,79648;-73,08045;23;37,98;163;0;0;0;1;69;14532;344,9;-3,3;0
2022-11-04 21:28:59;-36,79648;-73,08045;23;38;163;0;0;0;1;69;14532;344,9;-3,3;0
2022-11-04 21:29:29;-36,79648;-73,08045;23;38,02;163;0;0;0;1;69;14532;344,9;-3,3;0
2022-11-04 21:29:59;-36,79648;-73,08045;23;38,04;163;0;0;0;1;69;14532;344,9;-3,3;0
2022-11-04 21:30:29;-36,79648;-73,08045;23;38,06;163;0;0;0;1;69;14532;344,9;-3,3;0
2022-11-04 21:30:59;-36,79648;-73,08045;23;38,08;163;0;0;0;1;69;14532;344,9;-3,3;0
2022-11-04 21:31:29;-36,79648;-73,08045;23;38,1;163;0;0;0;1;69;14532;344,9;-3,3;0
2022-11-04 21:31:59;-36,79648;-73,08045;23;38,12;163;0;0;0;1;69;14532;344,9;-3,3;0
2022-11-04 21:32:29;-36,79648;-73,08045;23;38,14;163;0;0;0;1;69;14532;344,9;-3,3;0
2022-11-04 21:32:59;-36,79648;-73,08045;23;38,16;163;0;0;0;1;69;14532;344,9;-3,3;0
2022-11-04 21:33:29;-36,79648;-73,08045;23;38,18;163;0;0;0;1;69;14532;344,9;-3,3;0
2022-11-04 21:33:59;-36,79648;-73,08045;23;38,2;163;0;0;0;1;69;14532;344,9;-3,3;0
2022-11-04 21:34:29;-36,79648;-73,08045;23;38,22;163;0;0;0;1;69;14532;344,9;-3,3;0
2022-11-04 21:34:59;-36,79648;-73,08045;23;38,24;163;0;0;0;1;69;14532;344,9;-3,3;0
2022-11-04 21:35:29;-36,79648;-73,08045;23;38,26;163;0;0;0;1;69;14532;344,9;-3,3;0
2022-11-04 21:35:59;-36,79648;-73,08045;23;38,28;163;0;0;0;1;69;14532;344,9;-3,2;0
2022-11-04 21:36:29;-36,79648;-73,08045;23;38,3;163;0;0;0;1;69;14532;344,9;-3,2;0
2022-11-04 21:36:59;-36,79648;-73,08045;23;38,32;163;0;0;0;1;69;14532;344,9;-3,3;0
2022-11-04 21:37:29;-36,79648;-73,08045;23;38,34;163;0;0;0;1;69;14532;344,9;-3,2;0
2022-11-04 21:37:59;-36,79648;-73,08045;23;38,36;163;0;0;0;1;69;14532;344,9;-3,3;0
2022-11-04 21:38:29;-36,79648;-73,08045;23;38,38;163;0;0;0;1;69;14532;344,9;-3,3;0
2022-11-04 21:38:59;-36,79648;-73,08045;23;38,4;163;0;0;0;1;69;14532;344,9;-3,3;0
2022-11-04 21:39:29;-36,79648;-73,08045;23;38,41;163;0;0;0;1;69;14532;344,9;-3,3;0
2022-11-04 21:39:59;-36,79648;-73,08045;23;38,44;163;0;0;0;1;69;14532;344,9;-3,2;0
2022-11-04 21:40:29;-36,79648;-73,08045;23;38,45;163;0;0;0;1;69;14532;344,9;-3,2;0
2022-11-04 21:40:59;-36,79648;-73,08045;23;38,48;163;0;0;0;1;69;14532;344,9;-3,3;0
2022-11-04 21:41:29;-36,79648;-73,08045;23;38,49;163;0;0;0;1;69;14532;344,9;-3,3;0
2022-11-04 21:41:59;-36,79648;-73,08045;23;38,51;163;0;0;0;1;69;14532;344,9;-3,3;0
2022-11-04 21:42:29;-36,79648;-73,08045;23;38,53;163;0;0;0;1;69;14532;344,9;-3,3;0
2022-11-04 21:42:59;-36,79648;-73,08045;23;38,55;163;0;0;0;1;69;14532;344,9;-3,3;0
2022-11-04 21:43:29;-36,79648;-73,08045;23;38,57;163;0;0;0;1;69;14532;344,9;-3,3;0
2022-11-04 21:43:59;-36,79648;-73,08045;23;38,59;163;0;0;0;1;69;14532;344,9;-3,3;0
2022-11-04 21:44:29;-36,79648;-73,08045;23;38,61;163;0;0;0;1;69;14532;344,9;-3,3;0
2022-11-04 21:44:59;-36,79648;-73,08045;23;38,63;163;0;0;0;1;69;14532;344,9;-3,3;0
2022-11-04 21:45:29;-36,79648;-73,08045;23;38,66;163;0;0;0;1;69;14532;344,9;-3,3;0
2022-11-04 21:45:59;-36,79648;-73,08045;23;38,67;163;0;0;0;1;69;14532;344,9;-3,3;0
2022-11-04 21:46:29;-36,79648;-73,08045;23;38,69;163;0;0;0;1;69;14532;344,9;-3,3;0
2022-11-04 21:46:59;-36,79648;-73,08045;23;38,71;163;0;0;0;1;69;14532;344,9;-3,3;0
2022-11-04 21:47:29;-36,79648;-73,08045;23;38,73;163;0;0;0;1;69;14532;344,9;-3,3;0
2022-11-04 21:47:59;-36,79648;-73,08045;23;38,75;163;0;0;0;1;69;14532;344,9;-3,3;0
2022-11-04 21:48:29;-36,79648;-73,08045;23;38,77;163;0;0;0;1;69;14532;344,9;-3,3;0
2022-11-04 21:48:59;-36,79648;-73,08045;23;38,79;163;0;0;0;1;69;14532;344,9;-3,3;0
2022-11-04 21:49:29;-36,79648;-73,08045;23;38,81;163;0;0;0;1;69;14532;345;-3,3;0
2022-11-04 21:49:59;-36,79648;-73,08045;23;38,83;163;0;0;0;1;69;14532;344,9;-3,3;0
2022-11-04 21:50:29;-36,79648;-73,08045;23;38,85;163;0;0;0;1;69;14532;345;-3,3;0
2022-11-04 21:50:59;-36,79648;-73,08045;23;38,87;163;0;0;0;1;69;14532;345;-3,3;0
2022-11-04 21:51:29;-36,79648;-73,08045;23;38,89;163;0;0;0;1;69;14532;344,9;-3,2;0
2022-11-04 21:51:59;-36,79648;-73,08045;23;38,91;163;0;0;0;1;69;14532;344,9;-3,2;0
2022-11-04 21:52:29;-36,79648;-73,08045;23;38,93;163;0;0;0;1;69;14532;345;-3,3;0
2022-11-04 21:52:59;-36,79648;-73,08045;23;38,95;163;0;0;0;1;69;14532;345;-3,3;0
2022-11-04 21:53:29;-36,79648;-73,08045;23;38,97;163;0;0;0;1;69;14532;345;-3,2;0
2022-11-04 21:53:59;-36,79648;-73,08045;23;38,99;163;0;0;0;1;69;14532;345;-3,2;0
2022-11-04 21:54:29;-36,79648;-73,08045;23;39,01;163;0;0;0;1;69;14532;345;-3,3;0
2022-11-04 21:54:59;-36,79648;-73,08045;23;39,03;163;0;0;0;1;69;14532;344,9;-3,3;0
2022-11-04 21:55:29;-36,79648;-73,08045;23;39,05;163;0;0;0;1;69;14532;344,9;-3,3;0
2022-11-04 21:55:59;-36,79648;-73,08045;23;39,07;163;0;0;0;1;69;14532;344,9;-3,3;0
2022-11-04 21:56:29;-36,79648;-73,08045;23;39,09;163;0;0;0;1;69;14532;345;-3,2;0
2022-11-04 21:56:59;-36,79648;-73,08045;23;39,11;163;0;0;0;1;69;14532;344,9;-3,3;0
2022-11-04 21:57:29;-36,79648;-73,08045;23;39,13;163;0;0;0;1;69;14532;345;-3,3;0
2022-11-04 21:57:59;-36,79648;-73,08045;23;39,15;163;0;0;0;1;69;14532;345;-3,3;0
2022-11-04 21:58:29;-36,79648;-73,08045;23;39,17;163;0;0;0;1;69;14532;345;-3,3;0
2022-11-04 21:58:59;-36,79648;-73,08045;23;39,19;163;0;0;0;1;69;14532;345;-3,3;0
2022-11-04 21:59:29;-36,79648;-73,08045;23;39,21;163;0;0;0;1;69;14532;345;-3,3;0
2022-11-04 21:59:59;-36,79648;-73,08045;23;39,23;163;0;0;0;1;69;14532;345;-3,3;0
2022-11-04 22:00:29;-36,79648;-73,08045;23;39,24;163;0;0;0;1;69;14532;345;-3,3;0
2022-11-04 22:00:59;-36,79648;-73,08045;23;39,27;163;0;0;0;1;69;14532;345;-3,3;0
2022-11-04 22:01:29;-36,79648;-73,08045;23;39,29;163;0;0;0;1;69;14532;345;-3,3;0
2022-11-04 22:01:59;-36,79648;-73,08045;23;39,31;163;0;0;0;1;69;14532;345;-3,3;0
2022-11-04 22:02:29;-36,79648;-73,08045;23;39,33;163;0;0;0;1;69;14532;345;-3,3;0
2022-11-04 22:02:59;-36,79648;-73,08045;23;39,34;163;0;0;0;1;69;14532;345;-3,3;0
2022-11-04 22:03:29;-36,79648;-73,08045;23;39,37;163;0;0;0;1;69;14532;345;-3,2;0
2022-11-04 22:03:59;-36,79648;-73,08045;23;39,39;163;0;0;0;1;69;14532;345;-3,3;0
2022-11-04 22:04:29;-36,79648;-73,08045;23;39,41;163;0;0;0;1;69;14532;345;-3,3;0
2022-11-04 22:04:59;-36,79648;-73,08045;23;39,42;163;0;0;0;1;69;14532;345;-3,3;0
2022-11-04 22:05:29;-36,79648;-73,08045;23;39,45;163;0;0;0;1;69;14532;345;-3,3;0
2022-11-04 22:05:59;-36,79648;-73,08045;23;39,46;163;0;0;0;1;69;14532;345;-3,3;0
2022-11-04 22:06:29;-36,79648;-73,08045;23;39,48;163;0;0;0;1;69;14532;345;-3,3;0
2022-11-04 22:06:59;-36,79648;-73,08045;23;39,5;163;0;0;0;1;69;14532;345;-3,3;0
2022-11-04 22:07:29;-36,79648;-73,08045;23;39,52;163;0;0;0;1;69;14532;345;-3,3;0
2022-11-04 22:07:59;-36,79648;-73,08045;23;39,54;163;0;0;0;1;69;14532;345;-3,3;0
2022-11-04 22:08:29;-36,79648;-73,08045;23;39,56;163;0;0;0;1;69;14532;345;-3,2;0
2022-11-04 22:08:59;-36,79648;-73,08045;23;39,58;163;0;0;0;1;69;14532;345;-3,3;0
2022-11-04 22:09:29;-36,79648;-73,08045;23;39,6;163;0;0;0;1;69;14532;345;-3,3;0
2022-11-04 22:09:59;-36,79648;-73,08045;23;39,63;163;0;0;0;1;69;14532;345;-3,3;0
2022-11-04 22:10:29;-36,79648;-73,08045;23;39,64;163;0;0;0;1;69;14532;345;-3,3;0
2022-11-04 22:10:59;-36,79648;-73,08045;23;39,66;163;0;0;0;1;69;14532;345;-3,3;0
2022-11-04 22:11:29;-36,79648;-73,08045;23;39,68;163;0;0;0;1;69;14532;345;-3,3;0
2022-11-04 22:11:59;-36,79648;-73,08045;23;39,7;163;0;0;0;1;69;14532;345,2;-3,3;0
2022-11-04 22:12:29;-36,79648;-73,08045;23;39,72;163;0;0;0;1;69;14532;345,2;-3,3;0
2022-11-04 22:12:59;-36,79648;-73,08045;23;39,75;163;0;0;0;1;69;14532;345;-3,3;0
2022-11-04 22:13:29;-36,79648;-73,08045;23;39,76;163;0;0;0;1;69;14532;345,2;-3,3;0
2022-11-04 22:13:59;-36,79648;-73,08045;23;39,78;163;0;0;0;1;69;14532;345,2;-3,2;0
2022-11-04 22:14:29;-36,79648;-73,08045;23;39,8;163;0;0;0;1;69;14532;345;-3,3;0
2022-11-04 22:14:59;-36,79648;-73,08045;23;39,82;163;0;0;0;1;69;14532;345;-3,2;0
2022-11-04 22:15:29;-36,79648;-73,08045;23;39,84;163;0;0;0;1;69;14532;345,2;-3,2;0
2022-11-04 22:15:59;-36,79648;-73,08045;23;39,86;163;0;0;0;1;69;14532;345,2;-3,3;0
2022-11-04 22:16:29;-36,79648;-73,08045;23;39,88;163;0;0;0;1;69;14532;345;-3,3;0
2022-11-04 22:16:59;-36,79648;-73,08045;23;39,9;163;0;0;0;1;69;14532;345;-3,3;0
2022-11-04 22:17:29;-36,79648;-73,08045;23;39,92;163;0;0;0;1;69;14532;345;-3,3;0
2022-11-04 22:17:59;-36,79648;-73,08045;23;39,94;163;0;0;0;1;69;14532;345;-3,3;0
2022-11-04 22:18:29;-36,79648;-73,08045;23;39,96;163;0;0;0;1;69;14532;345;-3,3;0
2022-11-04 22:18:59;-36,79648;-73,08045;23;39,98;163;0;0;0;1;69;14532;345;-3,3;0
2022-11-04 22:19:29;-36,79648;-73,08045;23;40;163;0;0;0;1;69;14532;345;-3,3;0
2022-11-04 22:19:59;-36,79648;-73,08045;23;40,02;163;0;0;0;1;69;14532;345,2;-3,3;0
2022-11-04 22:20:29;-36,79648;-73,08045;23;40,04;163;0;0;0;1;69;14532;345;-3,3;0
2022-11-04 22:20:59;-36,79648;-73,08045;23;40,06;163;0;0;0;1;69;14532;345;-3,3;0
2022-11-04 22:21:29;-36,79648;-73,08045;23;40,08;163;0;0;0;1;69;14532;345;-3,2;0
2022-11-04 22:21:59;-36,79648;-73,08045;23;40,1;163;0;0;0;1;69;14532;345,2;-3,2;0
2022-11-04 22:22:29;-36,79648;-73,08045;23;40,12;163;0;0;0;1;69;14532;345,2;-3,2;0
2022-11-04 22:22:59;-36,79648;-73,08045;23;40,14;163;0;0;0;1;69;14532;345,2;-3,3;0
2022-11-04 22:23:29;-36,79648;-73,08045;23;40,16;163;0;0;0;1;69;14532;345;-3,2;0
2022-11-04 22:23:59;-36,79648;-73,08045;23;40,18;163;0;0;0;1;69;14532;345,2;-3,2;0
2022-11-04 22:24:29;-36,79648;-73,08045;23;40,2;163;0;0;0;1;69;14532;345;-3,3;0
2022-11-04 22:24:59;-36,79648;-73,08045;23;40,22;163;0;0;0;1;69;14532;345,2;-3,3;0
2022-11-04 22:25:29;-36,79648;-73,08045;23;40,23;163;0;0;0;1;69;14532;345;-3,3;0
2022-11-04 22:25:59;-36,79648;-73,08045;23;40,26;163;0;0;0;1;69;14532;345,2;-3,3;0
2022-11-04 22:26:29;-36,79648;-73,08045;23;40,28;163;0;0;0;1;69;14532;345,2;-3,3;0
2022-11-04 22:26:59;-36,79648;-73,08045;23;40,3;163;0;0;0;1;69;14532;345,2;-3,2;0
2022-11-04 22:27:29;-36,79648;-73,08045;23;40,32;163;0;0;0;1;69;14532;345,2;-3,3;0
2022-11-04 22:27:59;-36,79648;-73,08045;23;40,34;163;0;0;0;1;69;14532;345,2;-3,3;0
2022-11-04 22:28:29;-36,79648;-73,08045;23;40,36;163;0;0;0;1;69;14532;345,2;-3,3;0
2022-11-04 22:28:59;-36,79648;-73,08045;23;40,38;163;0;0;0;1;69;14532;345,2;-3,3;0
2022-11-04 22:29:29;-36,79648;-73,08045;23;40,4;163;0;0;0;1;69;14532;345,2;-3,3;0
2022-11-04 22:29:59;-36,79648;-73,08045;23;40,42;163;0;0;0;1;69;14532;345,2;-3,3;0
2022-11-04 22:30:29;-36,79648;-73,08045;23;40,44;163;0;0;0;1;69;14532;345,2;-3,3;0
2022-11-04 22:30:59;-36,79648;-73,08045;23;40,46;163;0;0;0;1;69;14532;345;-3,3;0
2022-11-04 22:31:29;-36,79648;-73,08045;23;40,47;163;0;0;0;1;69;14532;345,2;-3,3;0
2022-11-04 22:31:59;-36,79648;-73,08045;23;40,49;163;0;0;0;1;69;14532;345,2;-3,3;0
2022-11-04 22:32:29;-36,79648;-73,08045;23;40,52;163;0;0;0;1;69;14532;345,2;-3,3;0
2022-11-04 22:32:59;-36,79648;-73,08045;23;40,53;163;0;0;0;1;69;14532;345,2;-3,3;0
2022-11-04 22:33:29;-36,79648;-73,08045;23;40,56;163;0;0;0;1;69;14532;345,2;-3,3;0
2022-11-04 22:33:59;-36,79648;-73,08045;23;40,58;163;0;0;0;1;69;14532;345,2;-3,3;0
2022-11-04 22:34:29;-36,79648;-73,08045;23;40,6;163;0;0;0;1;69;14532;345,2;-3,3;0
2022-11-04 22:34:59;-36,79648;-73,08045;23;40,61;163;0;0;0;1;69;14532;345,2;-3,3;0
2022-11-04 22:35:29;-36,79648;-73,08045;23;40,64;163;0;0;0;1;69;14532;345,2;-3,3;0
2022-11-04 22:35:59;-36,79648;-73,08045;23;40,65;163;0;0;0;1;69;14532;345,2;-3,3;0
2022-11-04 22:36:29;-36,79648;-73,08045;23;40,68;163;0;0;0;1;69;14532;345,2;-3,3;0
2022-11-04 22:36:59;-36,79648;-73,08045;23;40,69;163;0;0;0;1;69;14532;345,2;-3,3;0
2022-11-04 22:37:29;-36,79648;-73,08045;23;40,72;163;0;0;0;1;69;14532;345,2;-3,3;0
2022-11-04 22:37:59;-36,79648;-73,08045;23;40,73;163;0;0;0;1;69;14532;345,2;-3,4;0
2022-11-04 22:38:29;-36,79648;-73,08045;23;40,75;163;0;0;0;1;69;14532;345,2;-3,3;0
2022-11-04 22:38:59;-36,79648;-73,08045;23;40,77;163;0;0;0;1;69;14532;345,2;-3,3;0
2022-11-04 22:39:29;-36,79648;-73,08045;23;40,79;163;0;0;0;1;69;14532;345,2;-3,3;0
2022-11-04 22:39:59;-36,79648;-73,08045;23;40,81;163;0;0;0;1;69;14532;345,2;-3,3;0
2022-11-04 22:40:29;-36,79648;-73,08045;23;40,83;163;0;0;0;1;69;14532;345,2;-3,3;0
2022-11-04 22:40:59;-36,79648;-73,08045;23;40,85;163;0;0;0;1;69;14532;345,2;-3,3;0
2022-11-04 22:41:29;-36,79648;-73,08045;23;40,87;163;0;0;0;1;69;14532;345,2;-3,3;0
2022-11-04 22:41:59;-36,79648;-73,08045;23;40,9;163;0;0;0;1;69;14532;345,2;-3,3;0
2022-11-04 22:42:29;-36,79648;-73,08045;23;40,91;163;0;0;0;1;69;14532;345,2;-3,3;0
2022-11-04 22:42:59;-36,79648;-73,08045;23;40,94;163;0;0;0;1;69;14532;345,3;-3,3;0
2022-11-04 22:43:29;-36,79648;-73,08045;23;40,95;163;0;0;0;1;69;14532;345,3;-3,3;0
2022-11-04 22:43:59;-36,79648;-73,08045;23;40,97;163;0;0;0;1;69;14532;345,2;-3,3;0
2022-11-04 22:44:29;-36,79648;-73,08045;23;40,99;163;0;0;0;1;69;14532;345,3;-3,3;0
2022-11-04 22:44:59;-36,79648;-73,08045;23;41,02;163;0;0;0;1;69;14532;345,2;-3,3;0
2022-11-04 22:45:29;-36,79648;-73,08045;23;41,03;163;0;0;0;1;69;14532;345,2;-3,3;0
2022-11-04 22:45:59;-36,79648;-73,08045;23;41,06;163;0;0;0;1;69;14532;345,2;-3,3;0
2022-11-04 22:46:29;-36,79648;-73,08045;23;41,07;163;0;0;0;1;69;14532;345,2;-3,3;0
2022-11-04 22:46:59;-36,79648;-73,08045;23;41,09;163;0;0;0;1;69;14532;345,2;-3,3;0
2022-11-04 22:47:29;-36,79648;-73,08045;23;41,11;163;0;0;0;1;69;14532;345,2;-3,3;0
2022-11-04 22:47:59;-36,79648;-73,08045;23;41,13;163;0;0;0;1;69;14532;345,3;-3,3;0
2022-11-04 22:48:29;-36,79648;-73,08045;23;41,15;163;0;0;0;1;69;14532;345,3;-3,3;0
2022-11-04 22:48:59;-36,79648;-73,08045;23;41,17;163;0;0;0;1;69;14532;345,2;-3,3;0
2022-11-04 22:49:29;-36,79648;-73,08045;23;41,19;163;0;0;0;1;69;14532;345,3;-3,3;0
2022-11-04 22:49:59;-36,79648;-73,08045;23;41,21;163;0;0;0;1;69;14532;345,3;-3,3;0
2022-11-04 22:50:29;-36,79648;-73,08045;23;41,23;163;0;0;0;1;69;14532;345,2;-3,3;0
2022-11-04 22:50:59;-36,79648;-73,08045;23;41,25;163;0;0;0;1;69;14532;345,3;-3,3;0
2022-11-04 22:51:29;-36,79648;-73,08045;23;41,27;163;0;0;0;1;69;14532;345,3;-3,2;0
2022-11-04 22:51:59;-36,79648;-73,08045;23;41,29;163;0;0;0;1;69;14532;345,2;-3,3;0
2022-11-04 22:52:29;-36,79648;-73,08045;23;41,31;163;0;0;0;1;69;14532;345,3;-3,3;0
2022-11-04 22:52:59;-36,79648;-73,08045;23;41,33;163;0;0;0;1;69;14532;345,3;-3,3;0
2022-11-04 22:53:29;-36,79648;-73,08045;23;41,35;163;0;0;0;1;69;14532;345,2;-3,3;0
2022-11-04 22:53:59;-36,79648;-73,08045;23;41,37;163;0;0;0;1;69;14532;345,2;-3,3;0
2022-11-04 22:54:29;-36,79648;-73,08045;23;41,39;163;0;0;0;1;69;14532;345,2;-3,2;0
2022-11-04 22:54:59;-36,79648;-73,08045;23;41,41;163;0;0;0;1;69;14532;345,3;-3,3;0
2022-11-04 22:55:29;-36,79648;-73,08045;23;41,43;163;0;0;0;1;69;14532;345,2;-3,3;0
2022-11-04 22:55:59;-36,79648;-73,08045;23;41,45;163;0;0;0;1;69;14532;345,3;-3,3;0
2022-11-04 22:56:29;-36,79648;-73,08045;23;41,47;163;0;0;0;1;69;14532;345,3;-3,3;0
2022-11-04 22:56:59;-36,79648;-73,08045;23;41,49;163;0;0;0;1;69;14532;345,2;-3,2;0
2022-11-04 22:57:29;-36,79648;-73,08045;23;41,51;163;0;0;0;1;69;14532;345,3;-3,3;0
2022-11-04 22:57:59;-36,79648;-73,08045;23;41,53;163;0;0;0;1;69;14532;345,3;-3,2;0
2022-11-04 22:58:29;-36,79648;-73,08045;23;41,55;163;0;0;0;1;69;14532;345,3;-3,3;0
2022-11-04 22:58:59;-36,79648;-73,08045;23;41,57;163;0;0;0;1;69;14532;345,3;-3,3;0
2022-11-04 22:59:29;-36,79648;-73,08045;23;41,58;163;0;0;0;1;69;14532;345,3;-3,3;0
2022-11-04 22:59:59;-36,79648;-73,08045;23;41,61;163;0;0;0;1;69;14532;345,3;-3,3;0
2022-11-04 23:00:29;-36,79648;-73,08045;23;41,62;163;0;0;0;1;69;14532;345,2;-3,3;0
2022-11-04 23:00:59;-36,79648;-73,08045;23;41,64;163;0;0;0;1;69;14532;345,2;-3,3;0
2022-11-04 23:01:29;-36,79648;-73,08045;23;41,66;163;0;0;0;1;69;14532;345,3;-3,2;0
2022-11-04 23:01:59;-36,79648;-73,08045;23;41,68;163;0;0;0;1;69;14532;345,3;-3,2;0
2022-11-04 23:02:29;-36,79648;-73,08045;23;41,7;163;0;0;0;1;69;14532;345,2;-3,3;0
2022-11-04 23:02:59;-36,79648;-73,08045;23;41,72;163;0;0;0;1;69;14532;345,2;-3,2;0
2022-11-04 23:03:29;-36,79648;-73,08045;23;41,74;163;0;0;0;1;69;14532;345,3;-3,2;0
2022-11-04 23:03:59;-36,79648;-73,08045;23;41,76;163;0;0;0;1;69;14532;345,3;-3,2;0
2022-11-04 23:04:29;-36,79648;-73,08045;23;41,78;163;0;0;0;1;69;14532;345,3;-3,3;0
2022-11-04 23:04:59;-36,79648;-73,08045;23;41,8;163;0;0;0;1;69;14532;345,3;-3,2;0
2022-11-04 23:05:29;-36,79648;-73,08045;23;41,82;163;0;0;0;1;69;14532;345,3;-3,3;0
2022-11-04 23:05:59;-36,79648;-73,08045;23;41,84;163;0;0;0;1;69;14532;345,3;-3,3;0
2022-11-04 23:06:29;-36,79648;-73,08045;23;41,86;163;0;0;0;1;69;14532;345,3;-3,2;0
2022-11-04 23:06:59;-36,79648;-73,08045;23;41,88;163;0;0;0;1;69;14532;345,2;-3,2;0
2022-11-04 23:07:29;-36,79648;-73,08045;23;41,9;163;0;0;0;1;69;14532;345,3;-3,3;0
2022-11-04 23:07:59;-36,79648;-73,08045;23;41,92;163;0;0;0;1;69;14532;345,3;-3,3;0
2022-11-04 23:08:29;-36,79648;-73,08045;23;41,94;163;0;0;0;1;69;14532;345,3;-3,3;0
2022-11-04 23:08:59;-36,79648;-73,08045;23;41,96;163;0;0;0;1;69;14532;345,3;-3,3;0
2022-11-04 23:09:29;-36,79648;-73,08045;23;41,98;163;0;0;0;1;69;14532;345,3;-3,2;0
2022-11-04 23:09:59;-36,79648;-73,08045;23;42;163;0;0;0;1;69;14532;345,3;-3,2;0
2022-11-04 23:10:29;-36,79648;-73,08045;23;42,02;163;0;0;0;1;69;14532;345,3;-3,3;0
2022-11-04 23:10:59;-36,79648;-73,08045;23;42,04;163;0;0;0;1;69;14532;345,3;-3,2;0
2022-11-04 23:11:29;-36,79648;-73,08045;23;42,06;163;0;0;0;1;69;14532;345,3;-3,3;0
2022-11-04 23:11:59;-36,79648;-73,08045;23;42,08;163;0;0;0;1;69;14532;345,3;-3,2;0
2022-11-04 23:12:29;-36,79648;-73,08045;23;42,1;163;0;0;0;1;69;14532;345,3;-3,3;0
2022-11-04 23:12:59;-36,79648;-73,08045;23;42,12;163;0;0;0;1;69;14532;345,3;-3,3;0
2022-11-04 23:13:29;-36,79648;-73,08045;23;42,14;163;0;0;0;1;69;14532;345,3;-3,2;0
2022-11-04 23:13:59;-36,79648;-73,08045;23;42,16;163;0;0;0;1;69;14532;345,3;-3,2;0
2022-11-04 23:14:29;-36,79648;-73,08045;23;42,17;163;0;0;0;1;69;14532;345,3;-3,2;0
2022-11-04 23:14:59;-36,79648;-73,08045;23;42,2;163;0;0;0;1;69;14532;345,3;-3,3;0
2022-11-04 23:15:29;-36,79648;-73,08045;23;42,22;163;0;0;0;1;69;14532;345,3;-3,3;0
2022-11-04 23:15:59;-36,79648;-73,08045;23;42,24;163;0;0;0;1;69;14532;345,3;-3,2;0
2022-11-04 23:16:29;-36,79648;-73,08045;23;42,26;163;0;0;0;1;69;14532;345,3;-3,3;0
2022-11-04 23:16:59;-36,79648;-73,08045;23;42,28;163;0;0;0;1;69;14532;345,3;-3,3;0
2022-11-04 23:17:29;-36,79648;-73,08045;23;42,29;163;0;0;0;1;69;14532;345,5;-3,3;0
2022-11-04 23:17:59;-36,79648;-73,08045;23;42,31;163;0;0;0;1;69;14532;345,3;-3,3;0
2022-11-04 23:18:29;-36,79648;-73,08045;23;42,34;163;0;0;0;1;69;14532;345,3;-3,3;0
2022-11-04 23:18:59;-36,79648;-73,08045;23;42,36;163;0;0;0;1;69;14532;345,5;-3,3;0
2022-11-04 23:19:29;-36,79648;-73,08045;23;42,38;163;0;0;0;1;69;14532;345,3;-3,3;0
2022-11-04 23:19:59;-36,79648;-73,08045;23;42,4;163;0;0;0;1;69;14532;345,3;-3,3;0
2022-11-04 23:20:29;-36,79648;-73,08045;23;42,42;163;0;0;0;1;69;14532;345,3;-3,3;0
2022-11-04 23:20:59;-36,79648;-73,08045;23;42,43;163;0;0;0;1;69;14532;345,3;-3,3;0
2022-11-04 23:21:29;-36,79648;-73,08045;23;42,46;163;0;0;0;1;69;14532;345,3;-3,3;0
2022-11-04 23:21:59;-36,79648;-73,08045;23;42,47;163;0;0;0;1;69;14532;345,3;-3,3;0
2022-11-04 23:22:29;-36,79648;-73,08045;23;42,5;163;0;0;0;1;69;14532;345,5;-3,3;0
2022-11-04 23:22:59;-36,79648;-73,08045;23;42,51;163;0;0;0;1;69;14532;345,5;-3,3;0
2022-11-04 23:23:29;-36,79648;-73,08045;23;42,54;163;0;0;0;1;69;14532;345,3;-3,3;0
2022-11-04 23:23:59;-36,79648;-73,08045;23;42,55;163;0;0;0;1;69;14532;345,3;-3,3;0
2022-11-04 23:24:29;-36,79648;-73,08045;23;42,58;163;0;0;0;1;69;14532;345,3;-3,3;0
2022-11-04 23:24:59;-36,79648;-73,08045;23;42,59;163;0;0;0;1;69;14532;345,3;-3,3;0
2022-11-04 23:25:29;-36,79648;-73,08045;23;42,62;163;0;0;0;1;69;14532;345,3;-3,3;0
2022-11-04 23:25:59;-36,79648;-73,08045;23;42,63;163;0;0;0;1;69;14532;345,3;-3,3;0
2022-11-04 23:26:29;-36,79648;-73,08045;23;42,66;163;0;0;0;1;69;14532;345,3;-3,3;0
2022-11-04 23:26:59;-36,79648;-73,08045;23;42,67;163;0;0;0;1;69;14532;345,5;-3,3;0
2022-11-04 23:27:29;-36,79648;-73,08045;23;42,69;163;0;0;0;1;69;14532;345,3;-3,3;0
2022-11-04 23:27:59;-36,79648;-73,08045;23;42,71;163;0;0;0;1;69;14532;345,3;-3,3;0
2022-11-04 23:28:29;-36,79648;-73,08045;23;42,73;163;0;0;0;1;69;14532;345,3;-3,3;0
2022-11-04 23:28:59;-36,79648;-73,08045;23;42,75;163;0;0;0;1;69;14532;345,5;-3,3;0
2022-11-04 23:29:29;-36,79648;-73,08045;23;42,77;163;0;0;0;1;69;14532;345,3;-3,3;0
2022-11-04 23:29:59;-36,79648;-73,08045;23;42,79;163;0;0;0;1;69;14532;345,5;-3,3;0
2022-11-04 23:30:29;-36,79648;-73,08045;23;42,81;163;0;0;0;1;69;14532;345,3;-3,3;0
2022-11-04 23:30:59;-36,79648;-73,08045;23;42,84;163;0;0;0;1;69;14532;345,5;-3,3;0
2022-11-04 23:31:29;-36,79648;-73,08045;23;42,85;163;0;0;0;1;69;14532;345,5;-3,3;0
2022-11-04 23:31:59;-36,79648;-73,08045;23;42,87;163;0;0;0;1;69;14532;345,5;-3,3;0
2022-11-04 23:32:29;-36,79648;-73,08045;23;42,89;163;0;0;0;1;69;14532;345,5;-3,3;0
2022-11-04 23:32:59;-36,79648;-73,08045;23;42,91;163;0;0;0;1;69;14532;345,5;-3,3;0
2022-11-04 23:33:29;-36,79648;-73,08045;23;42,93;163;0;0;0;1;69;14532;345,5;-3,3;0
2022-11-04 23:33:59;-36,79648;-73,08045;23;42,95;163;0;0;0;1;69;14532;345,5;-3,3;0
2022-11-04 23:34:29;-36,79648;-73,08045;23;42,97;163;0;0;0;1;69;14532;345,3;-3,3;0
2022-11-04 23:34:59;-36,79648;-73,08045;23;42,99;163;0;0;0;1;69;14532;345,5;-3,3;0
2022-11-04 23:35:29;-36,79648;-73,08045;23;43,01;163;0;0;0;1;69;14532;345,3;-3,3;0
2022-11-04 23:35:59;-36,79648;-73,08045;23;43,03;163;0;0;0;1;69;14532;345,3;-3,3;0
2022-11-04 23:36:29;-36,79648;-73,08045;23;43,05;163;0;0;0;1;69;14532;345,3;-3,3;0
2022-11-04 23:36:59;-36,79648;-73,08045;23;43,07;163;0;0;0;1;69;14532;345,5;-3,3;0
2022-11-04 23:37:29;-36,79648;-73,08045;23;43,09;163;0;0;0;1;69;14532;345,5;-3,3;0
2022-11-04 23:37:59;-36,79648;-73,08045;23;43,11;163;0;0;0;1;69;14532;345,5;-3,3;0
2022-11-04 23:38:29;-36,79648;-73,08045;23;43,13;163;0;0;0;1;69;14532;345,5;-3,3;0
2022-11-04 23:38:59;-36,79648;-73,08045;23;43,15;163;0;0;0;1;69;14532;345,5;-3,3;0
2022-11-04 23:39:29;-36,79648;-73,08045;23;43,17;163;0;0;0;1;69;14532;345,5;-3,3;0
2022-11-04 23:39:59;-36,79648;-73,08045;23;43,19;163;0;0;0;1;69;14532;345,5;-3,3;0
2022-11-04 23:40:29;-36,79648;-73,08045;23;43,21;163;0;0;0;1;69;14532;345,5;-3,3;0
2022-11-04 23:40:59;-36,79648;-73,08045;23;43,23;163;0;0;0;1;69;14532;345,5;-3,3;0
2022-11-04 23:41:29;-36,79648;-73,08045;23;43,25;163;0;0;0;1;69;14532;345,5;-3,3;0
2022-11-04 23:41:59;-36,79648;-73,08045;23;43,27;163;0;0;0;1;69;14532;345,5;-3,3;0
2022-11-04 23:42:29;-36,79648;-73,08045;23;43,29;163;0;0;0;1;69;14532;345,5;-3,3;0
2022-11-04 23:42:59;-36,79648;-73,08045;23;43,31;163;0;0;0;1;69;14532;345,5;-3,3;0
2022-11-04 23:43:29;-36,79648;-73,08045;23;43,33;163;0;0;0;1;69;14532;345,5;-3,3;0
2022-11-04 23:43:59;-36,79648;-73,08045;23;43,35;163;0;0;0;1;69;14532;345,5;-3,3;0
2022-11-04 23:44:29;-36,79648;-73,08045;23;43,37;163;0;0;0;1;69;14532;345,5;-3,3;0
2022-11-04 23:44:59;-36,79648;-73,08045;23;43,39;163;0;0;0;1;69;14532;345,3;-3,3;0
2022-11-04 23:45:29;-36,79648;-73,08045;23;43,41;163;0;0;0;1;69;14532;345,5;-3,3;0
2022-11-04 23:45:59;-36,79648;-73,08045;23;43,43;163;0;0;0;1;69;14532;345,5;-3,3;0
2022-11-04 23:46:29;-36,79648;-73,08045;23;43,45;163;0;0;0;1;69;14532;345,5;-3,3;0
2022-11-04 23:46:59;-36,79648;-73,08045;23;43,47;163;0;0;0;1;69;14532;345,5;-3,3;0
2022-11-04 23:47:29;-36,79648;-73,08045;23;43,49;163;0;0;0;1;69;14532;345,5;-3,3;0
2022-11-04 23:47:59;-36,79648;-73,08045;23;43,51;163;0;0;0;1;69;14532;345,5;-3,3;0
2022-11-04 23:48:29;-36,79648;-73,08045;23;43,53;163;0;0;0;1;69;14532;345,5;-3,3;0
2022-11-04 23:48:59;-36,79648;-73,08045;23;43,55;163;0;0;0;1;69;14532;345,5;-3,3;0
2022-11-04 23:49:29;-36,79648;-73,08045;23;43,57;163;0;0;0;1;69;14532;345,5;-3,3;0
2022-11-04 23:49:59;-36,79648;-73,08045;23;43,59;163;0;0;0;1;69;14532;345,5;-3,3;0
2022-11-04 23:50:29;-36,79648;-73,08045;23;43,61;163;0;0;0;1;69;14532;345,5;-3,3;0
2022-11-04 23:50:59;-36,79648;-73,08045;23;43,63;163;0;0;0;1;69;14532;345,3;-3,3;0
2022-11-04 23:51:29;-36,79648;-73,08045;23;43,65;163;0;0;0;1;69;14532;345,5;-3,3;0
2022-11-04 23:51:59;-36,79648;-73,08045;23;43,67;163;0;0;0;1;69;14532;345,5;-3,3;0
2022-11-04 23:52:29;-36,79648;-73,08045;23;43,69;163;0;0;0;1;69;14532;345,5;-3,3;0
2022-11-04 23:52:59;-36,79648;-73,08045;23;43,71;163;0;0;0;1;69;14532;345,5;-3,3;0
2022-11-04 23:53:29;-36,79648;-73,08045;23;43,73;163;0;0;0;1;69;14532;345,5;-3,3;0
2022-11-04 23:53:59;-36,79648;-73,08045;23;43,75;163;0;0;0;1;69;14532;345,5;-3,3;0
2022-11-04 23:54:29;-36,79648;-73,08045;23;43,77;163;0;0;0;1;69;14532;345,5;-3,3;0
2022-11-04 23:54:59;-36,79648;-73,08045;23;43,79;163;0;0;0;1;69;14532;345,5;-3,3;0
2022-11-04 23:55:29;-36,79648;-73,08045;23;43,81;163;0;0;0;1;69;14532;345,5;-3,3;0
2022-11-04 23:55:59;-36,79648;-73,08045;23;43,82;163;0;0;0;1;69;14532;345,5;-3,3;0
2022-11-04 23:56:29;-36,79648;-73,08045;23;43,85;163;0;0;0;1;69;14532;345,7;-3,3;0
2022-11-04 23:56:59;-36,79648;-73,08045;23;43,87;163;0;0;0;1;69;14532;345,5;-3,3;0
2022-11-04 23:57:29;-36,79648;-73,08045;23;43,89;163;0;0;0;1;69;14532;345,5;-3,3;0
2022-11-04 23:57:59;-36,79648;-73,08045;23;43,9;163;0;0;0;1;69;14532;345,5;-3,2;0
2022-11-04 23:58:29;-36,79648;-73,08045;23;43,93;163;0;0;0;1;69;14532;345,5;-3,3;0
2022-11-04 23:58:59;-36,79648;-73,08045;23;43,95;163;0;0;0;1;69;14532;345,5;-3,3;0
2022-11-04 23:59:29;-36,79648;-73,08045;23;43,97;163;0;0;0;1;69;14532;345,5;-3,3;0
